449	2	0	15	3	2
0
Ind	Pop	0C11	1G13	G07	1F02	FIR031	GOT009	POR016	FIR013	FIR043	GOTO40	PIE039	FIR53	FIR048	PIE125	QpZAG9
QAc-G-0029	Garden	210212	171175	206206	165165	148148	225239	118118	135139	116116	232232	165165	137140	206210	139145	256262
QAc-G-0030	Garden	210202	175185	206206	165165	148160	225229	118118	139139	116112	232232	165165	134134	206206	151151	262246
QAc-G-0031	Garden	212202	175185	206206	165165	148146	229235	118118	139139	116112	232232	165167	137134	206210	151151	262262
QAc-G-0061	Garden	212226	185181	206206	165173	148146	229229	118118	139139	116118	232232	165165	140140	206210	151151	262258
QAc-G-0062	Garden	226216	175179	206206	163167	154154	239235	118118	139139	122122	232232	165167	137134	190202	139157	258254
QAc-G-0063	Garden	200200	181179	206206	161161	148150	239237	118118	135139	122114	232232	165165	137134	206214	139154	254250
QAc-G-0064	Garden	202216	179179	206206	161161	138138	239233	124124	139139	120130	232232	165165	137134	202202	151157	256258
QAc-G-0065	Garden	202226	171175	206206	167167	160166	233227	118118	139139	120130	232232	165165	137137	202202	151157	258258
QAc-G-0066	Garden	226200	181181	206206	161161	148146	225235	118118	139139	116122	232232	165167	134134	210212	151157	250250
QAc-G-0067	Garden	202226	171175	206206	161161	166164	227227	118124	139139	118118	232232	165165	137137	206192	151157	258254
QAc-G-0068	Garden	226200	175181	206206	161161	142142	225235	116116	137137	122122	232232	165167	137137	210212	151157	256254
QAc-G-0070	Garden	226200	175179	206206	161161	144144	239235	118118	139139	116116	232232	165167	137137	212204	145157	254250
QAc-G-0071	Garden	212226	173173	000000	000000	144144	225235	118118	139139	122122	232232	165167	134134	210210	139151	250242
QAc-G-0072	Garden	212200	181173	206206	161161	148146	225239	118118	139139	116124	232232	165165	137137	210212	151157	250250
QAc-G-0073	Garden	212200	171173	206206	167161	144144	235235	118118	135135	116114	232232	165165	140140	192184	139157	258252
QAc-G-0074	Garden	200200	181173	206206	161161	148140	235237	118118	139139	112114	232232	165161	137134	214204	139154	258258
QAc-G-0075	Garden	212202	171175	206206	163161	144140	235237	118118	139139	116114	232232	165161	140134	214216	151157	246248
QAc-G-0076	Garden	200200	175173	206206	161153	138158	239245	118118	135139	116130	232232	165161	140140	210208	151151	258258
QAc-G-0077	Garden	202216	181181	206206	165173	148146	239233	118118	139139	116116	232232	165165	140140	210200	151151	262262
QAc-G-0078	Garden	210202	175185	206206	165165	148160	225229	118118	139139	116112	232232	165165	140134	210200	151151	262262
QAc-G-0079	Garden	210200	171185	206206	165165	148146	229229	118118	139139	116112	232232	165165	134134	210200	151151	262262
QAc-G-0080	Garden	226224	171181	206206	173167	146162	235241	118118	139139	118118	232232	165161	137134	192184	145163	256242
QAc-G-0081	Garden	200218	185177	206206	163171	148152	237231	118118	135135	116114	232232	165165	137134	202198	151157	254242
QAc-G-0082	Garden	200222	171183	206208	163167	146162	237237	118118	135135	116110	232232	165161	137134	190194	157142	252252
QAc-G-0083	Garden	216200	179173	206206	161161	146146	239233	118118	139139	116112	232232	165165	140140	204194	151151	254242
QAc-G-0001	Garden	000000	000000	206206	165165	148160	225229	118118	139139	116118	232232	165165	134134	210200	151151	262262
QAc-G-0002	Garden	210202	171185	206206	165165	148146	225229	118118	139139	116118	232232	165165	140134	206210	139151	262262
QAc-G-0285	Garden	200228	179177	206206	165165	148146	237237	118118	139137	122122	232232	165165	137134	194194	151151	254250
QAc-G-0286	Garden	212200	181173	206206	161161	146144	225235	118118	139139	122122	232232	165167	137134	210210	151154	254250
QAc-G-0287	Garden	212200	181173	206206	161161	148148	239239	118118	139139	122122	232232	165165	137134	214212	139151	250250
QAc-G-0288	Garden	226200	000000	206206	161161	148148	225239	118118	139137	116116	232232	165165	137134	206214	154154	250250
QAc-G-0289	Garden	226200	181181	206206	161161	148146	239239	118118	139139	122114	232232	165165	137137	210212	139151	256250
QAc-G-0290	Garden	226200	181173	206206	161161	148148	225239	118118	139139	122122	232232	165165	137137	210212	151157	256254
QAc-G-0291	Garden	226200	181173	206206	165161	148146	239239	118118	139139	122122	232232	165165	137134	210186	139151	250250
QAc-G-0292	Garden	200214	181179	206206	163161	154154	239237	118118	139139	116122	232232	165165	137134	194186	139151	254250
QAc-G-0293	Garden	212228	173177	206206	165161	146146	225239	118118	139139	122122	232232	165165	134134	210194	151151	250242
QAc-G-0294	Garden	212200	171171	206206	165163	150152	235245	118124	135139	116116	232232	165161	137134	210202	151157	246258
QAc-G-0295	Garden	200208	173173	206206	165167	146138	239239	118118	139139	116116	232232	165165	140140	192216	157157	246248
QAc-G-0296	Garden	200224	181173	206206	161161	144140	235237	118124	139139	120130	232232	165165	137140	192208	151157	246258
QAc-G-0297	Garden	200220	171187	206206	161179	140162	237237	118118	139137	114114	232232	165161	137140	192188	139157	248260
QAc-G-0298	Garden	212208	000000	206206	165161	138144	237237	118118	139139	116120	232232	161161	140134	192216	139157	256258
QAc-G-0299	Garden	200200	171181	206206	161157	150144	239237	118118	139139	114114	232232	165161	140140	206216	139151	258248
QAc-G-0300	Garden	212200	171173	206206	163167	144140	235233	118118	139139	116130	232232	165165	137137	192208	157157	256258
QAc-G-0301	Garden	212202	171171	206206	167161	140140	239235	118118	139139	114120	232232	165165	140134	210192	139157	254248
QAc-G-0302	Garden	210208	171187	206208	163161	148166	237227	118118	139137	114124	232238	165165	137134	200194	157160	256246
QAc-G-0303	Garden	210200	171171	206206	163149	150166	227243	118118	139139	122122	232232	165165	137137	194194	145160	242248
QAc-G-0304	Garden	212224	173173	206206	161161	146146	239239	118118	139139	116122	232232	165165	134134	212186	139151	256250
QAc-G-0305	Garden	200214	181173	206206	161161	146144	239235	118118	139139	116118	232232	165167	137134	210200	154154	254242
QAc-G-0306	Garden	226200	181181	206206	161161	148148	235235	118118	139139	122122	232232	165167	134134	210212	151154	254250
QAc-G-0307	Garden	210216	171175	206206	165173	146154	229235	118118	139139	118114	232232	165165	134134	206184	151157	256262
QAc-G-0308	Garden	212226	181181	206206	173173	144158	235235	118118	139137	116118	232232	165165	140134	210184	151151	256262
QAc-G-0309	Garden	210200	171175	206198	165165	148146	229235	118118	139139	116112	232232	165167	137140	206210	139151	262262
QAc-G-0310	Garden	212200	171175	206206	165165	148146	229229	118118	139139	116112	232232	165165	137140	206206	151151	262262
QAc-G-0311	Garden	210226	181181	206206	173173	146162	229235	118118	139139	118118	232232	165165	140134	206184	139145	262252
QAc-G-0312	Garden	210216	171175	206206	173161	146152	235241	118118	139139	116118	232232	165165	137134	192184	145163	256248
QAc-G-0313	Garden	212202	171173	206204	165163	146154	237231	118118	139143	116112	232232	165167	137134	208198	157154	258254
QAc-G-0314	Garden	212202	173183	206206	163177	148152	237231	118118	139139	116114	232238	165161	137140	206196	157157	256258
QAc-G-0315	Garden	212206	173187	206218	163177	154150	233231	118118	139139	114134	232238	165167	137140	206202	151157	258250
QAc-G-0316	Garden	212200	179187	206208	163171	148154	225231	118118	139139	118118	232232	165165	137137	206198	151157	258264
QAc-G-0032	Garden	212202	175175	206206	167161	164144	235227	116116	137137	122114	232238	165165	137134	192188	000000	248248
QAc-G-0033	Garden	200200	171171	206206	161161	148140	235233	118124	139139	116114	232232	165165	137140	206216	151157	246248
QAc-G-0034	Garden	210212	171171	206206	167161	148144	235233	118118	139139	116120	232232	165165	140134	206192	139145	258248
QAc-G-0035	Garden	200200	181189	206206	165161	144152	235233	118124	135139	116114	232232	165165	137134	190202	157157	254260
QAc-G-0036	Garden	212212	181187	206206	161161	148144	235237	118124	139139	112120	232232	165161	137140	206216	157154	258248
QAc-G-0037	Garden	200200	181173	206206	165167	146152	239235	118124	135139	116130	232220	165165	140134	210192	157157	258252
QAc-G-0038	Garden	200200	173173	206206	161161	144140	237237	118124	135139	116114	232232	161161	140134	190208	157157	258248
QAc-G-0039	Garden	210212	181173	206206	165163	148152	235237	118118	135139	116116	232232	165165	137137	202208	157157	246258
QAc-G-0040	Garden	200224	173173	206206	165161	158152	233243	118118	139139	116114	232232	165165	134134	212192	151157	258248
QAc-G-0041	Garden	200200	179173	206206	165161	144140	235243	118124	135139	116120	232220	165165	140134	184216	157157	258258
QAc-G-0042	Garden	200200	181173	206206	161161	144144	237237	118118	139139	120130	232232	165161	137140	192208	151157	256248
QAc-G-0043	Garden	212200	181173	206206	165161	138144	237243	118118	135135	116130	232232	165161	140134	210184	151157	258260
QAc-G-0044	Garden	200200	173173	206206	161161	148144	237237	118124	139139	114128	232232	165161	137134	206216	151157	256248
QAc-G-0045	Garden	200200	171181	206206	161161	144140	235233	118118	139139	116118	232232	165165	140134	206192	139157	258258
QAc-G-0046	Garden	212200	185187	206206	165165	144152	235233	118118	135135	116116	232232	165165	140134	202184	157157	258258
QAc-G-0047	Garden	200200	181173	206206	165167	148152	235237	118118	135139	116116	232232	165165	137140	202200	151157	258260
QAc-G-0048	Garden	200224	171173	206206	163167	138144	239237	118118	135135	116116	232232	165165	137140	192208	157157	246258
QAc-G-0049	Garden	212202	175175	206206	165165	148146	225235	118118	139139	116118	232232	165167	137140	210200	151151	262262
QAc-G-0050	Garden	210216	171175	206206	173171	146150	239235	118118	137137	116116	232232	165167	137134	186196	151160	256244
QAc-G-0051	Garden	210202	175185	206206	165165	146146	229235	118118	139139	116112	232232	165167	140134	210200	139151	262242
QAc-G-0052	Garden	212216	175191	206206	173167	146158	235235	118118	139139	116118	232232	165165	137134	206184	151157	262252
QAc-G-0053	Garden	212226	181181	206206	173173	148148	239233	118118	135139	116118	232232	165165	140140	206206	151151	262262
QAc-G-0054	Garden	210226	181187	206206	173167	146158	235243	118118	139141	118114	232238	165165	134134	192184	145163	256252
QAc-G-0055	Garden	210226	171181	206206	165173	146158	235237	118118	139139	118114	232232	165161	134134	184196	145142	256252
QAc-G-0056	Garden	216196	175187	206206	161161	138158	235237	118118	139139	118124	232232	165165	137149	210190	145160	256256
QAc-G-0057	Garden	210200	171175	206206	165165	148160	229235	118118	139139	116118	232232	165167	140134	210200	151151	262242
QAc-G-0058	Garden	210202	171185	206206	165165	148160	229235	118118	139139	000000	232232	165167	134134	206206	139151	262242
QAc-G-0059	Garden	210216	175185	206206	173171	146146	235237	118118	135135	118118	232232	165161	134131	202184	145157	252252
QAc-G-0060	Garden	226208	175185	206206	173173	148146	239235	118118	139139	000000	226226	165165	140134	206210	151151	256258
QAc-G-0276	Garden	226224	181173	206206	161161	144152	239235	118118	139139	112122	232232	165167	140134	210194	139154	242242
QAc-G-0279	Garden	226200	175181	206206	161161	148146	225235	118118	139139	116124	232232	165167	137134	210210	151154	256250
QAc-G-0280	Garden	212200	000000	206206	161161	148146	225239	118118	139139	124124	232232	165165	134134	210208	151157	256254
QAc-G-0281	Garden	210226	181173	206206	173173	148146	229235	118118	139139	118118	232232	165165	140134	210202	139145	256242
QAc-G-0018	Garden	212200	171173	206206	167161	148144	235235	118118	139139	118126	232232	165165	140134	206216	139157	258248
QAc-G-0019	Garden	212224	173173	206206	167161	144144	233233	118118	139139	116130	232232	165165	137137	206192	151157	256254
QAc-G-0020	Garden	200200	173173	206206	165165	144152	233243	118124	135139	116116	234234	165165	137134	192184	157157	258252
QAc-G-0021	Garden	202202	171173	206206	000000	146152	235237	118124	135139	116130	232220	165161	140140	210192	157157	258252
QAc-G-0022	Garden	202200	171187	206206	000000	138140	239237	118118	139139	116114	232232	165165	137140	192192	145157	258242
QAc-G-0023	Garden	210200	171181	206206	165173	160162	229235	118118	139139	112118	232232	165167	140134	206206	139151	242242
QAc-G-0024	Garden	212200	171171	206206	165165	148160	229229	118118	139139	116118	232232	165165	137140	206206	139151	262246
QAc-G-0016	Garden	210226	181173	206206	173161	146142	235233	118118	139139	118120	238238	165161	134134	184200	145154	252248
QAc-G-0017	Garden	210202	171183	206204	163167	144144	239231	118118	139139	122122	232232	165165	137134	202204	157157	258248
QAc-G-0250	Garden	226224	179173	206206	161161	150152	225235	118118	139139	112124	232232	165167	134134	202200	157154	252252
QAc-G-0003	Garden	226200	000000	206206	161161	146144	235235	118118	139139	116122	232232	165167	137137	210214	151154	256250
QAc-G-0004	Garden	210200	171171	206204	165163	166152	227231	118118	139139	116122	232232	165161	137134	192200	163160	248260
QAc-G-0005	Garden	202226	171175	206206	167161	166166	227227	118118	139139	122130	232232	165165	137137	206192	151157	258258
QAc-G-0006	Garden	200208	171183	206206	163163	150166	237227	118118	139139	000000	232240	165165	134134	190194	154160	252252
QAc-G-0283	Garden	220238	183187	206206	163167	138144	235237	118118	139139	112114	232232	165165	137134	190194	157154	242242
QAc-G-0265	Garden	200224	171171	206208	165165	160146	235235	118118	139139	112112	232232	167153	137134	206190	151151	246254
QAc-G-0266	Garden	212202	175175	206206	165165	148146	225235	118118	139139	116118	232232	165167	140134	206210	139151	262242
QAc-G-0267	Garden	216224	179173	206206	165167	144144	239233	118118	139139	112112	232232	165165	140140	192194	157154	256248
QAc-G-0268	Garden	226200	000000	206206	161161	148150	241241	118118	000000	122122	232236	165169	134134	210208	151154	000000
QAc-G-0269	Garden	212200	175181	206206	161161	148146	239239	118118	139139	116122	232232	165165	134134	210214	151157	250250
QAc-G-0270	Garden	212224	171173	206206	161161	148140	237237	118118	139139	120130	232232	165161	137140	206216	000000	256258
QAc-G-0271	Garden	202121	171187	206206	163167	144140	235233	118124	139137	116116	232232	165165	137140	202214	157157	246254
QAc-G-0272	Garden	200224	181173	206206	161161	148144	237237	118118	139139	116114	232232	165161	137134	206192	000000	246248
QAc-G-0273	Garden	210216	175173	206206	165173	148158	229235	118118	139139	118118	232232	165165	137134	202184	139151	256242
QAc-G-0274	Garden	202216	171179	206206	167161	138166	239233	124124	139139	120130	232232	165165	137137	206202	151157	256258
QAc-G-0251	Garden	210212	171171	206206	161161	144140	235237	118124	139139	120130	232232	165161	137134	206216	000000	256248
QAc-G-0252	Garden	210212	171173	206206	161161	138140	235237	118118	139137	114120	232232	165161	134134	210192	157157	258248
QAc-G-0253	Garden	216200	175173	206206	165173	146162	229235	118114	139139	118118	232232	165165	134134	206184	139145	242252
QAc-G-0254	Garden	210202	175185	206206	165165	148146	229229	118114	139139	116118	232232	165165	137140	206210	151151	262242
QAc-G-0255	Garden	200208	171183	206206	161171	134134	235227	118118	139137	114126	232238	165165	137140	200200	151157	254254
QAc-G-0256	Garden	200214	171181	206206	163161	146166	233227	118118	139139	122114	232238	165165	137134	202200	151160	248248
QAc-G-0257	Garden	210206	171191	206206	163161	138138	235227	118118	139137	122130	232232	165165	137143	202200	157160	256248
QAc-G-0258	Garden	210204	171183	206206	163161	144134	237227	118122	139137	122122	238244	165161	137140	202200	151157	254248
QAc-G-0259	Garden	200190	163165	206208	163155	146152	245251	118118	143143	114120	238238	167155	137137	184184	157160	260276
QAc-G-0260	Garden	226200	185173	206206	161171	138138	233245	118118	139139	122130	238238	165165	137140	206220	151163	256250
QAc-G-0261	Garden	226216	171175	206206	167171	138156	239237	118124	139139	116122	232232	165161	137137	202198	157163	258248
QAc-G-0262	Garden	226200	175173	206206	163171	138156	239237	118114	139139	112122	232238	165165	137137	202202	151163	248248
QAc-G-0010	Garden	200228	179177	206206	165161	148148	235237	118118	135139	122122	232232	165167	137134	206194	151154	254250
QAc-G-0011	Garden	210212	179173	206206	163167	148154	231231	118118	141141	116114	232232	165165	137137	206198	157157	258258
QAc-G-0015	Garden	210202	175183	206206	165165	160144	229237	118118	139139	118118	232232	165165	137134	206202	145151	242252
QAc-G-0106	Garden	210198	171191	206206	161161	166140	237227	118118	139139	122120	238238	165161	134143	202200	151163	248248
QAc-G-0107	Garden	210214	171187	206206	163161	148144	227245	118112	139139	122126	232238	165165	137134	202194	151151	248248
QAc-G-0108	Garden	210232	171173	206206	163161	144144	239227	118118	139137	114114	238238	165161	137134	202200	151151	246258
QAc-G-0109	Garden	210216	171173	206204	163167	144144	239227	118118	139139	118114	232232	165161	137134	206200	142160	242248
QAc-G-0110	Garden	200200	171187	206206	161175	144144	235227	118118	139139	114114	232238	165161	137134	210200	151154	242248
QAc-G-0111	Garden	210200	171187	206206	163167	146144	237227	118118	139139	116122	232238	165165	137134	194194	157160	242248
QAc-G-0112	Garden	210210	171183	206218	165161	144144	237227	118118	139139	122122	238238	165165	137134	200186	151151	256246
QAc-G-0113	Garden	226216	171171	206206	173161	150144	237227	118118	139137	114124	232238	165165	134134	194194	151157	258248
QAc-G-0114	Garden	200206	171183	206206	161157	148148	235227	118118	139137	122126	232232	165165	140134	194188	157160	248260
QAc-G-0115	Garden	212200	171183	206206	163169	166158	239227	118118	139137	122128	238238	165167	137137	204200	157160	252248
QAc-G-0116	Garden	210206	171171	206206	163161	144152	239227	118118	139139	118122	232232	165167	137134	202200	151160	242248
QAc-G-0117	Garden	200214	171171	206206	167161	146144	237233	118118	139139	116118	232232	165161	137137	202194	151157	258252
QAc-G-0118	Garden	200206	171179	206206	161157	144134	237227	118118	139137	122128	232238	165161	134143	204200	151157	256246
QAc-G-0119	Garden	200208	171183	206206	163163	160166	237227	118124	139137	118114	238240	165165	140134	200198	157160	246254
QAc-G-0120	Garden	210212	171183	206206	161175	144152	237227	118118	139137	118114	232232	165165	137128	194188	151157	246254
QAc-G-0121	Garden	202200	171173	206206	167167	166166	227241	118124	139139	120130	232232	165165	137134	202202	151157	256254
QAc-G-0122	Garden	202200	179173	206206	161161	166166	239241	118118	139139	122122	232232	165165	137134	206202	151157	258258
QAc-G-0123	Garden	216216	171171	206206	167167	140140	227241	124124	139139	122120	232232	165165	137140	202192	157157	256254
QAc-G-0124	Garden	202216	171171	206206	167161	140140	227241	118118	139139	000000	232232	165165	137137	206192	151157	256254
QAc-G-0125	Garden	202222	179173	206204	165167	146146	239227	118124	139139	116122	232232	165165	137137	206200	157163	258254
QAc-G-0126	Garden	202206	171173	206206	173167	144144	239235	118118	139139	118122	232238	165165	137137	202196	157157	258240
QAc-G-0127	Garden	202216	171179	206206	161161	138138	233227	118124	137137	122128	232232	165165	137137	206202	139157	256258
QAc-G-0128	Garden	202226	171175	206206	167161	166166	239233	118118	139139	122122	232232	165165	137137	206192	151157	256258
QAc-G-0129	Garden	226216	171171	206206	167161	166140	233227	118124	139139	122122	232232	165165	137137	206192	157157	256254
QAc-G-0130	Garden	216216	179179	206206	167161	144144	233227	118118	137137	122128	232232	165165	137137	202202	151157	258258
QAc-G-0131	Garden	202200	171173	206206	167167	166164	233227	118118	139139	118122	232232	165165	137137	202192	151157	256254
QAc-G-0132	Garden	202216	171171	206206	161161	146146	227241	124124	139139	122130	232232	165165	137137	204200	151157	258258
QAc-G-0133	Garden	202202	179179	206206	161161	138138	239233	118124	139139	122130	232232	165161	137137	206202	139157	258258
QAc-G-0134	Garden	226200	171175	206206	167167	160140	227241	118118	139139	122128	232232	165165	137137	192192	151157	258254
QAc-G-0135	Garden	210200	171183	206206	163169	148166	237227	118118	139137	116114	232244	165165	134134	204200	157160	256246
QAc-G-0136	Garden	210216	171187	206206	163161	144144	235227	118118	139139	112122	232232	165167	137134	200194	151160	252248
QAc-G-0137	Garden	210200	171171	206206	163161	150166	227241	118118	139139	122120	232232	165165	137134	198194	151157	248260
QAc-G-0138	Garden	210216	171183	206206	161171	154166	237227	118118	139139	118114	238238	165165	137134	200194	151151	242242
QAc-G-0139	Garden	200206	171173	206206	163169	144152	235227	118124	139137	122120	238244	165165	137134	200194	157160	258248
QAc-G-0140	Garden	214214	171181	206206	163161	146144	233233	118118	139139	000000	238238	165165	137137	202192	151160	258248
QAc-G-0141	Garden	200214	171181	206206	167161	144162	235245	118118	139139	114124	232232	165165	137134	202192	151151	258242
QAc-G-0142	Garden	210204	171183	206206	161157	144134	237227	118118	139137	122114	232238	165165	137134	204200	151157	246260
QAc-G-0143	Garden	212208	187193	206206	173169	148140	239237	118118	139139	108108	234234	161173	137137	180180	154154	254248
QAc-G-0144	Garden	210204	171173	206230	163177	142144	237227	118118	139139	000000	232236	165167	140134	200194	154160	252252
QAc-G-0145	Garden	212200	175173	206206	161161	144144	225235	118118	139139	122114	232232	165167	137134	210214	151154	250250
QAc-G-0146	Garden	202226	171179	206206	167161	140140	239233	118124	139139	118120	232232	165165	137137	202192	151157	256254
QAc-G-0147	Garden	216214	171173	206204	163161	138138	239235	118118	139139	114120	232232	165165	137137	206202	151157	256248
QAc-G-0148	Garden	214214	173187	206206	165161	150150	235233	118118	139139	120126	232238	165167	137137	198194	157163	256248
QAc-G-0149	Garden	202200	179173	206206	167167	166164	233227	118124	139139	122120	232232	165165	137137	206202	151157	258254
QAc-G-0150	Garden	226200	175181	206206	161161	148146	235235	118118	139139	122122	232232	165167	137134	210212	151157	250250
QAc-G-0151	Garden	226216	171179	206206	161161	140140	227241	118124	139139	122122	232232	165165	137140	202192	151157	258254
QAc-G-0152	Garden	226216	171179	206206	167167	140140	239241	118124	139139	118120	232232	165165	137140	206192	157157	256254
QAc-G-0153	Garden	226216	179177	206206	167161	140140	237227	124124	139139	122122	232232	165161	137137	202192	151157	256258
QAc-G-0154	Garden	202216	171179	206206	161161	144144	239233	118124	139139	122128	232232	165161	137134	206202	151157	258258
QAc-G-0155	Garden	216216	171179	206206	167161	140140	239233	118124	139139	122120	232232	165165	137140	202192	151157	258254
QAc-G-0158	Garden	226216	175179	206206	167167	166166	233227	118118	139139	122128	232232	165165	137137	206202	151157	256254
QAc-G-0159	Garden	212200	171175	206206	163163	146166	237227	118118	139137	122122	232238	165161	137134	204196	151160	258258
QAc-G-0160	Garden	212200	181181	206206	161161	148148	239239	118118	139139	122122	232232	165165	137134	212186	151154	250250
QAc-G-0161	Garden	212200	181173	206206	161161	148146	239239	118118	139139	122114	232232	165165	134134	210186	151154	250250
QAc-G-0162	Garden	200224	175173	206206	161161	148154	239235	118118	139139	112114	232232	165167	134134	216194	157154	258252
QAc-G-0163	Garden	212224	173173	206206	161161	150152	239237	118118	139139	122122	232232	165165	134134	210186	151154	256250
QAc-G-0164	Garden	212200	181173	206206	161159	146146	225225	118118	139139	122114	232232	165165	137134	210186	145151	250250
QAc-G-0165	Garden	226200	175181	206206	161161	144144	239239	118118	139139	122114	232232	165165	137137	214212	151157	256254
QAc-G-0166	Garden	226200	175173	206206	161161	148148	239239	118118	139139	122114	232232	165165	134134	210208	151154	256250
QAc-G-0167	Garden	212200	175173	206206	161161	148146	239239	118118	139139	116124	232232	165165	137137	210214	151157	250250
QAc-G-0168	Garden	212200	175181	206206	161161	148146	239239	118118	139139	122114	232232	165165	134134	210210	151154	250250
QAc-G-0169	Garden	200206	000000	206206	161157	148148	235235	118118	137137	122106	232232	167167	137137	214200	157154	254254
QAc-G-0170	Garden	212200	175173	206206	161161	146144	225235	118118	139139	122122	232232	165167	137137	210210	151157	256254
QAc-G-0171	Garden	212224	173173	206206	161161	146146	225239	118118	139139	116122	232232	165165	137134	212212	139151	256250
QAc-G-0172	Garden	210200	171175	206206	167161	166152	227231	118118	139139	118114	232238	165161	137137	214194	151163	242242
QAc-G-0173	Garden	212228	173177	206206	165161	146144	225239	118118	139139	122122	232232	165165	134134	210194	151151	250242
QAc-G-0174	Garden	228214	179177	206206	165161	144144	235233	118118	139139	112122	232232	165167	137134	210194	139151	250248
QAc-G-0175	Garden	226200	181181	206206	161161	146144	235235	118118	139139	116122	232232	165167	134134	214212	151154	250250
QAc-G-0176	Garden	212200	181173	206206	161161	148148	225239	118118	139139	122122	232232	165165	137134	212216	151157	256252
QAc-G-0177	Garden	212200	181173	206206	161161	148148	235235	118118	139139	122122	232232	165167	137134	210214	151154	256254
QAc-G-0178	Garden	226226	179173	206206	161159	146146	225225	118118	139137	122114	232232	165165	137134	206210	145151	254250
QAc-G-0179	Garden	212224	173173	206206	161161	146146	239239	118118	139139	000000	232232	165165	134134	210214	151154	256250
QAc-G-0180	Garden	212200	181173	206206	161161	148148	239239	118118	139139	122114	232232	165165	137134	214212	151154	250250
QAc-G-0181	Garden	226200	181173	206206	161161	152152	239239	118118	139139	122114	232232	165165	137137	210214	151154	250250
QAc-G-0182	Garden	226200	179173	206204	161161	146146	239233	118118	139139	112122	232232	165165	137134	194186	154154	250248
QAc-G-0183	Garden	226200	181181	206204	161161	148146	225239	118118	139139	116124	232232	165165	137134	210186	000000	256250
QAc-G-0184	Garden	226200	175181	206206	161161	144144	239239	118118	139139	122114	232232	165165	137134	210210	151154	250250
QAc-G-0185	Garden	226200	181179	206206	161161	144144	239239	118118	139137	114114	232232	165165	137134	206210	154154	254250
QAc-G-0186	Garden	212224	173173	206206	161161	152152	239239	118118	139139	122114	232232	165165	137134	212186	151154	250250
QAc-G-0187	Garden	200200	175181	206206	161159	148148	225235	118118	139137	116116	232232	165167	137134	206210	157154	250250
QAc-G-0188	Garden	200208	181183	206206	161171	144152	239237	118118	137137	116126	232232	165165	134143	202214	157157	254250
QAc-G-0189	Garden	226200	181173	206206	161161	148146	235235	118118	139139	122122	232232	167167	137134	210214	139154	250242
QAc-G-0190	Garden	212200	175173	206206	161161	148148	225235	118118	139139	122122	232232	165167	137134	210212	151157	256254
QAc-G-0191	Garden	212200	175173	206206	161161	148148	225235	118118	139139	122122	232232	165167	137134	210214	151157	256254
QAc-G-0192	Garden	212200	181173	206206	161161	148146	225239	118118	139139	122122	232232	165165	137134	212186	139151	250250
QAc-G-0193	Garden	212200	181181	206206	161161	148146	239239	118118	139139	122114	232232	165165	137137	210212	151157	256250
QAc-G-0194	Garden	212200	181173	206206	161161	148146	235235	118118	139139	122114	232232	165167	137137	210210	151157	256250
QAc-G-0195	Garden	200228	179177	206206	165165	148146	239239	118118	139139	122114	232232	165165	140134	210194	151154	242242
QAc-G-0196	Garden	200224	175177	206206	161161	148148	239235	118118	139139	116116	232232	165167	137134	210194	139154	250250
QAc-G-0197	Garden	212200	181173	206206	161161	146146	239239	118118	139139	122122	232232	165165	134134	212186	139151	256250
QAc-G-0198	Garden	200224	175173	206206	161161	148148	239239	118118	139139	122114	232232	165165	137134	214214	139157	250250
QAc-G-0199	Garden	226200	181179	206206	161161	144144	225235	118118	139139	122114	232232	165167	137137	214184	157154	254254
QAc-G-0200	Garden	212200	181173	206206	161161	144144	239235	118118	139139	116124	232232	165167	137134	210208	151154	256250
QAc-G-0201	Garden	200224	181177	206206	161161	148146	239235	120120	139139	116116	232232	165167	137137	214194	139154	250250
QAc-G-0202	Garden	000000	181173	206206	165161	144144	225235	118118	139139	122122	232232	165167	137134	210194	139151	250242
QAc-G-0203	Garden	226200	181181	206206	161161	148146	225239	118114	139139	122122	232232	165165	134134	210186	151154	250250
QAc-G-0204	Garden	212200	175173	206206	161161	146144	225235	118118	139139	116124	232232	165167	134134	210210	151157	254250
QAc-G-0205	Garden	210202	175185	206206	165165	148146	225229	118118	139139	116118	232232	165165	134134	206206	139151	262262
QAc-G-0206	Garden	210208	185185	206206	165171	148146	225235	118118	139137	116112	232232	165161	140134	206202	139157	262252
QAc-G-0207	Garden	216200	175173	206206	165173	158162	229235	118118	139137	118118	232232	165165	137137	210184	139151	256242
QAc-G-0208	Garden	212202	171175	206206	165165	148160	225235	118118	139139	116118	232232	165167	137140	206206	151151	262242
QAc-G-0209	Garden	210200	175185	206206	165165	146146	225235	118118	139139	116118	232232	165167	137134	206206	139151	262242
QAc-G-0210	Garden	210226	185181	206206	165173	148146	235241	118112	139137	116116	232232	165165	140140	206200	139151	262262
QAc-G-0211	Garden	210216	175181	206206	173173	148146	229235	118112	139139	118118	232232	165165	137140	202184	139145	242252
QAc-G-0212	Garden	212202	175181	206206	165173	148138	229235	118118	139139	116116	232232	165165	134134	206206	139151	256262
QAc-G-0213	Garden	200218	181173	206206	165173	146162	229235	118118	139139	118118	232232	165165	140140	206206	151151	256262
QAc-G-0214	Garden	212202	175175	206206	165165	148146	229229	118118	139139	116112	232232	165165	134134	206210	139151	262246
QAc-G-0215	Garden	216208	175185	206206	173173	148146	235235	118118	139139	118118	232232	165165	134134	206184	145151	256246
QAc-G-0216	Garden	200200	171171	206208	165163	146146	235237	118118	139139	118122	232236	165167	137134	210194	151151	242252
QAc-G-0217	Garden	202202	171181	206206	173173	148138	229235	118118	139139	116118	232232	165165	137137	206194	145157	262242
QAc-G-0218	Garden	202218	181181	206206	173173	148138	235235	118114	139139	116116	232232	165165	137140	210210	151157	256242
QAc-G-0219	Garden	212226	181181	206206	173167	146144	235241	118114	139139	118118	232244	165165	140134	206210	151157	262252
QAc-G-0220	Garden	212218	181181	206206	165173	138156	229241	118118	139139	118138	232232	165165	137140	206210	151157	262246
QAc-G-0221	Garden	210218	185181	206206	173173	138138	239235	118118	139139	116116	232232	165165	140140	206194	151151	262258
QAc-G-0222	Garden	212200	175185	206206	165165	148146	225229	118118	139139	116118	232232	165165	137140	206206	139151	262246
QAc-G-0223	Garden	210218	171181	206206	165173	148138	229235	118118	139139	118118	232232	165165	137140	206210	151157	262242
QAc-G-0224	Garden	212216	175181	206206	165173	148146	235235	118118	139137	118118	232232	165167	137137	210210	145151	246252
QAc-G-0226	Garden	212200	171175	206206	165165	148160	229229	118118	139139	116118	232232	165165	137140	206206	151151	262242
QAc-G-0227	Garden	212224	171173	206206	163161	148144	237233	118124	139139	120130	232232	165161	137134	206192	139157	256258
QAc-G-0228	Garden	212200	171173	206206	165161	144140	235235	118124	000000	116114	232232	165165	134134	184216	157157	252248
QAc-G-0229	Garden	210212	171187	206206	167161	144140	235237	118118	139139	112114	232232	165161	137134	210216	139157	256248
QAc-G-0230	Garden	200208	173173	206206	165161	148152	235237	118118	139139	116116	232232	165165	140134	192200	151157	258260
QAc-G-0231	Garden	210226	181173	206206	173173	148148	229235	118118	139139	118118	232232	165165	137134	210202	139151	262262
QAc-G-0232	Garden	212200	171187	206206	167167	138152	235237	118118	137137	116130	232232	165161	137140	210192	157157	258258
QAc-G-0233	Garden	200218	185173	206206	167155	148146	235233	118124	139137	116114	232232	165165	137140	190184	145157	260260
QAc-G-0234	Garden	212200	171173	206206	161161	144140	235233	118118	139139	112114	232232	165165	140134	206216	139154	258258
QAc-G-0235	Garden	210200	171171	206206	161169	144152	235227	118114	139137	112114	232238	165165	134134	202194	151163	242242
QAc-G-0236	Garden	200200	171173	206206	165161	138144	239235	118124	139139	116130	232220	165165	140134	192192	151157	258248
QAc-G-0237	Garden	210212	171173	206206	161161	148138	239233	118118	139139	114130	232232	165165	137140	206216	151157	256246
QAc-G-0238	Garden	200200	181173	206206	165161	140152	235235	118118	139139	116120	232232	165165	140134	192192	157157	252248
QAc-G-0239	Garden	200200	173173	206206	167167	146152	237243	118118	139137	116116	232232	165161	140134	192184	157157	252248
QAc-G-0240	Garden	212212	171171	206206	163161	144140	237237	118124	139139	116120	232232	165161	137134	216208	157157	256248
QAc-G-0241	Garden	200224	171171	206206	167161	150138	239237	118118	139137	116114	232232	165161	137140	210182	151157	242248
QAc-G-0242	Garden	200200	173173	206206	165167	148150	235233	118124	139139	116114	232232	165165	137140	190202	145157	258260
QAc-G-0243	Garden	216200	171173	206206	165163	138152	235233	118114	139139	116114	232232	165165	137137	190192	151157	258258
QAc-G-0244	Garden	212224	171173	206206	163161	148144	237237	118114	139139	120130	232232	165161	137134	206216	139157	246248
QAc-G-0245	Garden	212224	171171	206206	161161	144140	235233	118124	139139	116120	232232	165165	137134	192208	151157	256248
QAc-G-0246	Garden	200200	171173	206206	167167	146144	239243	118124	137137	116116	232220	165165	140134	210184	157157	258248
QAc-G-0247	Garden	200200	173173	206206	165167	138144	235237	118124	139137	116116	232220	165161	140134	192184	157157	252248
QAc-G-0248	Garden	200200	171189	206206	161157	150140	235237	118124	139139	116114	232232	165161	140134	192216	151157	252248
QAc-G-0249	Garden	210218	183187	206206	163161	148154	225237	118118	139137	116114	232232	165165	137140	212204	151154	256244
QAc-G-0025	Garden	212200	171175	206206	165165	148160	225229	118118	139139	116118	232232	165165	140134	206206	139151	262242
QAc-G-0028	Garden	200200	185181	206206	167161	148140	235233	118118	135139	116114	232232	165165	140134	190182	139145	258258
QAc-G-0275	Garden	226200	181173	206206	165173	146162	229235	118118	139137	118118	232232	165165	134134	210210	139151	242252
QAc-G-0263	Garden	200228	185177	206206	161177	148154	235241	118118	139137	122114	232232	165167	137134	206198	151154	254252
QAc-W-0001	Wild	200208	171187	206208	161157	166140	235237	118118	139139	116114	232232	165165	140140	206192	151151	256258
QAc-W-0002	Wild	200200	171173	206206	161161	146140	235237	118118	139137	116114	232238	165161	140134	210192	157154	258248
QAc-W-0003	Wild	200208	171189	206206	167161	146152	233233	118118	139139	118114	232232	165165	140140	210194	151157	256258
QAc-W-0004	Wild	200200	171189	206206	161161	148152	235233	118118	139139	116116	232232	165165	140140	206208	151151	256258
QAc-W-0005	Wild	200200	171189	206208	163161	140152	237233	118118	139139	116114	232232	165165	137140	206210	151151	254254
QAc-W-0006	Wild	200208	171189	206206	161161	148152	233233	118118	139139	116116	232238	165165	137140	206208	151157	256256
QAc-W-0007	Wild	200208	189189	000000	000000	144152	235233	118118	139139	116114	232232	165165	137140	206208	151157	256258
QAc-W-0008	Wild	200208	173189	206208	161161	150152	235233	118118	139139	116114	232232	165161	137125	204208	000000	256246
QAc-W-0009	Wild	210208	173173	206206	161161	138144	239243	118118	139137	116114	232238	165165	140134	210202	157157	256246
QAc-W-0010	Wild	200200	171173	206208	167157	154152	235233	118118	139139	116116	232232	165165	137137	210202	151151	254248
QAc-W-0011	Wild	212200	173189	206206	161153	144152	237233	118118	139139	116122	232232	165165	137140	206210	151157	246252
QAc-W-0012	Wild	212200	175173	206206	167157	140152	233233	118124	139137	114114	232232	165165	140134	210208	151154	248260
QAc-W-0013	Wild	200200	171181	206206	163161	144158	229233	118118	139137	116130	232232	165165	134134	210192	151157	246248
QAc-W-0014	Wild	200218	171173	206208	167161	152152	235237	118118	139139	116112	232232	165165	137140	192208	151151	258260
QAc-W-0015	Wild	200224	181173	206206	163161	144144	235237	118118	139139	112118	232232	165165	140134	210192	151151	248248
QAc-W-0016	Wild	200206	189189	206208	165163	150152	235235	118118	139139	116116	232232	165167	137137	208208	151151	256258
QAc-W-0017	Wild	200224	171181	206206	163161	154140	237245	118118	139139	118118	232232	165161	137137	210194	157157	256242
QAc-W-0018	Wild	210202	181187	206208	163167	152152	235237	118118	139139	116126	232232	165165	137140	206206	151157	258252
QAc-W-0019	Wild	210200	171189	206206	163161	140152	237233	118118	139139	116116	232232	165165	137140	210210	151157	254260
QAc-W-0020	Wild	202208	187189	206208	167167	150152	237233	118118	139139	116128	232232	165161	137140	190214	151151	254260
QAc-W-0021	Wild	200200	171175	206206	163157	148152	225241	118118	139139	116114	232232	165165	137140	206200	151157	258252
QAc-W-0022	Wild	200200	171179	206206	163177	148144	235237	118118	139139	116112	232232	165161	137137	210190	139151	246258
QAc-W-0023	Wild	216200	171171	206206	163161	160138	237245	118118	139139	114114	232232	165165	140140	000000	151157	246258
QAc-W-0024	Wild	200208	171181	206208	163161	148140	225237	118118	139139	118118	232232	165165	137137	206214	151157	246260
QAc-W-0025	Wild	212200	171187	206208	161161	148140	233233	118118	139137	116116	232232	165165	137134	184216	157157	246260
QAc-W-0026	Wild	212218	175181	206206	161161	166140	233233	118118	139137	116112	232232	165165	137140	206210	151154	254260
QAc-W-0027	Wild	212200	187189	206206	161161	148144	235235	118118	139139	114114	232238	165165	137140	192216	157157	256256
QAc-W-0028	Wild	208208	187189	206206	161161	144140	237245	118118	139139	116114	232232	165161	140134	210192	151157	254260
QAc-W-0029	Wild	200200	171175	206206	163161	150158	237233	118118	139139	116116	232232	165165	140140	202216	157157	258260
QAc-W-0030	Wild	200200	171173	206206	165161	150144	239233	118118	139139	116116	232232	165165	137134	192182	157157	256258
QAc-W-0031	Wild	200200	171189	206206	161161	148152	229235	118118	139139	116114	232238	165165	140140	192192	139157	256260
QAc-W-0032	Wild	202218	171173	206208	167161	140152	235233	118124	139139	116114	232232	165165	140140	190208	151157	246258
QAc-W-0033	Wild	202224	175173	206208	167161	150152	235245	118118	139137	116114	232232	165165	137140	190202	139145	256258
QAc-W-0034	Wild	212200	171173	206206	161161	140152	233233	118118	139137	114114	232232	165165	137140	192200	139157	248260
QAc-W-0035	Wild	212218	173187	206206	167161	144152	239235	118118	139139	116116	232232	165167	137140	206216	151157	246248
QAc-W-0036	Wild	202200	171189	206206	167161	144140	233233	118118	139139	114114	232232	165165	137137	192204	139157	256248
QAc-W-0037	Wild	212212	175173	206206	167161	148144	237233	118118	139139	114120	232232	165165	137140	210192	151157	256248
QAc-W-0038	Wild	224208	171171	206206	163167	146140	235237	118118	139139	116114	232232	165165	137137	214192	157157	246254
QAc-W-0039	Wild	224218	181173	206206	161161	166140	233233	118118	139139	116116	232232	165165	137140	210210	139151	248260
QAc-W-0040	Wild	216222	171173	206208	161157	148138	235233	118118	139139	114114	232232	165165	137140	206214	151157	256260
QAc-W-0041	Wild	212200	171181	206206	161161	150144	235233	118118	139137	116118	232238	165165	137140	210210	139151	258252
QAc-W-0042	Wild	200214	181181	206206	167161	166158	237227	118118	139137	122130	232232	165165	137137	202202	139151	256258
QAc-W-0043	Wild	210200	181181	206206	161161	144158	237245	118118	139139	122130	232238	165161	137137	202194	139151	256248
QAc-W-0044	Wild	200200	171179	206206	161161	144158	235245	118118	139139	122122	232232	165165	137137	202192	139151	258248
QAc-W-0045	Wild	214232	181173	206206	161161	146166	237227	118118	139137	126126	238238	165161	137134	206202	151157	256258
QAc-W-0046	Wild	200232	181181	206206	161161	158158	227245	118118	139139	122130	232238	165165	134134	206202	151157	248248
QAc-W-0047	Wild	200232	171173	206206	161161	144144	227245	118118	139139	112122	232238	165165	137134	192194	151151	258258
QAc-W-0048	Wild	210232	171173	206208	167161	160166	227241	118118	139139	114130	232238	165165	137134	202200	139151	246248
QAc-W-0049	Wild	210232	171173	206206	167161	160166	227241	118118	139139	114128	232238	165165	137134	202200	139151	246248
QAc-W-0050	Wild	214214	175173	206206	163161	142144	227231	116116	139139	116124	232232	165161	137137	202200	157154	262248
QAc-W-0051	Wild	214214	175173	206206	165161	150150	235233	118118	139137	122126	232232	165167	137137	202194	157163	256258
QAc-W-0052	Wild	202200	179173	206206	167167	166166	233227	118124	139139	122120	232232	165165	137137	206202	151157	258254
QAc-W-0053	Wild	210214	171173	206206	163169	144144	233227	118118	139137	116122	232238	165165	137137	202200	151160	258248
QAc-W-0054	Wild	212214	173187	206206	167161	154154	239241	118118	139139	116126	232232	165167	137134	202202	151151	258250
QAc-W-0055	Wild	200214	185173	206206	161161	146146	239235	118118	139139	124126	232232	167167	137137	206202	151151	246250
QAc-W-0056	Wild	212200	171187	206208	167161	150138	235235	118118	139139	124126	232232	165167	137140	192194	154142	262258
QAc-W-0057	Wild	210214	171177	206206	163167	150150	235237	118118	139139	122124	232232	165167	137134	206194	139157	262246
QAc-W-0058	Wild	210214	171171	206206	165161	146146	239227	118118	139139	124126	232232	165167	137140	202198	151142	262246
QAc-W-0059	Wild	210200	171171	206206	163161	166144	227227	118118	139139	122114	232238	165165	137134	200194	151160	246248
QAc-W-0060	Wild	224224	177177	206206	165161	138144	239239	118118	139139	122120	232232	165165	137134	214194	151157	256248
QAc-W-0061	Wild	210224	175177	206206	161161	154144	235237	118118	139139	114114	232232	165165	134134	214194	151154	256254
QAc-W-0062	Wild	226224	179179	206206	165161	138138	235237	118118	139139	112122	232232	165165	137134	194194	139151	256254
QAc-W-0063	Wild	216214	179173	206204	165161	148138	237233	118118	139139	116116	232232	165165	137134	214194	151151	254254
QAc-W-0064	Wild	226228	179173	206208	165161	146138	235235	118118	139139	116112	232232	165167	134134	214194	151157	242248
QAc-W-0065	Wild	224228	179187	206206	165161	146144	235237	118118	139139	112124	232232	165167	137137	206194	151157	242248
QAc-W-0066	Wild	212200	181181	206206	161161	146146	225239	118118	139139	116122	232232	165165	137134	210214	139151	250250
QAc-W-0067	Wild	212226	181173	206206	161161	146146	225239	118118	139139	122122	232232	165165	137134	210212	151151	256250
QAc-W-0068	Wild	200224	181173	206206	161161	148148	239239	118118	139139	116122	232232	165165	137134	214186	139154	250250
QAc-W-0069	Wild	212224	173173	206206	161161	148148	239239	118118	139139	116122	232232	165165	137134	210214	139151	250250
QAc-W-0070	Wild	212228	173177	206206	161161	146146	239239	118118	139139	112122	232232	165165	137134	210194	151154	250250
QAc-W-0071	Wild	200224	181177	206206	000000	154144	225225	118118	139139	112122	232232	165165	134134	194194	151157	256242
QAc-W-0072	Wild	218214	185179	206208	161161	154154	235237	118118	139139	116112	232232	165167	137134	194194	139157	256254
QAc-W-0073	Wild	224214	171179	206206	165163	144144	239235	118118	139139	112122	232232	165165	137134	204194	151151	254252
QAc-W-0074	Wild	224228	179179	206206	161161	148154	235237	118118	139139	112122	232232	165167	137140	194194	151151	254242
QAc-W-0075	Wild	224224	179177	206206	165163	148146	239235	118118	139139	116122	232232	165167	137134	194194	139151	254250
QAc-W-0076	Wild	224224	185177	206206	163161	144144	239235	118118	139139	116112	232232	165167	137137	194194	151151	242242
QAc-W-0077	Wild	200214	181179	206206	161161	146144	239233	118118	139139	112124	232232	165165	137134	214194	151154	254248
QAc-W-0078	Wild	202218	175181	206204	161161	148146	225229	118118	139139	116116	232232	165165	137140	210192	145157	246244
QAc-W-0079	Wild	210212	175185	206206	165161	148148	225229	118118	139139	116116	232232	165165	140134	206200	000000	262262
QAc-W-0080	Wild	210212	175185	000000	000000	148148	225229	118118	139139	116116	232232	165165	140134	206200	139151	262260
QAc-W-0081	Wild	202216	175181	206206	165165	138158	235233	118118	139137	116118	232232	165165	134134	206210	151151	256252
QAc-W-0082	Wild	212218	171181	206206	173173	150162	235235	116116	137137	116126	232232	165167	137134	206194	139157	246242
QAc-W-0083	Wild	202218	181181	206206	165161	138138	229235	118118	139139	116118	232232	165165	137140	210194	151157	262242
QAc-W-0084	Wild	202226	181181	206206	173173	148138	235233	118118	139137	116118	232232	165165	140134	206210	151151	256262
QAc-W-0085	Wild	226216	175181	206206	173173	146158	235235	118118	139139	118118	232232	165165	137134	210184	145151	256252
QAc-W-0086	Wild	200218	181173	206206	173173	162162	229229	118118	139137	118118	232232	165165	137137	206210	139151	256242
QAc-W-0087	Wild	212216	181181	206206	165173	148148	229235	118118	139137	118114	232232	165165	137137	210200	145151	262246
QAc-W-0088	Wild	212212	181183	206206	165169	146138	229235	118118	139139	118118	232232	165167	140140	206206	151157	256246
QAc-W-0089	Wild	212200	181173	206206	165165	148146	235235	118118	139139	118118	232232	165167	140140	206202	151151	262246
QAc-W-0090	Wild	212200	181173	206206	165173	148148	229235	118118	139137	118118	232232	165167	140140	210202	151151	262246
QAc-W-0091	Wild	210212	171185	206204	165165	148148	233241	118118	139137	118118	232232	165165	137137	210210	145151	256262
QAc-W-0092	Wild	212216	181181	206206	165161	166140	235241	118118	139139	116118	232232	165165	137140	210192	139151	246252
QAc-W-0093	Wild	210208	171185	206206	165167	138162	235237	118118	139137	116116	232232	165165	140134	206210	157163	262242
QAc-W-0094	Wild	226208	191191	206206	165167	148138	233233	118118	139139	116118	232232	165165	137137	206194	151157	258242
QAc-W-0095	Wild	202226	171191	206206	165165	148138	229233	118118	139139	116116	232232	165165	137140	210194	151151	262258
QAc-W-0096	Wild	212208	181191	206206	165165	148138	229235	118118	139139	116118	232232	165165	137137	202194	151157	258254
QAc-W-0097	Wild	212200	171171	206206	165173	144156	235233	118118	139139	118114	232232	165165	137134	206210	151163	262246
QAc-W-0098	Wild	210212	171181	206206	165165	148146	235241	118118	139139	116116	232244	165165	137140	206206	151157	262262
QAc-W-0099	Wild	212216	175181	206206	173177	148158	235241	118118	139139	116116	232232	165165	137137	202184	145157	252248
QAc-W-0100	Wild	212212	181183	206206	165177	146138	229235	118118	139139	118118	232232	165167	140140	206206	151157	256246
QAc-W-0101	Wild	226218	181181	206206	165165	148148	235235	118118	139139	118114	232232	165167	137137	210210	139151	256242
QAc-W-0102	Wild	210210	181173	206206	165163	148162	229229	118118	139139	118118	232232	165165	137140	206202	139145	262242
QAc-W-0103	Wild	212226	181181	206206	165165	148146	235241	118118	139139	116118	232232	165165	137137	206192	139151	252252
QAc-W-0104	Wild	212226	181181	206206	167177	148146	235241	118118	139139	116118	232232	165165	137137	206192	139151	252252
QAc-W-0105	Wild	202200	171175	206206	165165	160146	229235	118118	139139	112118	232232	165167	137134	206210	151151	242242
QAc-W-0106	Wild	210200	175185	206206	165165	148160	225235	118118	139139	116112	232232	165167	140134	210200	139151	262242
QAc-W-0107	Wild	216200	181181	206206	165165	148148	239229	118118	139139	118114	232232	165165	140134	202200	151151	262246
QAc-W-0108	Wild	200218	181189	000000	000000	148152	235233	118118	139137	118118	232232	165165	137137	210204	139139	256260
QAc-W-0109	Wild	210212	185181	206206	000000	148148	225241	118118	139139	116116	232232	165165	134134	192200	139151	262252
QAc-W-0110	Wild	210212	171183	000000	000000	146138	235235	118118	139139	118118	232232	165167	140140	206206	157157	256262
QAc-W-0111	Wild	200218	185179	000000	000000	138144	237237	118118	139143	116124	232238	165165	137140	206184	145151	256258
QAc-W-0113	Wild	218222	171179	000000	000000	138140	225237	118118	139139	118118	232238	165165	137137	190200	151151	258248
QAc-W-0114	Wild	212222	179173	206206	163161	138138	235235	118118	139141	114114	232232	165165	137140	206212	145157	254242
QAc-W-0115	Wild	200222	171185	206206	163167	154138	235237	118118	137143	112118	232232	165165	137137	192200	151157	258248
QAc-W-0116	Wild	218222	173183	206206	163163	140140	235237	118118	139137	114114	232238	165165	137134	190212	157154	258242
QAc-W-0117	Wild	200218	185179	206206	163161	148154	235243	118118	139139	118124	232232	165165	137134	206212	145151	254242
QAc-W-0118	Wild	210218	185173	206206	163167	154138	225237	118118	139137	114124	232232	165165	137137	212192	151154	258244
QAc-W-0119	Wild	218222	173177	206206	163167	138140	237245	118118	139139	116116	232238	165165	137140	184200	145154	250252
QAc-W-0120	Wild	200200	185173	206206	163161	142140	245245	118118	137137	116112	232232	165165	137134	190212	151151	250248
QAc-W-0121	Wild	210200	185179	206206	163161	152152	235245	118118	139139	112114	232232	165165	137137	192200	145142	242242
QAc-W-0122	Wild	210216	185185	206206	163163	146144	235235	118118	139139	114120	232232	165165	137137	212196	145157	000000
QAc-W-0123	Wild	212212	179177	206206	161161	138140	235233	118118	139139	112112	232232	165165	137137	210184	145151	242252
QAc-W-0124	Wild	210216	171185	206206	167161	148154	235231	118118	139139	118114	232232	165165	137137	212212	151154	256242
QAc-W-0125	Wild	210222	173173	000000	000000	148140	235237	118118	139137	112118	232232	165165	137137	202196	151151	256242
QAc-W-0126	Wild	200222	179173	206206	000000	140152	241241	118118	139139	116112	232238	165167	137137	190208	145151	248248
QAc-W-0127	Wild	200222	185179	000000	000000	148138	235231	118118	139137	118114	232238	165165	137140	210200	151154	256248
QAc-W-0128	Wild	210218	185179	000000	000000	144140	239243	118118	139137	116112	232238	165165	137140	206204	145154	248260
QAc-W-0129	Wild	210200	179183	000000	000000	152152	235237	118118	139137	116116	232238	165165	137137	210184	145151	258248
QAc-W-0130	Wild	200200	179183	206206	163167	164140	241231	118118	139139	116116	232232	167167	137137	206190	145151	258242
QAc-W-0131	Wild	200218	179173	206206	161161	154140	239235	118118	139139	116118	232232	165165	137134	206206	145157	000000
QAc-W-0132	Wild	226200	181173	206206	163159	154152	241241	118118	139143	116116	232238	167167	137134	206206	151154	000000
QAc-W-0133	Wild	210216	185183	206206	167161	138144	235245	118118	139139	116112	232232	165165	137137	206212	151154	248248
QAc-W-0134	Wild	212222	179189	206206	161161	144152	237237	118118	139139	116116	232232	165165	137134	212184	151151	242248
QAc-W-0135	Wild	216216	179173	206206	161159	138140	235231	118118	139137	112118	232232	165165	137137	212208	157157	248248
QAc-W-0136	Wild	216222	179173	206206	167161	154138	235245	118118	139137	116112	232232	165165	137137	190212	157154	248248
QAc-W-0137	Wild	216222	179173	206206	163163	154140	235231	118118	139139	116116	232232	165165	137137	212208	157154	258248
QAc-W-0138	Wild	200218	179179	206206	165163	148144	235233	118118	139139	116116	232232	165167	137137	206204	151154	258244
QAc-W-0139	Wild	200222	173183	206206	161161	138144	235245	118118	139137	112114	232238	165165	137137	190212	151157	246246
QAc-W-0140	Wild	210200	173183	206206	161161	148144	235237	118118	139139	116116	232232	165165	137137	190198	157157	000000
QAc-W-0141	Wild	210222	179173	206206	163161	154144	245243	118118	139137	116116	232232	165167	137137	212212	151151	256242
QAc-W-0142	Wild	218206	185177	206206	167161	154158	235235	118118	137137	116116	232232	165165	137137	206184	151151	256248
QAc-W-0143	Wild	218214	171185	206206	163161	138138	237237	118118	139137	118114	238238	165165	137134	202208	145151	258242
QAc-W-0144	Wild	210222	185179	206206	163161	144140	235237	118118	139139	118114	232232	163163	137137	212184	145142	254248
QAc-W-0145	Wild	212222	185185	206206	167161	144144	235235	118118	139137	116116	232232	165165	137125	206184	151157	258258
QAc-W-0146	Wild	200222	185177	206206	163161	154152	235235	118118	137143	112118	232232	165165	137137	206184	151157	242248
QAc-W-0147	Wild	210222	179177	206206	161161	154140	235237	118118	139139	116114	232232	165165	137137	206212	157157	258248
QAc-W-0148	Wild	210200	179183	206206	163161	158152	235235	118118	139139	112118	232232	165165	137137	202204	145151	258258
QAc-W-0149	Wild	210212	171185	206206	167167	154152	235237	118118	139139	116112	232232	165165	137137	210184	151151	258258
QAc-W-0150	Wild	212212	171179	206206	161159	154140	235237	118118	139137	112114	232232	165165	137125	206212	151157	258242
QAc-W-0151	Wild	200214	179179	206206	161161	138144	235235	118118	139139	118114	232232	165165	137125	212184	145151	248248
QAc-W-0152	Wild	210212	173183	212212	165165	144140	239235	118118	139139	112114	232232	165165	134146	190192	151157	246242
QAc-W-0153	Wild	222206	187189	206206	161159	138140	235235	118118	135139	116114	232232	165165	137137	190212	151151	252244
QAc-W-0154	Wild	218214	185185	206206	163161	138138	237237	118118	139139	116116	232232	165165	137137	190208	151154	258248
QAc-W-0155	Wild	210200	175185	206206	163161	138140	235235	118118	139143	118114	232232	165165	140140	206206	151157	258258
QAc-W-0156	Wild	216220	179173	206206	167167	144144	235235	118118	137143	116120	232238	165165	137134	212212	151154	256254
QAc-W-0157	Wild	200218	179173	206206	163161	148138	235235	118118	139139	116118	232232	165165	137140	210212	151157	258248
QAc-W-0158	Wild	200222	175183	206206	167161	154140	245243	118118	139137	114114	232232	165165	137137	190212	145151	256248
QAc-W-0159	Wild	210216	185177	206206	161161	144140	235245	118118	135141	116114	232232	165165	137140	206208	151157	256244
QAc-W-0160	Wild	202222	173173	206206	161161	140152	235241	118118	139139	116120	238238	165165	137137	190212	157157	258248
QAc-W-0161	Wild	218222	185177	206206	163161	138138	235241	118118	139137	112122	232232	165165	137137	190194	157157	258242
QAc-W-0162	Wild	210214	171173	206206	161161	138142	237243	118118	139143	118124	232232	165165	137137	190212	151151	258248
QAc-W-0163	Wild	200218	179179	206206	161161	154138	235241	118118	139139	116112	232238	165167	137137	206196	151157	256248
QAc-W-0164	Wild	210222	183169	206206	163167	138138	239237	118118	137137	116116	232232	165165	137137	190212	157157	254250
QAc-W-0165	Wild	212214	179189	206206	163161	138138	235237	118118	139139	114114	232232	165165	137137	206212	151157	256258
QAc-W-0166	Wild	200208	179187	206206	163167	146162	235235	118114	139139	118124	232232	165161	134146	200198	151157	246242
QAc-W-0167	Wild	210200	175185	206206	163161	154140	239245	118118	139139	116128	232232	165165	134134	210200	157154	254248
QAc-W-0168	Wild	214220	187189	206206	161161	150134	239237	118122	139137	116116	232232	165161	134134	192196	151154	258252
QAc-W-0169	Wild	200220	171175	206206	163161	154156	235235	118118	139139	114114	232244	165161	140134	192198	151142	246248
QAc-W-0170	Wild	200208	179187	206206	167167	146162	235237	118114	139139	118124	232232	165161	134146	200198	151157	246242
QAc-W-0171	Wild	210202	171167	206206	163159	164152	235231	118118	135139	118114	232232	161171	140134	190192	163163	246258
QAc-W-0172	Wild	200208	179187	206206	165163	144140	235237	118118	139139	116128	232232	165161	137137	198196	157157	246242
QAc-W-0173	Wild	200214	181187	206206	163163	146138	237231	118118	139139	114114	232232	165165	134146	192196	157154	242264
END