172	5	0	15	3	2
0
Ind	Pop	0C11	1G13	G07	1F02	FIR031	GOT009	POR016	FIR013	FIR043	GOTO40	PIE039	FIR53	FIR048	PIE125	QpZAG9
QAc-W-0001	Porter	200208	171187	206208	161157	166140	235237	118118	139139	116114	232232	165165	140140	206192	151151	256258
QAc-W-0002	Porter	200200	171173	206206	161161	146140	235237	118118	139137	116114	232238	165161	140134	210192	157154	258248
QAc-W-0003	Porter	200208	171189	206206	167161	146152	233233	118118	139139	118114	232232	165165	140140	210194	151157	256258
QAc-W-0004	Porter	200200	171189	206206	161161	148152	235233	118118	139139	116116	232232	165165	140140	206208	151151	256258
QAc-W-0005	Porter	200200	171189	206208	163161	140152	237233	118118	139139	116114	232232	165165	137140	206210	151151	254254
QAc-W-0006	Porter	200208	171189	206206	161161	148152	233233	118118	139139	116116	232238	165165	137140	206208	151157	256256
QAc-W-0007	Porter	200208	189189	000000	000000	144152	235233	118118	139139	116114	232232	165165	137140	206208	151157	256258
QAc-W-0008	Porter	200208	173189	206208	161161	150152	235233	118118	139139	116114	232232	165161	137125	204208	000000	256246
QAc-W-0009	Porter	210208	173173	206206	161161	138144	239243	118118	139137	116114	232238	165165	140134	210202	157157	256246
QAc-W-0010	Porter	200200	171173	206208	167157	154152	235233	118118	139139	116116	232232	165165	137137	210202	151151	254248
QAc-W-0011	Porter	212200	173189	206206	161153	144152	237233	118118	139139	116122	232232	165165	137140	206210	151157	246252
QAc-W-0012	Porter	212200	175173	206206	167157	140152	233233	118124	139137	114114	232232	165165	140134	210208	151154	248260
QAc-W-0013	Porter	200200	171181	206206	163161	144158	229233	118118	139137	116130	232232	165165	134134	210192	151157	246248
QAc-W-0014	Porter	200218	171173	206208	167161	152152	235237	118118	139139	116112	232232	165165	137140	192208	151151	258260
QAc-W-0015	Porter	200224	181173	206206	163161	144144	235237	118118	139139	112118	232232	165165	140134	210192	151151	248248
QAc-W-0016	Porter	200206	189189	206208	165163	150152	235235	118118	139139	116116	232232	165167	137137	208208	151151	256258
QAc-W-0017	Porter	200224	171181	206206	163161	154140	237245	118118	139139	118118	232232	165161	137137	210194	157157	256242
QAc-W-0018	Porter	210202	181187	206208	163167	152152	235237	118118	139139	116126	232232	165165	137140	206206	151157	258252
QAc-W-0019	Porter	210200	171189	206206	163161	140152	237233	118118	139139	116116	232232	165165	137140	210210	151157	254260
QAc-W-0020	Porter	202208	187189	206208	167167	150152	237233	118118	139139	116128	232232	165161	137140	190214	151151	254260
QAc-W-0021	Porter	200200	171175	206206	163157	148152	225241	118118	139139	116114	232232	165165	137140	206200	151157	258252
QAc-W-0022	Porter	200200	171179	206206	163177	148144	235237	118118	139139	116112	232232	165161	137137	210190	139151	246258
QAc-W-0023	Porter	216200	171171	206206	163161	160138	237245	118118	139139	114114	232232	165165	140140	000000	151157	246258
QAc-W-0024	Porter	200208	171181	206208	163161	148140	225237	118118	139139	118118	232232	165165	137137	206214	151157	246260
QAc-W-0025	Porter	212200	171187	206208	161161	148140	233233	118118	139137	116116	232232	165165	137134	184216	157157	246260
QAc-W-0026	Porter	212218	175181	206206	161161	166140	233233	118118	139137	116112	232232	165165	137140	206210	151154	254260
QAc-W-0027	Porter	212200	187189	206206	161161	148144	235235	118118	139139	114114	232238	165165	137140	192216	157157	256256
QAc-W-0028	Porter	208208	187189	206206	161161	144140	237245	118118	139139	116114	232232	165161	140134	210192	151157	254260
QAc-W-0029	Porter	200200	171175	206206	163161	150158	237233	118118	139139	116116	232232	165165	140140	202216	157157	258260
QAc-W-0030	Porter	200200	171173	206206	165161	150144	239233	118118	139139	116116	232232	165165	137134	192182	157157	256258
QAc-W-0031	Porter	200200	171189	206206	161161	148152	229235	118118	139139	116114	232238	165165	140140	192192	139157	256260
QAc-W-0032	Porter	202218	171173	206208	167161	140152	235233	118124	139139	116114	232232	165165	140140	190208	151157	246258
QAc-W-0033	Porter	202224	175173	206208	167161	150152	235245	118118	139137	116114	232232	165165	137140	190202	139145	256258
QAc-W-0034	Porter	212200	171173	206206	161161	140152	233233	118118	139137	114114	232232	165165	137140	192200	139157	248260
QAc-W-0035	Porter	212218	173187	206206	167161	144152	239235	118118	139139	116116	232232	165167	137140	206216	151157	246248
QAc-W-0036	Porter	202200	171189	206206	167161	144140	233233	118118	139139	114114	232232	165165	137137	192204	139157	256248
QAc-W-0037	Porter	212212	175173	206206	167161	148144	237233	118118	139139	114120	232232	165165	137140	210192	151157	256248
QAc-W-0038	Porter	224208	171171	206206	163167	146140	235237	118118	139139	116114	232232	165165	137137	214192	157157	246254
QAc-W-0039	Porter	224218	181173	206206	161161	166140	233233	118118	139139	116116	232232	165165	137140	210210	139151	248260
QAc-W-0040	Porter	216222	171173	206208	161157	148138	235233	118118	139139	114114	232232	165165	137140	206214	151157	256260
QAc-W-0041	Porter	212200	171181	206206	161161	150144	235233	118118	139137	116118	232238	165165	137140	210210	139151	258252
QAc-W-0042	Magazine	200214	181181	206206	167161	166158	237227	118118	139137	122130	232232	165165	137137	202202	139151	256258
QAc-W-0043	Magazine	210200	181181	206206	161161	144158	237245	118118	139139	122130	232238	165161	137137	202194	139151	256248
QAc-W-0044	Magazine	200200	171179	206206	161161	144158	235245	118118	139139	122122	232232	165165	137137	202192	139151	258248
QAc-W-0045	Magazine	214232	181173	206206	161161	146166	237227	118118	139137	126126	238238	165161	137134	206202	151157	256258
QAc-W-0046	Magazine	200232	181181	206206	161161	158158	227245	118118	139139	122130	232238	165165	134134	206202	151157	248248
QAc-W-0047	Magazine	200232	171173	206206	161161	144144	227245	118118	139139	112122	232238	165165	137134	192194	151151	258258
QAc-W-0048	Magazine	210232	171173	206208	167161	160166	227241	118118	139139	114130	232238	165165	137134	202200	139151	246248
QAc-W-0049	Magazine	210232	171173	206206	167161	160166	227241	118118	139139	114128	232238	165165	137134	202200	139151	246248
QAc-W-0050	Magazine	214214	175173	206206	163161	142144	227231	116116	139139	116124	232232	165161	137137	202200	157154	262248
QAc-W-0051	Magazine	214214	175173	206206	165161	150150	235233	118118	139137	122126	232232	165167	137137	202194	157163	256258
QAc-W-0052	Magazine	202200	179173	206206	167167	166166	233227	118124	139139	122120	232232	165165	137137	206202	151157	258254
QAc-W-0053	Magazine	210214	171173	206206	163169	144144	233227	118118	139137	116122	232238	165165	137137	202200	151160	258248
QAc-W-0054	Magazine	212214	173187	206206	167161	154154	239241	118118	139139	116126	232232	165167	137134	202202	151151	258250
QAc-W-0055	Magazine	200214	185173	206206	161161	146146	239235	118118	139139	124126	232232	167167	137137	206202	151151	246250
QAc-W-0056	Magazine	212200	171187	206208	167161	150138	235235	118118	139139	124126	232232	165167	137140	192194	154142	262258
QAc-W-0057	Magazine	210214	171177	206206	163167	150150	235237	118118	139139	122124	232232	165167	137134	206194	139157	262246
QAc-W-0058	Magazine	210214	171171	206206	165161	146146	239227	118118	139139	124126	232232	165167	137140	202198	151142	262246
QAc-W-0059	Magazine	210200	171171	206206	163161	166144	227227	118118	139139	122114	232238	165165	137134	200194	151160	246248
QAc-W-0060	Magazine	224224	177177	206206	165161	138144	239239	118118	139139	122120	232232	165165	137134	214194	151157	256248
QAc-W-0061	Magazine	210224	175177	206206	161161	154144	235237	118118	139139	114114	232232	165165	134134	214194	151154	256254
QAc-W-0062	Magazine	226224	179179	206206	165161	138138	235237	118118	139139	112122	232232	165165	137134	194194	139151	256254
QAc-W-0063	Magazine	216214	179173	206204	165161	148138	237233	118118	139139	116116	232232	165165	137134	214194	151151	254254
QAc-W-0064	Magazine	226228	179173	206208	165161	146138	235235	118118	139139	116112	232232	165167	134134	214194	151157	242248
QAc-W-0065	Magazine	224228	179187	206206	165161	146144	235237	118118	139139	112124	232232	165167	137137	206194	151157	242248
QAc-W-0066	Magazine	212200	181181	206206	161161	146146	225239	118118	139139	116122	232232	165165	137134	210214	139151	250250
QAc-W-0067	Magazine	212226	181173	206206	161161	146146	225239	118118	139139	122122	232232	165165	137134	210212	151151	256250
QAc-W-0068	Magazine	200224	181173	206206	161161	148148	239239	118118	139139	116122	232232	165165	137134	214186	139154	250250
QAc-W-0069	Magazine	212224	173173	206206	161161	148148	239239	118118	139139	116122	232232	165165	137134	210214	139151	250250
QAc-W-0070	Magazine	212228	173177	206206	161161	146146	239239	118118	139139	112122	232232	165165	137134	210194	151154	250250
QAc-W-0071	Magazine	200224	181177	206206	000000	154144	225225	118118	139139	112122	232232	165165	134134	194194	151157	256242
QAc-W-0072	Magazine	218214	185179	206208	161161	154154	235237	118118	139139	116112	232232	165167	137134	194194	139157	256254
QAc-W-0073	Magazine	224214	171179	206206	165163	144144	239235	118118	139139	112122	232232	165165	137134	204194	151151	254252
QAc-W-0074	Magazine	224228	179179	206206	161161	148154	235237	118118	139139	112122	232232	165167	137140	194194	151151	254242
QAc-W-0075	Magazine	224224	179177	206206	165163	148146	239235	118118	139139	116122	232232	165167	137134	194194	139151	254250
QAc-W-0076	Magazine	224224	185177	206206	163161	144144	239235	118118	139139	116112	232232	165167	137137	194194	151151	242242
QAc-W-0077	Magazine	200214	181179	206206	161161	146144	239233	118118	139139	112124	232232	165165	137134	214194	151154	254248
QAc-W-0078	Pryor	202218	175181	206204	161161	148146	225229	118118	139139	116116	232232	165165	137140	210192	145157	246244
QAc-W-0079	Pryor	210212	175185	206206	165161	148148	225229	118118	139139	116116	232232	165165	140134	206200	000000	262262
QAc-W-0080	Pryor	210212	175185	000000	000000	148148	225229	118118	139139	116116	232232	165165	140134	206200	139151	262260
QAc-W-0081	Pryor	202216	175181	206206	165165	138158	235233	118118	139137	116118	232232	165165	134134	206210	151151	256252
QAc-W-0082	Pryor	212218	171181	206206	173173	150162	235235	116116	137137	116126	232232	165167	137134	206194	139157	246242
QAc-W-0083	Pryor	202218	181181	206206	165161	138138	229235	118118	139139	116118	232232	165165	137140	210194	151157	262242
QAc-W-0084	Pryor	202226	181181	206206	173173	148138	235233	118118	139137	116118	232232	165165	140134	206210	151151	256262
QAc-W-0085	Pryor	226216	175181	206206	173173	146158	235235	118118	139139	118118	232232	165165	137134	210184	145151	256252
QAc-W-0086	Pryor	200218	181173	206206	173173	162162	229229	118118	139137	118118	232232	165165	137137	206210	139151	256242
QAc-W-0087	Pryor	212216	181181	206206	165173	148148	229235	118118	139137	118114	232232	165165	137137	210200	145151	262246
QAc-W-0088	Pryor	212212	181183	206206	165169	146138	229235	118118	139139	118118	232232	165167	140140	206206	151157	256246
QAc-W-0089	Pryor	212200	181173	206206	165165	148146	235235	118118	139139	118118	232232	165167	140140	206202	151151	262246
QAc-W-0090	Pryor	212200	181173	206206	165173	148148	229235	118118	139137	118118	232232	165167	140140	210202	151151	262246
QAc-W-0091	Pryor	210212	171185	206204	165165	148148	233241	118118	139137	118118	232232	165165	137137	210210	145151	256262
QAc-W-0092	Pryor	212216	181181	206206	165161	166140	235241	118118	139139	116118	232232	165165	137140	210192	139151	246252
QAc-W-0093	Pryor	210208	171185	206206	165167	138162	235237	118118	139137	116116	232232	165165	140134	206210	157163	262242
QAc-W-0094	Pryor	226208	191191	206206	165167	148138	233233	118118	139139	116118	232232	165165	137137	206194	151157	258242
QAc-W-0095	Pryor	202226	171191	206206	165165	148138	229233	118118	139139	116116	232232	165165	137140	210194	151151	262258
QAc-W-0096	Pryor	212208	181191	206206	165165	148138	229235	118118	139139	116118	232232	165165	137137	202194	151157	258254
QAc-W-0097	Pryor	212200	171171	206206	165173	144156	235233	118118	139139	118114	232232	165165	137134	206210	151163	262246
QAc-W-0098	Pryor	210212	171181	206206	165165	148146	235241	118118	139139	116116	232244	165165	137140	206206	151157	262262
QAc-W-0099	Pryor	212216	175181	206206	173177	148158	235241	118118	139139	116116	232232	165165	137137	202184	145157	252248
QAc-W-0100	Pryor	212212	181183	206206	165177	146138	229235	118118	139139	118118	232232	165167	140140	206206	151157	256246
QAc-W-0101	Pryor	226218	181181	206206	165165	148148	235235	118118	139139	118114	232232	165167	137137	210210	139151	256242
QAc-W-0102	Pryor	210210	181173	206206	165163	148162	229229	118118	139139	118118	232232	165165	137140	206202	139145	262242
QAc-W-0103	Pryor	212226	181181	206206	165165	148146	235241	118118	139139	116118	232232	165165	137137	206192	139151	252252
QAc-W-0104	Pryor	212226	181181	206206	167177	148146	235241	118118	139139	116118	232232	165165	137137	206192	139151	252252
QAc-W-0105	Pryor	202200	171175	206206	165165	160146	229235	118118	139139	112118	232232	165167	137134	206210	151151	242242
QAc-W-0106	Pryor	210200	175185	206206	165165	148160	225235	118118	139139	116112	232232	165167	140134	210200	139151	262242
QAc-W-0107	Pryor	216200	181181	206206	165165	148148	239229	118118	139139	118114	232232	165165	140134	202200	151151	262246
QAc-W-0108	Pryor	200218	181189	000000	000000	148152	235233	118118	139137	118118	232232	165165	137137	210204	139139	256260
QAc-W-0109	Pryor	210212	185181	206206	000000	148148	225241	118118	139139	116116	232232	165165	134134	192200	139151	262252
QAc-W-0110	Pryor	210212	171183	000000	000000	146138	235235	118118	139139	118118	232232	165167	140140	206206	157157	256262
QAc-W-0111	Pryor	200218	185179	000000	000000	138144	237237	118118	139143	116124	232238	165165	137140	206184	145151	256258
QAc-W-0113	Sugar_Loaf	218222	171179	000000	000000	138140	225237	118118	139139	118118	232238	165165	137137	190200	151151	258248
QAc-W-0114	Sugar_Loaf	212222	179173	206206	163161	138138	235235	118118	139141	114114	232232	165165	137140	206212	145157	254242
QAc-W-0115	Sugar_Loaf	200222	171185	206206	163167	154138	235237	118118	137143	112118	232232	165165	137137	192200	151157	258248
QAc-W-0116	Sugar_Loaf	218222	173183	206206	163163	140140	235237	118118	139137	114114	232238	165165	137134	190212	157154	258242
QAc-W-0117	Sugar_Loaf	200218	185179	206206	163161	148154	235243	118118	139139	118124	232232	165165	137134	206212	145151	254242
QAc-W-0118	Sugar_Loaf	210218	185173	206206	163167	154138	225237	118118	139137	114124	232232	165165	137137	212192	151154	258244
QAc-W-0119	Sugar_Loaf	218222	173177	206206	163167	138140	237245	118118	139139	116116	232238	165165	137140	184200	145154	250252
QAc-W-0120	Sugar_Loaf	200200	185173	206206	163161	142140	245245	118118	137137	116112	232232	165165	137134	190212	151151	250248
QAc-W-0121	Sugar_Loaf	210200	185179	206206	163161	152152	235245	118118	139139	112114	232232	165165	137137	192200	145142	242242
QAc-W-0122	Sugar_Loaf	210216	185185	206206	163163	146144	235235	118118	139139	114120	232232	165165	137137	212196	145157	000000
QAc-W-0123	Sugar_Loaf	212212	179177	206206	161161	138140	235233	118118	139139	112112	232232	165165	137137	210184	145151	242252
QAc-W-0124	Sugar_Loaf	210216	171185	206206	167161	148154	235231	118118	139139	118114	232232	165165	137137	212212	151154	256242
QAc-W-0125	Sugar_Loaf	210222	173173	000000	000000	148140	235237	118118	139137	112118	232232	165165	137137	202196	151151	256242
QAc-W-0126	Sugar_Loaf	200222	179173	206206	000000	140152	241241	118118	139139	116112	232238	165167	137137	190208	145151	248248
QAc-W-0127	Sugar_Loaf	200222	185179	000000	000000	148138	235231	118118	139137	118114	232238	165165	137140	210200	151154	256248
QAc-W-0128	Sugar_Loaf	210218	185179	000000	000000	144140	239243	118118	139137	116112	232238	165165	137140	206204	145154	248260
QAc-W-0129	Sugar_Loaf	210200	179183	000000	000000	152152	235237	118118	139137	116116	232238	165165	137137	210184	145151	258248
QAc-W-0130	Sugar_Loaf	200200	179183	206206	163167	164140	241231	118118	139139	116116	232232	167167	137137	206190	145151	258242
QAc-W-0131	Sugar_Loaf	200218	179173	206206	161161	154140	239235	118118	139139	116118	232232	165165	137134	206206	145157	000000
QAc-W-0132	Sugar_Loaf	226200	181173	206206	163159	154152	241241	118118	139143	116116	232238	167167	137134	206206	151154	000000
QAc-W-0133	Sugar_Loaf	210216	185183	206206	167161	138144	235245	118118	139139	116112	232232	165165	137137	206212	151154	248248
QAc-W-0134	Sugar_Loaf	212222	179189	206206	161161	144152	237237	118118	139139	116116	232232	165165	137134	212184	151151	242248
QAc-W-0135	Sugar_Loaf	216216	179173	206206	161159	138140	235231	118118	139137	112118	232232	165165	137137	212208	157157	248248
QAc-W-0136	Sugar_Loaf	216222	179173	206206	167161	154138	235245	118118	139137	116112	232232	165165	137137	190212	157154	248248
QAc-W-0137	Sugar_Loaf	216222	179173	206206	163163	154140	235231	118118	139139	116116	232232	165165	137137	212208	157154	258248
QAc-W-0138	Sugar_Loaf	200218	179179	206206	165163	148144	235233	118118	139139	116116	232232	165167	137137	206204	151154	258244
QAc-W-0139	Sugar_Loaf	200222	173183	206206	161161	138144	235245	118118	139137	112114	232238	165165	137137	190212	151157	246246
QAc-W-0140	Sugar_Loaf	210200	173183	206206	161161	148144	235237	118118	139139	116116	232232	165165	137137	190198	157157	000000
QAc-W-0141	Sugar_Loaf	210222	179173	206206	163161	154144	245243	118118	139137	116116	232232	165167	137137	212212	151151	256242
QAc-W-0142	Sugar_Loaf	218206	185177	206206	167161	154158	235235	118118	137137	116116	232232	165165	137137	206184	151151	256248
QAc-W-0143	Sugar_Loaf	218214	171185	206206	163161	138138	237237	118118	139137	118114	238238	165165	137134	202208	145151	258242
QAc-W-0144	Sugar_Loaf	210222	185179	206206	163161	144140	235237	118118	139139	118114	232232	163163	137137	212184	145142	254248
QAc-W-0145	Sugar_Loaf	212222	185185	206206	167161	144144	235235	118118	139137	116116	232232	165165	137125	206184	151157	258258
QAc-W-0146	Sugar_Loaf	200222	185177	206206	163161	154152	235235	118118	137143	112118	232232	165165	137137	206184	151157	242248
QAc-W-0147	Sugar_Loaf	210222	179177	206206	161161	154140	235237	118118	139139	116114	232232	165165	137137	206212	157157	258248
QAc-W-0148	Sugar_Loaf	210200	179183	206206	163161	158152	235235	118118	139139	112118	232232	165165	137137	202204	145151	258258
QAc-W-0149	Sugar_Loaf	210212	171185	206206	167167	154152	235237	118118	139139	116112	232232	165165	137137	210184	151151	258258
QAc-W-0150	Sugar_Loaf	212212	171179	206206	161159	154140	235237	118118	139137	112114	232232	165165	137125	206212	151157	258242
QAc-W-0151	Sugar_Loaf	200214	179179	206206	161161	138144	235235	118118	139139	118114	232232	165165	137125	212184	145151	248248
QAc-W-0152	Sugar_Loaf	210212	173183	212212	165165	144140	239235	118118	139139	112114	232232	165165	134146	190192	151157	246242
QAc-W-0153	Sugar_Loaf	222206	187189	206206	161159	138140	235235	118118	135139	116114	232232	165165	137137	190212	151151	252244
QAc-W-0154	Sugar_Loaf	218214	185185	206206	163161	138138	237237	118118	139139	116116	232232	165165	137137	190208	151154	258248
QAc-W-0155	Sugar_Loaf	210200	175185	206206	163161	138140	235235	118118	139143	118114	232232	165165	140140	206206	151157	258258
QAc-W-0156	Sugar_Loaf	216220	179173	206206	167167	144144	235235	118118	137143	116120	232238	165165	137134	212212	151154	256254
QAc-W-0157	Sugar_Loaf	200218	179173	206206	163161	148138	235235	118118	139139	116118	232232	165165	137140	210212	151157	258248
QAc-W-0158	Sugar_Loaf	200222	175183	206206	167161	154140	245243	118118	139137	114114	232232	165165	137137	190212	145151	256248
QAc-W-0159	Sugar_Loaf	210216	185177	206206	161161	144140	235245	118118	135141	116114	232232	165165	137140	206208	151157	256244
QAc-W-0160	Sugar_Loaf	202222	173173	206206	161161	140152	235241	118118	139139	116120	238238	165165	137137	190212	157157	258248
QAc-W-0161	Sugar_Loaf	218222	185177	206206	163161	138138	235241	118118	139137	112122	232232	165165	137137	190194	157157	258242
QAc-W-0162	Sugar_Loaf	210214	171173	206206	161161	138142	237243	118118	139143	118124	232232	165165	137137	190212	151151	258248
QAc-W-0163	Sugar_Loaf	200218	179179	206206	161161	154138	235241	118118	139139	116112	232238	165167	137137	206196	151157	256248
QAc-W-0164	Sugar_Loaf	210222	183169	206206	163167	138138	239237	118118	137137	116116	232232	165165	137137	190212	157157	254250
QAc-W-0165	Sugar_Loaf	212214	179189	206206	163161	138138	235237	118118	139139	114114	232232	165165	137137	206212	151157	256258
QAc-W-0166	Sugar_Loaf	200208	179187	206206	163167	146162	235235	118114	139139	118124	232232	165161	134146	200198	151157	246242
QAc-W-0167	Kessler	210200	175185	206206	163161	154140	239245	118118	139139	116128	232232	165165	134134	210200	157154	254248
QAc-W-0168	Kessler	214220	187189	206206	161161	150134	239237	118122	139137	116116	232232	165161	134134	192196	151154	258252
QAc-W-0169	Kessler	200220	171175	206206	163161	154156	235235	118118	139139	114114	232244	165161	140134	192198	151142	246248
QAc-W-0170	Kessler	200208	179187	206206	167167	146162	235237	118114	139139	118124	232232	165161	134146	200198	151157	246242
QAc-W-0171	Kessler	210202	171167	206206	163159	164152	235231	118118	135139	118114	232232	161171	140134	190192	163163	246258
QAc-W-0172	Kessler	200208	179187	206206	165163	144140	235237	118118	139139	116128	232232	165161	137137	198196	157157	246242
QAc-W-0173	Kessler	200214	181187	206206	163163	146138	237231	118118	139139	114114	232232	165165	134146	192196	157154	242264
END