751	25	0	11	3	2
0
Ind	Pop	Zam05	Zam17	Zam34	Zam39	Zam55	Zam60	Zam62	Zfg02	Zfg25	Zfg31	Zfg38
ZFB01	B	206204	179179	198207	166166	215207	205205	187187	213213	184186	220220	205205
ZFB02	B	222206	179179	198207	166166	215207	203205	187187	207207	184188	220220	205205
ZFB03	B	206204	179179	198207	182178	215215	205205	187187	207213	184186	217217	202205
ZFB04	B	222222	179179	198198	166182	207207	203205	187187	207207	184188	220220	205205
ZFB05	B	204204	179179	198207	166182	215215	205205	187187	207215	188188	217220	205205
ZFB06	B	222204	179179	198207	166182	215215	205205	187187	213215	188188	217220	205205
ZFB07	B	204204	179179	198207	182182	215207	000000	187199	213213	184186	217217	205205
ZFB08	B	206204	179179	198207	166166	215215	205205	187187	213213	184184	217217	205211
ZFB09	B	206204	179179	198207	166182	215225	205205	187187	213213	184186	217220	205205
ZFB10	B	206206	179179	198207	182182	207207	205205	187187	207213	184186	217220	205211
ZFB11	B	206204	179179	198198	166184	207225	205205	189187	207213	186186	220220	205205
ZFB12	B	204204	179179	198198	166182	215225	205205	187187	213209	186186	220220	202205
ZFB13	B	222204	179179	198207	166182	215225	203205	189187	207213	184186	217217	205211
ZFB14	B	206204	179179	198198	182182	215225	203205	189187	207213	186186	217220	205205
ZFB15	B	204204	179179	198207	166182	207225	205205	187187	207213	184184	220220	205205
ZFB16	B	204204	179179	198207	182182	207225	205205	187187	207213	184184	217220	205211
ZFB17	B	204204	179173	198198	182182	207225	205205	187187	207213	184188	217220	205205
ZFB18	B	206206	179179	198207	182182	215225	205205	187187	213213	186186	217220	205205
ZFB19	B	222204	179179	198207	166178	207225	203205	189199	207213	184186	217217	205211
ZFB20	B	204204	179179	198207	182182	207225	205205	187187	213213	184188	220220	205211
ZFB21	B	204204	179179	207207	182182	215215	205205	187187	213213	184186	217220	205205
ZFB22	B	204204	179173	198207	182182	207217	205205	187187	213213	184186	220220	205205
ZFB23	B	206204	179179	198207	182184	207225	205205	187187	207213	186186	217220	202205
ZFB24	B	204204	179179	198198	166184	207225	205205	187187	207213	186186	220220	205205
ZFB25	B	206204	179179	198207	182182	207207	205205	189187	213213	186186	217217	205205
ZFB26	B	204204	179179	198207	182184	207207	205205	187187	207213	186186	217217	205205
ZFB27	B	206204	179179	207207	166184	207207	205205	189187	213213	184186	220220	205205
ZFB28	B	206204	179179	198207	182184	215215	205205	189189	213209	186188	217220	202205
ZFB29	B	206204	179179	198198	182184	215225	205205	187187	207207	186186	220220	205205
ZFB30	B	204204	179179	207207	166184	215207	205205	187199	213215	184186	217220	205205
ZFB31	B	206204	179179	198207	182182	207225	203203	189189	213213	186186	217220	205205
ZFB32	B	206204	179179	198198	166184	215215	205205	189187	213209	186188	217217	202205
ZFB33	B	222204	179179	198207	166182	215207	205205	187187	207213	184186	220220	205205
ZFB34	B	222206	179179	198198	166182	215215	203205	187187	213213	184186	217220	205205
ZFB35	B	204204	179179	198198	166182	215207	203205	187187	207213	184186	217220	205205
ZFBP101	BP1	204204	173173	198216	166178	215207	203203	189195	207211	186186	217217	211211
ZFBP102	BP1	204204	179173	198198	166178	207207	203203	189191	207211	186176	217217	211211
ZFBP103	BP1	206204	179173	198216	178178	207207	203203	195195	207211	186190	217217	211211
ZFBP104	BP1	204204	179173	198195	178178	207207	203203	189195	213211	184186	217217	211211
ZFBP105	BP1	204204	179179	198195	166178	215207	203203	189189	211209	186186	217217	211211
ZFBP106	BP1	204204	179179	198198	166178	207207	203203	195195	211211	186186	217217	211211
ZFBP107	BP1	204204	179179	198195	178184	215207	203203	189195	213209	186186	217217	211211
ZFBP108	BP1	204204	179179	198195	178178	207207	203203	191183	211205	186186	217217	211211
ZFBP109	BP1	218216	179173	198213	178178	207211	203203	189195	213211	186186	217217	211211
ZFBP110	BP1	206204	179173	198198	178178	215215	203203	189193	207211	186186	217217	202202
ZFBP111	BP1	204204	173173	198198	166178	207207	203203	195191	211215	186186	217217	211211
ZFBP112	BP1	204204	179173	198216	166178	207205	203203	189191	205209	186188	217217	211211
ZFBP113	BP1	204204	179173	198198	178178	207207	203203	189183	205209	186186	217217	211211
ZFBP114	BP1	204218	179179	198198	178184	207207	203203	191191	211211	186176	217217	211211
ZFBP115	BP1	204204	173182	198216	178178	215207	203203	195195	211209	186186	217217	211211
ZFBP116	BP1	204204	179173	198198	178178	207207	203203	195183	211209	186186	217217	211211
ZFBP117	BP1	206206	179173	198195	178178	215207	203203	191183	211211	186186	217217	211211
ZFBP118	BP1	204204	179173	198198	180184	207207	203203	191183	213211	186176	217217	211211
ZFBP119	BP1	206204	173182	198198	166178	215215	203203	195195	211211	186186	217217	211211
ZFBP120	BP1	204204	179179	198195	166178	215207	203203	189191	213209	186186	217217	211211
ZFBP121	BP1	206204	179179	198198	166178	215207	203203	189191	211211	186186	217217	211211
ZFBP122	BP1	204204	179173	198198	166178	207207	203203	195193	000000	186186	217217	211211
ZFBP123	BP1	204204	179173	198198	166178	207207	203203	195191	211205	188188	217217	211211
ZFBP124	BP1	204218	179179	198198	166178	207207	203203	189193	213211	186188	217217	211211
ZFBP125	BP1	206204	179173	198195	180178	207207	203203	195195	211211	186186	217217	211211
ZFBP126	BP1	206206	179173	198198	178178	207207	203203	195193	207209	186186	217217	211211
ZFBP127	BP1	204204	179179	198213	178178	207207	203203	195193	211211	186190	217217	211211
ZFBP128	BP1	206204	179173	198216	166180	207207	203203	189195	213205	186186	217217	211211
ZFBP129	BP1	206208	179179	198198	166180	215207	203203	195191	211205	186186	217217	211211
ZFBP130	BP1	206204	173173	198216	180180	207207	203203	195195	211209	186186	217217	211211
ZFBP131	BP1	206204	179179	198198	166180	207207	203203	191193	205209	186186	217217	211211
ZFBP132	BP1	206204	179179	198198	180178	207207	203203	191193	211211	186186	217217	202211
ZFBP133	BP1	206206	173173	198198	166166	207207	203203	195191	205205	186186	217217	211211
ZFBP134	BP1	206204	173173	198198	166166	207207	203203	189191	213209	190190	217217	211211
ZFBP135	BP1	206206	179179	198216	166178	215207	203203	189195	207211	186186	217217	211211
ZFBP136	BP1	204204	179173	198216	166178	207207	203203	189195	211211	188188	217217	211211
ZFBP201	BP2	206204	179179	198198	166178	207207	203203	191193	205209	186188	217217	202211
ZFBP202	BP2	204204	179173	198195	166178	215207	203203	189193	213205	186186	217217	211211
ZFBP203	BP2	204204	179173	198207	166178	207207	203203	195193	205209	186188	217217	211211
ZFBP204	BP2	204204	179173	198195	166178	215207	203203	189195	211211	186188	217217	211211
ZFBP205	BP2	206204	173182	198198	166178	207207	203203	191193	211205	188188	217217	211211
ZFBP206	BP2	204204	179173	198198	166166	207207	203203	195193	205205	188188	217217	211211
ZFBP207	BP2	206218	182182	198195	166178	215207	203203	195191	211211	186188	217217	202202
ZFBP208	BP2	204204	179173	198198	166178	207207	203203	191193	205209	188188	217217	211211
ZFBP209	BP2	206206	173173	198213	166166	207207	203203	195193	211205	186186	217217	211211
ZFBP210	BP2	204204	179173	198198	166166	207207	203203	193193	205209	186188	217217	202211
ZFBP211	BP2	204204	179179	198198	166180	215207	203203	191191	213211	186186	217217	211211
ZFBP212	BP2	204204	179179	198195	166178	207207	203203	191193	213213	186186	217217	202211
ZFBP213	BP2	204204	179179	198198	166166	215207	203203	195191	205205	186188	217217	211211
ZFBP214	BP2	206204	173173	198198	166166	215215	203203	195193	205205	186188	217217	202211
ZFBP215	BP2	206204	179179	198198	166178	207207	203203	195193	211205	186186	217217	211211
ZFBP216	BP2	204204	179173	198198	166178	215207	203203	189193	209209	186186	217217	211211
ZFBP217	BP2	206204	173173	198198	166166	215207	203203	191193	215205	186186	217217	202211
ZFBP218	BP2	204218	173173	198195	166178	207207	203203	191191	205209	186186	217217	211211
ZFBP219	BP2	204204	179173	198198	178178	207207	203203	191183	205209	186186	217217	211211
ZFBP220	BP2	206204	179173	198216	166178	207207	203203	195191	211209	186186	217217	211211
ZFBP221	BP2	204218	173173	198195	166178	207207	203203	189191	213209	186186	217217	202211
ZFBP222	BP2	206206	179179	198198	166166	207207	203203	191191	205209	186188	217217	211211
ZFBP223	BP2	206204	179179	198195	166178	215207	203203	191193	213211	186188	217217	202202
ZFBP224	BP2	204204	179173	198198	178178	215207	203203	191191	205205	186188	217217	211211
ZFBP225	BP2	206204	179173	216195	166178	207207	203203	195191	215209	186188	217217	211211
ZFBP226	BP2	204204	179179	198198	166178	207207	203203	191191	211209	186186	217217	211211
ZFBP227	BP2	204204	179173	198198	178178	215207	203203	195191	211209	184186	217217	211211
ZFBP228	BP2	206204	179179	198195	166178	215207	203203	191191	213211	186190	217217	211211
ZFBP229	BP2	206206	179173	198195	166178	207207	203203	195193	211209	186186	217217	211211
ZFBP230	BP2	206204	173173	198216	166178	215207	203203	189191	211209	186186	217217	211211
ZFBP231	BP2	204204	179182	198198	180178	215205	203203	189191	213211	186188	217217	211211
ZFBP232	BP2	204204	179173	198198	166180	207207	203203	189191	211211	186186	217217	211211
ZFBP233	BP2	204204	173173	198213	166178	215205	203203	189191	213213	186188	217217	211211
ZFCC01	CC	206204	179173	198216	166166	215215	203203	187187	211205	188190	217223	205205
ZFCC03	CC	206206	179179	216216	166166	215215	203203	195195	211205	188190	217217	205205
ZFCC04	CC	206204	173173	216216	166182	215215	203203	195187	211205	188190	217217	205205
ZFCC05	CC	204204	179173	198216	166182	215215	203203	195195	211205	188190	217217	205205
ZFCC08	CC	206218	173173	198216	166166	215215	203203	195195	211205	188190	217217	205211
ZFCC09	CC	206218	179179	216216	166166	215215	203203	195187	211211	188190	217217	205205
ZFCC10	CC	206218	179179	198216	166166	215215	203203	195187	211205	188188	217223	205205
ZFCC11	CC	206204	179179	198216	166166	215215	203203	195195	211205	188190	217223	205205
ZFCC12	CC	206204	179173	198216	166178	215217	203203	195187	207211	188188	217217	205205
ZFCC13	CC	206204	179173	198216	166166	215207	203203	195195	211209	188190	217217	205205
ZFCC14	CC	206206	179173	198216	182184	215215	203203	195187	211205	186188	217217	205205
ZFCC15	CC	206206	179173	198216	166166	215215	203203	195187	211209	188190	217217	205205
ZFCC16	CC	206206	179173	198216	166166	215215	203203	195187	207211	188188	217217	205205
ZFCC17	CC	206204	179173	216216	166184	215215	203203	187187	207211	188190	217217	205205
ZFCC18	CC	206204	179173	216216	166166	215215	203203	195187	211205	188190	217217	205205
ZFCC19	CC	206224	173173	198216	166184	215215	203203	195187	207209	188190	217223	205205
ZFCC20	CC	206204	173173	198216	166166	215215	203203	195195	207207	190190	217217	205205
ZFCC21	CC	206224	173173	198198	166166	215207	203203	195195	205209	188188	217217	205211
ZFCC22	CC	204218	173173	198198	166166	207207	203203	195195	211205	188190	217217	205211
ZFCC26	CC	206206	179173	198216	166166	215215	203203	195187	207211	188190	217217	205205
ZFCC27	CC	206206	179179	198216	166166	215215	203203	195195	211211	188190	217223	205205
ZFCC29	CC	204224	173173	198198	166166	215215	203203	195187	207211	188190	217217	205205
ZFCC30	CC	206204	179173	216216	166166	215215	203203	195195	211211	188190	217223	205205
ZFCC32	CC	204218	173173	216216	166166	215215	203203	195187	207209	188190	217217	205205
ZFCC33	CC	206204	179179	198216	182182	215215	203203	195195	211211	188188	217217	205205
ZFCC34	CC	204204	179179	198216	166166	215207	203203	187187	211211	186190	217217	205211
ZFCC35	CC	206218	173173	198216	166184	215215	203203	195195	211211	188190	217223	205205
ZFCC36	CC	206204	173173	198216	166166	215207	203203	195187	211209	188188	217217	205205
ZFCC37	CC	206204	179173	198198	166178	215217	203203	195187	211211	188188	217217	205205
ZFCC40	CC	206206	179179	198216	166184	215207	203203	195187	211205	188188	217223	205205
ZFCC42	CC	204204	179173	207216	182184	215217	203203	187187	211211	188188	217217	202205
ZFCC44	CC	206206	179179	216216	184184	215215	203203	195195	211211	190190	217217	205205
ZFCC45	CC	206204	179179	216216	182184	215215	203203	195187	205209	000000	217217	205205
ZFCC46	CC	204224	173173	216216	166166	215207	203203	195195	211211	188190	217217	205211
ZFCC47	CC	204218	173173	198216	166166	215217	203203	195187	211211	188190	217217	205205
ZFCC48	CC	206224	173173	198198	166166	215207	203203	195195	211205	188188	217217	205211
ZFCC50	CC	206206	173173	198216	166184	215215	203203	187187	207211	190190	217217	205205
ZFCC51	CC	206206	179179	216216	166166	215215	203203	195187	211211	190190	217217	205205
ZFCC52	CC	206204	179173	198216	166166	215207	203203	195187	211211	188188	217223	205211
ZFCC53	CC	206206	179179	216216	166166	215215	203203	195187	211211	188190	217223	205205
ZFCNS01	CNS	204204	179179	216195	178178	215215	203203	195195	209209	190190	217217	202202
ZFCNS02	CNS	204204	179179	195195	166166	215215	203203	195195	211211	190190	217217	202202
ZFCNS05	CNS	204204	179179	198216	166166	215215	203203	195195	213211	186190	217217	202202
ZFCNS06	CNS	204204	179179	216216	166166	215215	203203	195195	213211	186190	217217	202202
ZFCNS07	CNS	204204	179179	195195	166166	215215	203203	195195	211215	186186	217217	202202
ZFCNS10	CNS	204204	179179	195195	166178	215207	203203	195195	211215	190190	217217	202202
ZFCNS11	CNS	204204	179179	216195	166178	215215	203203	195195	215209	190190	217217	202202
ZFCNS15	CNS	204204	179179	216195	178178	215215	203203	195195	213213	186186	217217	202211
ZFCNS17	CNS	204204	179179	216216	166178	215215	203203	195195	211211	186190	217217	202202
ZFCNS18	CNS	204204	179179	216195	166178	215207	203203	195195	213211	190190	217217	202202
ZFCNS19	CNS	204204	179179	216216	166166	215215	203203	195195	213215	190190	217217	202202
ZFCNS20	CNS	204204	179179	216216	166178	215215	203203	195195	211215	186186	217217	202211
ZFCNS21	CNS	204204	179179	216216	178178	215215	203203	195195	213211	190190	217217	202202
ZFCNS22	CNS	204204	179179	198216	166178	215215	203203	195195	213211	186186	217217	202202
ZFCNS23	CNS	204204	179179	216195	166166	215215	203203	195195	213215	188190	217217	202202
ZFCNS24	CNS	204204	179179	216216	166178	215215	203203	195195	211211	190190	217217	202211
ZFCNS25	CNS	204204	179179	216195	166178	215215	203203	195195	211211	186190	217217	202211
ZFCNS26	CNS	204204	179179	195195	166178	215215	203203	195195	213213	186190	217217	202202
ZFCNS27	CNS	204204	179179	195195	178178	215215	203203	195195	213211	186186	217217	202211
ZFCNS28	CNS	204204	179179	216216	166166	215215	203203	195195	213213	186190	217217	202202
ZFCNS29	CNS	204204	179179	198216	166178	215215	203203	195195	211211	186190	217217	202202
ZFCNS30	CNS	204204	179179	198216	166178	215215	203203	195195	213211	190190	217217	202202
ZFCNS31	CNS	204204	179179	216195	166178	215215	203203	195195	213215	186190	217217	202202
ZFCNS32	CNS	204204	179179	216195	166166	215215	203203	195195	213213	190190	217217	202211
ZFCNS33	CNS	204204	179179	195195	166166	215215	203203	195195	213215	190190	217217	202202
ZFCNS34	CNS	204204	179179	198216	166166	215215	203203	195195	211211	190190	217217	202202
ZFCNS35	CNS	204204	179179	216195	166166	215215	203203	189195	213215	190190	217217	202202
ZFCNS36	CNS	204204	179179	216216	166166	215215	203203	195195	211211	190190	217217	202211
ZFCNS37	CNS	204204	179179	198216	178178	215215	203203	195195	213211	176190	217217	202202
ZFCNS39	CNS	204204	179173	216195	166178	215215	203203	195195	211215	190190	217217	202202
ZFCNS40	CNS	204204	179173	216216	166166	215215	203203	195195	211211	176190	217217	202211
ZFCNS41	CNS	204204	179179	198216	166178	215215	203203	189195	211209	176190	217217	202211
ZFCNS42	CNS	204204	179179	216195	178178	215215	203203	195195	213211	186190	217217	202202
ZFCNS43	CNS	204204	179179	216216	166178	215215	203203	195195	213211	190190	217217	202202
ZFCNS44	CNS	204204	179179	216216	178178	215207	203203	195195	213211	190190	217217	202202
ZFCNS46	CNS	204204	179179	198216	178178	215215	203203	195195	211215	186190	217217	202202
ZFCNS47	CNS	204204	179179	216195	166178	215215	203203	195195	213211	190190	217217	202202
ZFCNS48	CNS	204204	179179	198195	166178	215207	203203	195195	211215	190190	217217	202202
ZFCNS49	CNS	204204	179179	195195	178178	215207	203203	195195	213213	186190	217217	202202
ZFCR01	CR	206206	179173	207207	178186	215217	203203	193199	207205	184186	217220	205205
ZFCR02	CR	222222	179179	198207	166186	225225	203205	195191	211211	188188	217220	205205
ZFCR03	CR	222224	179173	198198	166184	215225	203203	187187	205209	186188	217220	211211
ZFCR04	CR	224224	179173	207195	166178	215207	203203	187199	207213	184188	217220	205205
ZFCR05	CR	206206	179173	198207	182178	225225	203203	187199	211209	184184	217220	205205
ZFCR06	CR	206206	179179	195210	166178	215215	203203	195191	207207	184186	217220	202205
ZFCR07	CR	204224	179179	198198	178178	215215	203203	195195	207209	184188	217220	202211
ZFCR08	CR	206204	179179	198198	178178	207189	203203	187199	207211	188188	217220	205205
ZFCR09	CR	206204	179173	198207	166184	215217	203203	189187	211209	184186	217220	202211
ZFCR11	CR	206206	179182	198207	178178	215225	203203	195187	207209	184184	217220	202205
ZFCR12	CR	206224	179173	195210	178186	215227	203203	195195	213211	184188	217220	202211
ZFCR13	CR	222224	179173	198198	180178	215215	203203	195199	213209	186188	217217	208208
ZFCR14	CR	206220	179173	198207	166178	225225	203205	195199	213211	184188	217220	205211
ZFCR15	CR	224220	179173	198207	166182	207225	203203	199199	213211	184188	217217	205211
ZFCR16	CR	220230	173173	198198	166178	215225	203205	193199	207207	186186	217220	205205
ZFCR18	CR	222204	179179	198198	182186	215225	205205	189187	211211	184184	217220	205211
ZFCR19	CR	206220	173170	198207	166182	225225	203203	195187	213211	186186	217220	205211
ZFCR20	CR	206204	179179	198198	182178	215217	203205	187199	205209	186188	217217	211211
ZFCR21	CR	206220	173173	210210	166182	215225	203203	189195	209217	184188	217217	205211
ZFCR22	CR	222222	173173	210210	166182	225225	203205	195187	209209	186188	217217	211211
ZFCR23	CR	204204	179173	210210	178178	207225	203203	189187	209209	186186	220220	211208
ZFCR24	CR	222204	179173	198198	166180	207207	203203	187187	213205	000000	217217	211208
ZFCR25	CR	222222	173173	198210	178178	215225	203203	187187	207217	184184	217217	205211
ZFCR26	CR	206206	173170	198207	166178	215225	203203	187199	211209	184184	217217	211211
ZFCR27	CR	206220	179179	198207	166178	215217	203203	000000	207217	184184	220220	208208
ZFCR28	CR	220220	179173	207210	166178	215215	203203	195191	211205	186188	217220	202211
ZFCR29	CR	206206	179173	198207	166182	225225	203203	189187	209217	184184	217220	211211
ZFCR30	CR	204224	179173	198207	166178	215225	203203	195195	217217	184184	220220	211211
ZFCR31	CR	204204	179173	198207	166178	215225	203203	187187	207211	186186	217220	202211
ZFCR33	CR	206204	179173	198198	178178	215217	203203	199201	211215	184188	217217	205205
ZFCR34	CR	206224	173173	198207	166178	215207	203203	195187	207209	184186	217220	202208
ZFCR35	CR	206224	179179	207207	166186	207225	203203	189195	207207	184184	217220	205205
ZFCR36	CR	206204	179179	198207	166178	225225	203205	195187	209217	186188	217220	202205
ZFCR37	CR	206204	179173	198198	166182	215215	203203	195187	209209	184188	217220	205208
ZFCR38	CR	204220	179173	198198	166178	215217	203203	195199	211209	184188	217220	205205
ZFCR39	CR	206204	179173	198207	182168	215207	203203	187191	211209	188188	217220	205205
ZFCR40	CR	222206	179173	198207	178178	215207	203203	195187	209217	184188	217220	205205
ZFCR41	CR	206206	173173	198198	178186	215225	203203	195187	211217	184176	217217	202205
ZFCR42	CR	206204	179173	198207	166178	215215	203203	195195	209217	186188	217220	205211
ZFCR43	CR	206206	179179	198207	180186	215215	203205	195199	213217	184186	220220	211211
ZFENP25	ENP	206204	179173	207219	182178	215215	203203	199199	207205	188176	217220	205208
ZFENP26	ENP	222204	179173	207219	182178	215215	203203	199201	207199	184176	217220	205205
ZFENP27	ENP	222204	179179	207216	182178	215207	203203	195199	207205	188190	217220	205211
ZFENP28	ENP	222204	179179	207207	166178	215215	203203	195199	211209	184184	217220	205205
ZFENP29	ENP	206204	179179	207207	178186	215223	203203	195199	207209	188182	217217	205208
ZFENP30	ENP	204220	179179	198207	166182	215215	203203	195201	207211	188188	217217	205208
ZFENP31	ENP	204204	179179	198207	182184	215215	203203	187201	211211	184188	217220	205211
ZFENP32	ENP	204204	179179	198207	166182	215215	203203	189201	207211	184188	217220	202211
ZFENP33	ENP	204204	179179	198198	182178	215215	203203	199201	207209	184184	217217	205211
ZFENP34	ENP	204204	179179	198198	182178	215215	203203	187199	207211	184184	217220	205205
ZFENP35	ENP	204204	179179	207219	182178	215207	203203	195201	213215	184188	217220	205208
ZFENP36	ENP	204204	179179	207207	182178	215215	203203	199199	207209	184188	217220	202208
ZFENP37	ENP	204204	179179	198198	166178	215215	203203	199201	213209	184188	217217	205205
ZFENP38	ENP	204204	179179	198207	166178	215215	203203	195195	209209	184188	217217	205208
ZFENP39	ENP	206204	179179	198207	178186	215215	203203	195201	207209	184184	217220	205205
ZFENP40	ENP	204204	179179	198198	178186	215215	203203	199201	207209	186188	217220	205205
ZFENP41	ENP	206204	179179	198219	182168	215215	203203	195201	213211	188188	217220	205205
ZFENP42	ENP	204220	173173	198207	178184	215215	203203	195201	207209	184188	220220	208217
ZFENP43	ENP	204204	179179	198207	166178	215215	203203	195199	209209	184190	217220	205211
ZFENP44	ENP	204204	179179	198198	178178	215215	203203	195201	209209	188188	217220	205205
ZFENP45	ENP	204208	179173	198207	166184	215215	203203	195199	209209	186186	217217	205211
ZFENP46	ENP	204204	179179	198207	178178	215215	203203	199201	213209	184184	217220	211211
ZFENP47	ENP	206206	179179	198207	166182	215189	203203	201201	207211	186188	220220	205211
ZFENP48	ENP	204204	179179	198207	166182	215215	203203	187199	211205	184188	217217	205211
ZFENP49	ENP	222206	179179	207207	182182	215215	203203	195199	207207	186188	217217	211211
ZFENP50	ENP	204204	179173	198207	178178	215215	203203	187191	209209	186188	220220	208208
ZFENP51	ENP	204208	179179	207207	182184	215215	203203	195187	207209	184184	220220	205211
ZFENP52	ENP	222204	179173	207207	178184	215215	203203	199199	209209	184190	217217	211214
ZFENP53	ENP	204204	179173	198207	166178	215215	203203	199201	211209	184186	217220	211214
ZFENP54	ENP	206220	179179	198207	178178	215215	203205	187191	211209	188188	217217	205211
ZFENP55	ENP	204204	179179	198207	166182	215215	203205	199199	209209	184184	217220	211211
ZFENP56	ENP	204204	179179	198207	166182	215215	203203	195195	207209	184176	220220	208208
ZFENP57	ENP	204204	179176	198198	178178	215215	203203	187199	207209	184188	217220	202217
ZFENP58	ENP	222204	173173	198219	166182	215215	203203	187197	207211	188188	217217	202211
ZFENP59	ENP	222206	179179	198207	182184	215215	203203	195201	211209	184188	217217	205205
ZFENP60	ENP	204220	179173	198207	166182	215215	203203	199199	213209	186188	217220	205205
ZFENP61	ENP	206204	179179	198219	182186	215215	203203	195201	207209	184184	217220	205205
ZFFDSP01	FDSP	204204	173173	198198	166166	207207	203203	189195	213205	186186	217217	202211
ZFFDSP02	FDSP	206206	179173	198198	178178	207207	203203	195183	213205	186186	217217	211211
ZFFDSP04	FDSP	206204	173173	198198	166166	207207	203203	189189	213205	186186	217217	211211
ZFFDSP05	FDSP	206204	179173	198195	166178	207207	203203	189195	213209	186186	217217	211211
ZFFDSP06	FDSP	206218	173173	198198	166178	207207	203203	189195	211205	186186	217217	211211
ZFFDSP07	FDSP	206204	179173	198198	166178	207205	203203	195183	211205	188188	217217	211211
ZFFDSP08	FDSP	204204	179173	198198	166178	207205	203203	195195	211211	186188	217217	211211
ZFFDSP10	FDSP	206204	179173	198198	178178	207205	203203	195191	213213	186188	217217	211211
ZFFDSP11	FDSP	206204	179173	198198	166166	207207	203203	189191	213209	186186	217217	211211
ZFFDSP12	FDSP	204204	179173	198198	178178	207205	203203	191193	211211	186186	217217	211211
ZFFDSP13	FDSP	204204	179173	198198	178178	215207	203203	189195	211209	186190	217217	211211
ZFFDSP14	FDSP	206204	179173	198198	166178	207205	203203	195183	205205	186188	217217	211211
ZFFDSP16	FDSP	206206	179179	198198	166178	215207	203203	191193	205209	186186	217217	202211
ZFFDSP17	FDSP	206204	173173	198198	166178	215207	203203	191191	213205	186186	217217	211211
ZFFDSP18	FDSP	206206	179179	198198	166166	207205	203203	189195	213205	186186	217217	211211
ZFFDSP19	FDSP	206204	179179	198198	166166	207205	203203	195191	205205	186190	217217	202211
ZFFDSP21	FDSP	206204	179173	198198	178178	207207	203203	195191	211205	186190	217217	202211
ZFFDSP22	FDSP	206204	173173	198198	166178	207205	203203	195193	211205	186186	217217	211211
ZFFDSP23	FDSP	206204	173173	195195	166178	207207	203203	195195	213205	186186	217217	211211
ZFFDSP24	FDSP	206204	179179	198198	166178	207207	203203	195195	213213	186186	217217	211211
ZFFDSP26	FDSP	206204	179173	198195	166178	207207	203203	189195	000000	186186	217217	211211
ZFFDSP27	FDSP	206204	179179	198195	166178	207207	203203	189195	213205	186186	217217	211211
ZFFDSP28	FDSP	204204	179173	198198	178178	207205	203203	189187	213213	186186	217217	211211
ZFFDSP30	FDSP	204204	179173	198198	166166	207207	203203	189189	213213	186188	217217	202202
ZFFDSP31	FDSP	218218	179173	198198	178178	215205	203203	195183	213211	186186	217217	211211
ZFFDSP32	FDSP	204204	179173	198198	178178	207207	203203	195191	205205	186186	217217	211211
ZFFDSP33	FDSP	204204	179173	198195	178178	207207	203203	191193	213205	186186	217217	211211
ZFFDSP34	FDSP	206218	179173	198198	166180	207207	203203	195195	213211	186186	217217	211211
ZFFDSP35	FDSP	206204	179173	198198	166178	207207	203203	189195	213213	186186	217217	211211
ZFFDSP37	FDSP	206204	179179	198198	178178	207207	203203	195191	213205	186186	217217	211211
ZFFDSP38	FDSP	206204	179179	198198	166180	207207	203203	195183	213213	186186	217217	211211
ZFFDSP39	FDSP	206204	179173	195195	178178	207207	203203	189195	213213	186186	217217	211211
ZFFDSP40	FDSP	206204	179179	198195	178178	207207	203203	189195	213213	186186	217217	211211
ZFFDSP42	FDSP	206206	179173	198195	166178	207205	203203	195195	213213	186186	217217	211211
ZFFDSP43	FDSP	206206	179179	195195	166178	207207	203203	195183	213213	186186	217217	211211
ZFFDSP44	FDSP	204204	179179	198198	166178	207207	203203	195191	213213	186186	217217	211211
ZFFDSP45	FDSP	206206	179179	198198	180178	207207	203203	195195	213213	186186	217217	211211
ZFFDSP46	FDSP	206206	179179	198198	178178	207205	203203	195195	213213	186186	217217	211211
ZFFDSP47	FDSP	204204	179173	198195	166178	207207	203203	195195	213213	186186	217217	211211
ZFFDSP48	FDSP	206204	179179	198195	178178	207207	203203	195195	213213	186186	217217	211211
ZFI01	I	204224	179179	198207	166166	215217	203203	189187	207213	184188	217217	202205
ZFI02	I	222204	179179	198207	166166	225217	203203	187187	213213	184186	217217	202205
ZFI03	I	204224	179179	198198	166166	215215	203203	189187	207213	184184	217220	202205
ZFI04	I	204204	179179	198207	166166	215217	203203	187187	213213	184184	217217	205205
ZFI05	I	204224	179179	198207	182182	215215	203203	189187	207213	184186	217217	202202
ZFI06	I	204204	179179	198207	182178	215217	203203	189189	207213	184186	217217	202202
ZFI07	I	204204	179179	198198	166182	215215	203203	189187	213213	184184	217220	205205
ZFI08	I	222204	179179	198207	166166	215225	203203	187187	207213	184184	217217	205205
ZFI09	I	222204	179179	198207	166182	215217	203203	189189	207213	184184	217217	202205
ZFI10	I	204204	179179	198207	166166	215215	203203	187187	213213	184186	217220	202202
ZFI11	I	204204	179179	198198	166182	215217	203203	187187	207213	184184	217220	202205
ZFI12	I	204224	179179	198198	166166	215215	203203	187187	213213	184184	217217	202205
ZFI13	I	204224	179179	198198	182182	215215	203203	189189	213213	184188	217220	202205
ZFI14	I	204224	179179	198198	166182	215207	203203	189189	207213	184186	217220	202205
ZFI15	I	222224	179179	198198	182182	215215	203203	189187	207213	184186	217220	202205
ZFI16	I	224224	179179	198198	166182	215215	203203	189189	213213	184184	217220	202205
ZFI17	I	204204	179179	198207	166182	215215	203203	189187	213213	184184	217220	202205
ZFI18	I	204204	179179	198207	182182	215215	203203	189189	213213	184184	220220	202205
ZFI19	I	204204	179179	198198	182182	215225	000000	189187	207213	184184	217220	202205
ZFI20	I	224224	179179	198207	166182	207225	203203	189187	213213	184184	217217	202205
ZFI21	I	204224	179179	198198	166182	207207	203205	189189	207213	184184	217217	202202
ZFI22	I	206204	179179	198207	166166	215217	203205	189187	207213	184186	217217	205205
ZFI23	I	204224	179179	198198	166182	215215	203203	189187	213213	184184	217220	202205
ZFI24	I	204224	179179	198198	166166	215215	203203	189187	207213	184184	217217	202205
ZFI25	I	222222	179179	198198	166166	215215	203203	187187	213213	184186	217217	205205
ZFI26	I	204224	179179	198198	166182	215215	203203	189187	207213	184184	217217	205205
ZFI27	I	204204	179179	198198	166182	215215	203203	189187	207213	184184	217217	202202
ZFK01	I	204204	179179	198216	182184	215215	203203	195195	207211	188188	217217	211211
ZFK02	K	204204	179179	198216	182182	215215	203203	195195	207211	188188	217217	211211
ZFK03	K	204204	179179	198216	182184	215215	203203	195187	207211	188188	217217	211211
ZFK04	K	204204	179179	198216	182184	215215	203203	187187	207207	188188	217217	211211
ZFK05	K	204204	179179	198216	184184	215215	203203	187187	207207	188188	217217	205211
ZFK06	K	204204	179179	198198	182182	215215	203203	195187	207211	188188	217217	205211
ZFK07	K	204204	179173	198216	184184	215215	203203	195195	207207	188188	217217	211211
ZFK08	K	204204	179173	198198	182184	215215	203203	187187	207207	188188	217217	211211
ZFK10	K	204204	179179	198216	182182	215215	203203	187187	207211	188188	217217	211211
ZFK11	K	204204	179179	198198	184184	215215	203203	195187	207211	188188	217217	205211
ZFK12	K	204204	173173	198198	182184	215215	203203	195195	207211	188188	217217	211211
ZFK13	K	204204	179173	198198	184184	215207	203203	195195	207211	188188	217217	211211
ZFK14	K	204204	179173	198216	166184	215207	203203	195195	207211	188188	217217	205211
ZFK15	K	204204	179179	198198	184184	215207	203203	195187	207211	188188	217217	211211
ZFK16	K	204204	179173	198198	184184	215215	203203	195195	211211	188188	217217	211211
ZFLB01	LB	204204	179179	207207	184184	207207	203203	201201	213209	188188	217220	205211
ZFLB02	LB	204204	179179	207207	184184	207207	203203	199199	213209	188188	220220	205205
ZFLB03	LB	204204	179179	207207	184184	215207	203203	199201	211209	188188	217220	202202
ZFLB04	LB	204204	179179	207207	166184	207207	203203	187201	213211	188188	217217	202202
ZFLB05	LB	204204	179179	207207	184184	215207	203203	187201	213209	188188	220220	202211
ZFLB06	LB	204204	179179	207207	184184	215207	203203	187201	211209	188188	217220	205211
ZFLB07	LB	204204	179179	207207	184184	215207	203203	195201	211209	184188	217217	202211
ZFLB08	LB	204204	179179	207207	184184	215207	203203	187199	213209	188188	217220	205217
ZFLB09	LB	204204	179179	207207	184184	207207	000000	187187	209209	188188	217217	205205
ZFLB10	LB	204204	179179	207207	184184	207207	203203	187187	209209	188188	217220	202205
ZFLB11	LB	204204	173173	207207	184184	215207	203203	187187	211209	188188	217220	217217
ZFLB12	LB	204204	179179	207207	184184	215207	203203	187201	209209	188188	217220	205205
ZFLB13	LB	204204	179173	207207	178184	215207	203203	187201	209209	188188	217217	205205
ZFLTI01	LTI	206206	179173	198198	166178	215207	203203	195195	213211	176190	217217	211211
ZFLTI02	LTI	206218	179173	198216	166178	215215	203203	195195	213211	176190	217217	211211
ZFLTI03	LTI	204218	173173	198216	166178	215207	203203	195195	213213	176190	217217	211211
ZFLTI04	LTI	204204	179173	198198	166178	215215	203203	189195	213211	176190	217217	211211
ZFLTI05	LTI	204218	179173	198216	178178	215207	203203	195195	213213	176190	217217	211211
ZFLTI06	LTI	206204	179173	198216	166178	207207	203203	189195	213213	176176	217217	211211
ZFLTI07	LTI	206204	179173	198198	178178	215207	203203	189195	213213	176190	217217	211211
ZFLTI08	LTI	204218	179173	198198	166178	215215	203203	195195	213213	176176	217217	202211
ZFLTI09	LTI	204218	179173	198198	166178	215207	203203	189195	213213	176190	217217	211211
ZFLTI10	LTI	206218	179173	198198	178178	215207	203203	189195	213211	176190	217217	211211
ZFLTI11	LTI	204218	179173	198216	166166	207207	203203	195195	213213	176176	217217	211211
ZFLTI12	LTI	206218	179173	198216	166178	215207	203203	195195	213211	176176	217217	211211
ZFLTI13	LTI	206204	179173	198216	166178	215215	203203	195195	213213	176190	217217	211211
ZFLTI14	LTI	206218	179179	198216	178178	215215	203203	195195	213211	190190	217217	211211
ZFONF101	ONF1	204218	182182	198195	180180	205205	203203	189193	213209	186186	217217	211211
ZFONF102	ONF1	204218	173182	207195	166180	207205	203203	191183	211211	186186	217217	211211
ZFONF103	ONF1	204204	179182	198195	166166	215215	203203	195193	211211	186186	217217	211211
ZFONF104	ONF1	206218	173182	195195	166166	207207	203203	191193	211211	186186	217217	211211
ZFONF105	ONF1	204204	173182	195195	166166	215205	203203	191193	211211	186186	217217	211211
ZFONF106	ONF1	218218	179179	198195	166180	207205	203203	189191	211211	186186	217217	211211
ZFONF107	ONF1	204218	179179	207195	166184	215215	203203	189193	211211	186186	217217	211211
ZFONF108	ONF1	204218	179179	195195	166184	215215	203203	191193	211211	186186	217217	211211
ZFONF109	ONF1	218218	000000	195195	166184	215205	203203	189195	211211	186186	217217	211211
ZFONF110	ONF1	206206	179182	195195	166180	207207	203203	195191	211211	186186	217217	211211
ZFONF111	ONF1	206218	173182	207195	166166	215215	203203	189191	211209	186186	217217	211211
ZFONF112	ONF1	204218	179179	195195	166166	205205	203203	195193	211211	186186	217217	211211
ZFONF113	ONF1	204218	182182	195195	166180	215207	000000	195193	211209	186188	217217	211211
ZFONF115	ONF1	204218	179179	198195	166166	215205	203203	191191	211211	186186	217217	211211
ZFONF116	ONF1	204204	179179	198195	166166	215205	203203	191193	211205	186186	217217	211211
ZFONF117	ONF1	204204	179179	198195	166166	215207	203203	195191	211211	186176	217217	211211
ZFONF118	ONF1	218218	179182	198198	166166	215205	203203	195195	213211	186186	217217	211211
ZFONF119	ONF1	204216	179173	198195	166166	207207	203203	189193	211211	188188	217217	211211
ZFONF120	ONF1	204216	173173	198198	166166	207207	203203	189195	211211	188188	217217	211211
ZFONF121	ONF1	204204	179173	198195	166166	207205	203203	191193	213211	186188	217217	211211
ZFONF122	ONF1	204218	179173	198198	166178	215215	203203	189195	211211	186186	217217	211211
ZFONF123	ONF1	206204	179173	207195	166184	207207	203203	191193	211205	186186	217217	211211
ZFONF124	ONF1	204218	173182	195195	166184	215205	203203	191193	211211	186186	217217	211211
ZFONF125	ONF1	206204	173173	198207	166184	215207	203203	195193	211211	186186	217217	211211
ZFONF126	ONF1	206204	182182	198198	166166	215215	203203	195191	211205	186186	217217	211211
ZFONF201	ONF2	204208	173173	198195	166166	207189	203203	189191	213209	186188	217217	205205
ZFONF202	ONF2	206206	173173	198198	166166	207189	203203	195195	211205	186186	217217	211211
ZFONF203	ONF2	206204	173173	198198	166166	189189	203203	195199	211215	186188	217217	211211
ZFONF204	ONF2	206204	173173	198216	166166	207189	203203	195199	211215	188176	217217	205211
ZFONF206	ONF2	206220	173173	198207	166166	207189	203203	195199	215215	186186	217217	205211
ZFONF207	ONF2	206204	173173	216195	166166	189205	203203	193199	213215	188188	217217	211211
ZFONF208	ONF2	206204	173173	198216	166166	207207	203203	195199	213211	186188	217217	211211
ZFONF209	ONF2	204204	173173	198216	166166	189189	203203	195195	213211	186188	217217	205211
ZFONF210	ONF2	204208	173173	216216	166166	207205	203203	195197	213211	186186	217217	211211
ZFONF211	ONF2	204208	179173	216195	166166	207205	203203	195195	211209	186188	217217	211211
ZFONF212	ONF2	204208	173173	195195	166166	207189	203203	195197	213211	186186	217217	211211
ZFONF214	ONF2	206204	173173	198216	166166	189205	203203	191191	211209	186188	217217	211211
ZFONF215	ONF2	206204	173173	198195	166166	189205	203203	195191	211211	186186	217217	211211
ZFONF216	ONF2	204204	173173	195195	166166	189189	203203	195195	211215	186188	217217	211211
ZFONF217	ONF2	204204	173173	216195	166166	207205	203203	195191	205205	186188	217217	211211
ZFONF218	ONF2	204204	173173	207195	166166	189205	203203	195199	211211	186176	217217	211211
ZFONF219	ONF2	208220	173173	195195	166166	189189	203203	195193	211211	186186	217217	211211
ZFONF220	ONF2	204204	173173	198216	166166	205205	203203	195193	205205	186188	217217	211211
ZFONF222	ONF2	204208	173173	207216	166166	189205	203203	195195	215215	186188	217217	211211
ZFONF223	ONF2	204208	173173	198207	166166	189189	203203	195193	215205	186188	217217	211211
ZFONF224	ONF2	204208	173173	216195	166166	205205	203203	195199	211215	186186	217217	211211
ZFONF225	ONF2	206204	173173	195195	166166	189189	203203	195193	211211	186186	217217	211211
ZFONF226	ONF2	204208	173173	198198	166166	189205	203203	195195	211215	186188	217217	211211
ZFONF227	ONF2	206208	173173	195195	166166	189205	203203	195195	211215	186186	217217	211211
ZFONF228	ONF2	204208	179173	195195	166166	189205	203203	195195	215205	186176	217217	211211
ZFONF230	ONF2	206208	173173	198195	166166	207189	203203	195193	211211	186176	217217	211211
ZFONF231	ONF2	206204	173173	216216	166166	189189	203203	195195	205209	186186	217217	211211
ZFONF232	ONF2	204220	173173	195195	166166	189189	203203	195191	211205	186186	217217	211211
ZFONF233	ONF2	204220	173173	216195	166166	189205	203203	195195	211205	186188	217217	211211
ZFONF234	ONF2	206204	179173	198195	166168	189189	203203	195195	211215	186176	217217	211211
ZFONF235	ONF2	206220	173173	216216	166166	189205	203203	195193	215215	186186	217217	211211
ZFONF236	ONF2	204220	179179	216195	166166	205205	203203	195191	215215	186176	217217	205211
ZFONF238	ONF2	206206	173173	198198	166166	205205	203203	195199	211215	186176	217217	211211
ZFONF239	ONF2	206204	173173	216195	166166	189205	203203	195199	215205	186186	217217	205211
ZFONF240	ONF2	206206	173173	216195	166166	205205	203203	195195	211211	186176	217217	211211
ZFONF241	ONF2	204220	179173	216195	166166	189189	203203	195199	213205	186186	217217	211211
ZFONF242	ONF2	206206	173173	216195	166166	207205	203203	195199	211211	186186	217217	211211
ZFONF243	ONF2	204204	173173	216195	166166	189189	203203	195195	213215	186188	217217	211211
ZFONF244	ONF2	206204	173173	195195	166166	189189	203203	195191	211211	186188	217217	211211
ZFONF245	ONF2	206220	173173	216195	166166	207189	203203	195195	211211	176176	217217	211211
ZFOS01	O	206206	173173	198198	166178	215207	203203	195187	211211	190190	217217	205211
ZFOS02	O	206218	179173	198198	166178	215215	203203	195187	211211	186190	217220	205211
ZFOS03	O	206204	173173	198198	166184	215207	203203	189195	211209	188190	220223	205205
ZFOS04	O	206204	179173	198198	182178	215207	203203	189195	211211	186190	217217	205205
ZFOS05	O	206206	179173	198198	166178	215215	203203	195187	211211	186190	217217	205211
ZFOS06	O	206204	179173	198216	166166	215215	203203	195195	211209	186190	217217	205205
ZFOS07	O	206206	179179	198216	166182	215215	203203	189187	207211	188190	217217	205211
ZFOS08	O	204218	179173	198216	182182	215215	203203	189195	211211	186190	217217	205205
ZFOS09	O	206206	173173	198198	166178	215207	203203	189195	211209	186190	217220	205205
ZFOS10	O	206206	179179	198216	182178	215215	203203	195187	211211	190190	220220	205205
ZFOS11	O	204204	179173	198216	178186	215207	203203	195195	207211	190190	217217	205211
ZFOS12	O	204204	179179	198198	182184	215227	203203	195187	211209	186190	217217	205211
ZFOS13	O	206206	179179	198198	166166	215215	203203	189195	207209	190190	217217	205211
ZFOS14	O	204204	179173	198216	166178	215207	203205	195187	207211	190190	217220	205211
ZFOS15	O	206206	179179	198198	182184	215215	203203	195195	207211	190190	217217	205205
ZFOS16	O	206206	179179	198216	166178	215207	203203	195195	207211	186190	217220	205211
ZFOS17	O	206204	173173	198198	166166	215215	203203	195187	211211	190190	217220	205205
ZFOS18	O	206206	179179	198198	178184	215215	203203	195195	211211	190190	217220	205205
ZFOS19	O	206206	173173	198216	166182	215215	203203	195187	211209	190190	217217	205205
ZFOS20	O	206206	179173	198216	166182	215215	203203	195195	211211	186190	217220	205205
ZFOS21	O	206206	179179	216216	166178	207207	203203	187187	207211	190190	217217	205211
ZFOS22	O	206206	179173	198216	166184	215215	203203	195195	211209	190190	217217	205211
ZFOS23	O	206206	179179	198216	182182	215215	203205	195187	211209	190190	220220	205205
ZFOS24	O	206206	179173	216216	178184	215215	203203	195195	207207	190190	217217	205205
ZFOS25	O	206204	179173	198198	166178	215215	203203	189195	211215	190190	217217	205211
ZFOS26	O	206204	179173	198198	178178	215215	203203	189195	211211	186190	217217	205211
ZFOS27	O	206204	179179	198198	166184	215207	203203	195195	211211	186190	217217	205205
ZFOS28	O	206204	179173	198198	166178	215207	203203	195187	207211	190190	217220	205205
ZFOS29	O	206204	179173	216216	166182	215207	203203	195195	207211	186190	217220	205205
ZFOS30	O	206206	173173	198198	166166	215207	203203	187187	207211	190190	217217	205211
ZFOS31	O	206204	173173	198198	166166	215207	203205	195187	207211	188190	217217	211211
ZFOS32	O	206206	173173	198216	166178	215215	203203	189195	211211	186190	217220	205205
ZFPB01	BP	204204	179179	207207	184184	215207	203203	187201	215209	188188	220220	205205
ZFPB02	BP	204204	173173	207207	184184	215207	203203	201201	215209	186188	220220	205217
ZFPB03	BP	204204	179179	207207	184184	207207	203203	187201	211211	188188	220220	202205
ZFPB05	BP	204204	179173	207207	184184	207207	203203	201201	215209	188188	220220	205217
ZFPB06	BP	204204	179179	207207	184184	215207	203203	187201	211209	188188	220220	205205
ZFPB07	BP	204204	173173	207207	184184	207207	203203	201201	209209	186188	220220	205217
ZFPB08	BP	204204	179173	207207	184184	215207	203203	201201	211209	186188	220220	205205
ZFPB10	BP	204204	179173	207207	184184	215207	203203	201201	209209	188188	220220	202205
ZFPB11	BP	204204	173173	207207	184184	215207	203203	201201	209209	188188	220220	205205
ZFPB12	BP	204204	179173	207207	184184	215207	203203	201201	215209	188188	220220	205205
ZFPB13	BP	204204	179179	207207	184184	207207	203203	201201	215209	186188	220220	205205
ZFPB14	BP	204204	173173	207207	184184	207207	203203	201201	209209	186188	220220	205205
ZFPB15	BP	204204	179173	207207	184184	207207	203203	201201	211209	186188	220220	205205
ZFPB17	BP	204204	179173	207207	184184	215207	203203	201201	209209	188188	220220	205205
ZFPB18	BP	204204	173173	207207	184184	207207	203203	201201	209209	188188	220220	205205
ZFPB19	BP	204204	179179	207207	184184	215207	203203	187201	211209	186188	220220	205205
ZFPB20	BP	204204	179179	207207	184184	207207	203203	201201	209209	188188	220220	205217
ZFPB21	BP	204204	179179	207207	184184	207207	203203	201201	211209	186188	220220	205217
ZFPB22	BP	204204	179179	207207	184184	215207	203203	201201	209209	188188	220220	205217
ZFPB23	BP	204204	179173	207207	184184	215207	203203	201201	209209	186188	220220	205205
ZFSF01	SF	222206	179179	198198	166178	215215	205205	187187	207213	184184	217217	205208
ZFSF02	SF	206206	179179	198207	166178	215207	205205	195187	207213	184184	217217	211208
ZFSF03	SF	222206	179179	198207	166178	215217	203205	189187	207207	184184	217220	211208
ZFSF04	SF	206224	179179	198198	166166	215215	203205	187187	207207	184184	217220	211211
ZFSW101	SW1	206204	179179	198198	182178	215217	203203	189189	205205	184186	217220	211211
ZFSW102	SW1	206204	179179	198198	166182	225217	203203	189187	207205	184188	217217	205211
ZFSW103	SW1	206204	179179	198195	182178	215215	203203	189187	213205	184184	217220	205211
ZFSW104	SW1	206206	179173	198198	182182	215217	000000	189189	207213	184184	217220	205211
ZFSW105	SW1	206204	179179	198198	166182	215225	203203	189189	205205	186186	217220	205211
ZFSW106	SW1	204220	179179	207195	166166	215225	203203	189187	205209	184186	217217	205205
ZFSW107	SW1	204204	179179	198198	166182	217217	203203	189187	205205	184188	217220	205211
ZFSW108	SW1	206204	179179	198207	166182	215217	203203	187199	213205	184184	217220	205205
ZFSW109	SW1	206206	179179	198195	166166	215217	203203	187187	207205	184184	220220	205205
ZFSW110	SW1	206204	179179	198195	182178	225217	203203	189187	205205	184188	217220	205211
ZFSW111	SW1	206206	179179	198198	166178	215217	203203	189187	205205	186188	217220	211211
ZFSW112	SW1	206218	179179	198198	166178	215215	203203	189187	205205	186188	217217	205205
ZFSW113	SW1	206206	179179	198198	182178	215225	203203	189189	213209	184186	217217	205211
ZFSW114	SW1	206206	179179	198198	166166	215217	203203	189199	213205	184184	217220	205211
ZFSW115	SW1	206220	179179	198198	166186	215225	203203	189189	207205	184184	217217	205211
ZFSW116	SW1	204204	179179	198198	166182	225217	203203	189189	205209	186188	217217	205211
ZFSW117	SW1	206204	179179	198195	166182	225217	203203	189189	205209	184188	217217	205211
ZFSW119	SW1	206206	179179	198198	166182	215227	203203	187187	207205	184184	217220	205205
ZFSW120	SW1	206204	179179	198198	166186	217227	203205	187187	207207	184184	220220	205205
ZFSW121	SW1	206206	179173	198198	166182	225225	203203	187187	207205	184184	220220	211211
ZFSW122	SW1	222206	179179	198195	166182	215217	203203	189187	207207	184186	217220	205205
ZFSW123	SW1	222218	179179	198207	166182	215217	203203	189187	207205	184186	217220	205205
ZFSW124	SW1	222206	179179	198198	166182	215215	203203	189187	207207	184186	217220	205205
ZFSW201	SW2	204204	179179	198207	166166	215215	203203	187187	207213	184184	217220	205205
ZFSW202	SW2	204218	179179	198198	166166	215225	203203	187187	213205	184188	217220	205205
ZFSW203	SW2	206204	179179	198207	166166	215215	203203	187187	207205	184184	217220	205205
ZFSW204	SW2	204218	179179	198198	166178	215215	203203	187187	207205	184188	217220	205205
ZFSW205	SW2	204218	179179	198198	166178	215215	203203	189187	213213	184184	217220	205205
ZFSW206	SW2	204218	179179	198198	166178	215215	203203	199199	213205	184184	217220	205205
ZFSW207	SW2	218218	179179	198195	166182	215215	203203	187199	213205	184184	217220	205205
ZFSW208	SW2	204204	179179	198198	166166	215217	203203	199199	213205	184184	217217	205205
ZFSW209	SW2	204220	179179	198198	166178	215215	203203	187199	213205	184184	217220	205205
ZFSW210	SW2	204204	179179	198195	166178	215215	203203	187187	205205	184184	217217	205205
ZFSW211	SW2	204204	179179	198198	178178	215215	203203	187199	213205	184184	217217	205205
ZFSW212	SW2	204218	179179	198198	166178	215215	203203	187187	213205	184184	217217	205205
ZFSW213	SW2	204218	179179	198198	166166	215215	203203	187187	205205	184184	217217	205205
ZFSW214	SW2	206218	179179	198198	166178	215215	203203	187187	205205	184184	217217	205205
ZFSW215	SW2	206218	179179	198207	166166	215215	203203	189187	205205	184184	217220	205205
ZFSW216	SW2	204218	179179	198198	178178	215215	203203	187187	213205	184184	217217	205205
ZFSW217	SW2	206204	179179	198198	166166	215215	203203	187187	213205	184184	217220	205205
ZFSW218	SW2	218218	179179	198198	166178	215215	203203	187187	213205	184184	217217	205205
ZFSW219	SW2	204218	179179	198198	178178	215215	203203	187199	207205	184188	217217	205205
ZFSW220	SW2	204218	179179	198207	166178	215215	203203	187199	205205	184188	217220	205205
ZFSW221	SW2	204204	179179	198198	166178	215215	203203	187199	213205	184184	217217	205205
ZFSW222	SW2	204218	179179	198198	166166	215225	203203	187199	213205	184184	220220	205205
ZFSW223	SW2	204218	179179	198207	166166	215215	203203	199199	205205	184188	217220	205205
ZFSW224	SW2	204204	179179	198198	166178	215215	203203	187199	205205	184184	217217	205205
ZFSW225	SW2	204218	179179	198207	166178	215215	203203	187187	213213	184184	217217	205205
ZFSW226	SW2	204218	179179	198207	166166	215215	203203	187187	213205	184186	217220	205205
ZFSW227	SW2	204218	179179	198198	166178	215215	203203	187187	213205	184184	217220	205205
ZFSW229	SW2	204218	179179	198198	166178	215215	203203	187199	213213	184184	217220	205205
ZFSW230	SW2	218218	179179	198198	166178	215207	203203	187187	205205	184184	217217	205205
ZFSW231	SW2	204204	179179	198198	166178	215215	203203	187199	213205	184184	217220	205205
ZFSW232	SW2	204204	179179	198198	166166	215225	203203	189199	213205	184184	217220	205205
ZFSW233	SW2	206204	179179	198207	166178	215215	203203	187199	205205	184184	220220	205211
ZFSW234	SW2	218218	179179	198207	166166	215215	203203	187187	213205	184184	217220	205205
ZFSW235	SW2	204218	179179	198198	166166	215215	203203	187199	213213	184188	217217	205205
ZFSW236	SW2	218218	179179	198198	166166	215215	203203	187187	213205	184184	217217	205205
ZFSW237	SW2	206204	179179	198198	166166	215215	203203	187199	207205	184184	217217	205205
ZFSW238	SW2	218218	173173	198207	166182	215215	203203	187199	207205	184184	217217	205205
ZFSW239	SW2	218218	179179	198198	166178	207217	203203	187187	213205	184184	217220	205205
ZFSW240	SW2	204218	179179	198198	166178	215215	203203	187187	207213	184184	220220	205205
ZFTS01	TS	222204	170170	207207	182178	217217	203203	187187	207209	186188	220220	205211
ZFTS02	TS	204204	179170	198207	166166	217217	203203	187187	207207	184188	217220	211211
ZFTS03	TS	204204	179170	198207	166166	217217	203203	187187	207207	184188	217220	205211
ZFTS04	TS	222204	179170	198207	166166	217217	203203	187187	207209	188188	220220	205211
ZFTS05	TS	204204	179179	198207	184184	217217	203203	187187	207209	184188	217217	205211
ZFTS07	TS	204204	179170	207207	166182	215217	203203	187187	209209	184188	220220	205211
ZFTS08	TS	222204	179170	198207	166166	217217	203203	187187	207209	184188	217220	205205
ZFTS09	TS	222204	179170	198207	178184	217217	203203	187187	207209	184184	220220	205205
ZFTS10	TS	204204	170170	198207	182182	215217	203203	187187	207213	184188	217220	205211
ZFTS11	TS	222204	179170	207207	166178	215217	203203	187187	207207	184188	220220	205211
ZFTS12	TS	204204	179170	207207	166166	217217	203203	187187	207209	188188	217217	205205
ZFTS14	TS	204204	179170	207207	166166	217217	203203	187187	209209	184188	217220	205211
ZFTS15	TS	204204	179179	207207	182178	217217	203203	187187	207209	184188	220220	211211
ZFTS16	TS	204204	179170	198207	182182	215217	203203	187187	207213	186188	217220	205211
ZFTS17	TS	204204	179170	207207	166178	215215	000000	187187	207213	188188	220220	205211
ZFTS18	TS	204204	179170	198207	166166	217217	203203	187187	207207	184188	217220	205205
ZFTS19	TS	204204	179179	198207	166166	215217	000000	187187	207213	184188	220220	205205
ZFTS20	TS	204204	179170	198207	166166	215217	203203	187187	207209	184188	217220	205205
ZFTS21	TS	222204	179170	207207	166166	215217	203203	187187	207209	184188	220220	205211
ZFTS22	TS	222204	179170	207207	166166	215217	203203	187187	207209	184188	217220	205205
ZFTS23	TS	204204	179170	198207	166166	217217	203203	187187	207209	188188	217220	205211
ZFTS24	TS	204204	179170	198207	166166	217217	203203	187187	207207	188188	217220	205205
ZFTS25	TS	204204	179179	207207	182178	217217	203203	187187	213209	184184	220220	211211
ZFTS26	TS	204204	179179	198207	166166	217217	203203	187187	207213	184184	220220	205205
ZFTS27	TS	204204	179170	198198	184184	215217	203203	187187	207209	184186	220220	205211
ZFTS28	TS	204204	179179	198198	166184	215217	203203	187187	209209	186188	217220	205211
ZFTS29	TS	204204	179170	198207	182184	215215	203203	187187	207209	184184	220220	205205
ZFTS30	TS	204204	179179	198207	182184	215217	203203	187187	207209	184184	220220	205211
ZFTS31	TS	204204	179179	198207	166184	217217	203203	187187	207207	188188	217220	205211
ZFTS32	TS	222204	179179	198207	178184	217217	203203	187187	207207	184188	217220	205211
ZFTS33	TS	204204	179179	198207	166178	217217	203203	187187	207209	184188	217220	205211
ZFTS34	TS	204204	179170	198207	166166	217217	203203	187187	207209	184186	220220	205211
ZFTS35	TS	204204	179170	198207	166182	217217	203203	187187	207207	184184	217217	205211
ZFTS36	TS	204204	179170	207207	166166	217217	203203	187187	207209	184188	217220	205211
ZFTS37	TS	204204	179179	198198	166184	217217	203203	187187	207207	184184	217220	205211
ZFTS38	TS	204204	179179	198198	166182	215217	203203	187187	207209	184188	220220	205211
ZFTS39	TS	204204	179170	207207	166166	215217	203203	187187	207209	184186	217220	205205
ZFTS40	TS	204204	179170	198207	182184	215217	203203	187187	207209	184186	217217	211211
ZFTSP101	TSP1	206204	179179	198195	178178	215207	203203	195195	211211	186186	217217	202211
ZFTSP102	TSP1	204204	179179	198198	166178	215215	203203	195195	213215	190190	217217	202211
ZFTSP103	TSP1	206204	179173	198195	178178	215215	203203	195195	213211	190190	217217	202202
ZFTSP104	TSP1	204204	173173	198195	178178	215207	203203	195191	213215	176192	217217	211211
ZFTSP105	TSP1	204204	173173	198198	166178	215207	203203	195195	213213	190190	217217	202202
ZFTSP106	TSP1	206208	173173	198195	166178	215207	203203	191193	213209	186188	217217	202211
ZFTSP107	TSP1	206204	173182	198195	166178	215215	203203	195195	215209	176190	217217	202211
ZFTSP108	TSP1	206204	173173	216195	166178	215205	203203	195191	215209	188176	217217	202211
ZFTSP109	TSP1	206204	173173	198198	166178	215215	203203	195191	215209	176176	217217	211211
ZFTSP110	TSP1	206204	179173	198195	178178	215207	203203	195193	213209	186190	217217	211211
ZFTSP111	TSP1	204204	179182	198195	178178	215207	203203	195195	213211	186190	217217	211211
ZFTSP112	TSP1	204204	173182	198216	178178	215207	203203	189195	213213	188190	217217	202211
ZFTSP113	TSP1	206204	179173	198195	166178	215215	203203	195191	215209	176192	217217	211211
ZFTSP114	TSP1	204204	173182	216216	178178	215207	203203	195195	213209	186192	217217	202211
ZFTSP115	TSP1	206204	173182	198198	166178	207207	203203	195195	213215	188190	217217	202211
ZFTSP116	TSP1	204204	179182	198198	178178	215215	203203	195195	211215	186190	217217	211211
ZFTSP117	TSP1	204204	179179	195195	178178	207207	203203	189195	213215	176190	217217	211211
ZFTSP118	TSP1	204204	179173	198195	166178	215207	203203	189195	213211	192190	217217	202202
ZFTSP119	TSP1	204208	179173	198195	166166	207207	203203	195195	211215	184176	217217	202211
ZFTSP120	TSP1	204204	179182	198216	166178	207207	203203	189189	213211	186190	217217	202202
ZFTSP121	TSP1	204204	179179	207195	166178	215215	203203	195195	213215	176190	217217	202211
ZFTSP122	TSP1	204204	173173	198195	166178	215207	203203	195195	211211	186190	217217	202211
ZFTSP123	TSP1	204204	173173	195195	178178	207207	203203	189195	215209	186190	217217	211211
ZFTSP124	TSP1	206204	173173	198195	178178	207207	203203	195195	211209	186190	217217	211211
ZFTSP125	TSP1	206204	173173	195195	166178	207207	203203	195195	215209	186176	217217	202211
ZFTSP126	TSP1	204204	179173	198195	166178	215207	203203	195191	215209	186190	217217	211211
ZFTSP127	TSP1	204204	173173	198195	166178	207207	203203	195195	211209	176190	217217	211211
ZFTSP128	TSP1	206204	179179	195195	178178	207207	203203	195195	215209	190190	217217	211211
ZFTSP129	TSP1	206204	173173	198195	178178	215207	203203	189195	211211	186190	217217	211211
ZFTSP130	TSP1	204204	173173	195195	166178	207207	203203	195195	213209	176190	217217	202211
ZFTSP131	TSP1	206204	173173	198195	178178	207207	203203	195195	213213	186190	217217	202211
ZFTSP132	TSP1	204204	179179	198216	178178	215215	203203	195191	213211	186176	217217	211211
ZFTSP133	TSP1	206204	173173	198216	166166	207207	203203	195195	211211	186176	217217	202211
ZFTSP134	TSP1	204204	173173	195195	166178	215215	203203	195191	211211	176190	217217	211211
ZFTSP135	TSP1	204204	173173	198198	166178	207207	203203	195195	213213	186190	217217	202202
ZFTSP136	TSP1	204204	179173	198195	166166	207207	203203	195191	213213	186190	217217	202202
ZFTSP137	TSP1	204204	179173	207216	166166	215207	203203	195191	213209	186190	217217	202211
ZFTSP138	TSP1	204204	179179	198195	166178	207207	203203	195195	211209	186190	217217	211211
ZFTSP139	TSP1	204204	173173	195195	166178	207207	203203	195195	213211	186186	217217	202211
ZFTSP140	TSP1	204204	179173	198198	166178	207207	203203	195195	213209	188190	217217	202211
ZFTSP141	TSP1	204204	179173	195195	166166	215215	203203	195195	213213	186188	217217	202211
ZFTSP142	TSP1	204204	179173	198198	178178	215215	203203	195191	213215	190190	217217	202202
ZFTSP143	TSP1	206204	179173	198195	166178	215207	203203	195195	213213	186190	217217	211211
ZFTSP144	TSP1	204204	179179	198198	166178	215207	203203	189195	213215	190190	217217	211211
ZFTSP145	TSP1	204204	179173	195195	166178	215207	203203	195195	213211	190190	217217	202211
ZFTSP201	TSP2	204204	173173	198216	166178	215207	203203	191193	000000	186188	217217	211211
ZFTSP202	TSP2	204204	179173	216195	184184	215205	203203	195195	213213	186190	217217	211211
ZFTSP203	TSP2	204204	179179	198216	178178	215207	203203	191193	213211	186186	217217	211211
ZFTSP204	TSP2	204218	179179	216195	166178	215207	203203	189193	213211	186190	217217	211211
ZFTSP205	TSP2	204204	179179	198216	178184	215207	203203	195193	213205	186190	217217	211211
ZFTSP206	TSP2	206204	179173	198216	166178	215207	203203	189191	213205	186188	217217	211211
ZFTSP207	TSP2	206204	179173	198198	178178	215207	203203	189193	213205	186186	217217	211211
ZFTSP208	TSP2	204204	179179	198198	166178	215207	203203	189183	211205	186186	217217	202211
ZFTSP209	TSP2	204204	179173	198198	166166	207207	203203	195195	213211	186190	217217	211211
ZFTSP210	TSP2	204204	179179	198198	166178	207207	203203	195193	213211	186176	217217	211211
ZFTSP211	TSP2	204204	179173	198195	178184	215207	203203	189191	213213	190190	217217	211211
ZFTSP212	TSP2	204204	173182	195195	178178	207207	203203	195195	211205	186190	217217	211211
ZFTSP213	TSP2	204204	179173	195195	178178	207207	203203	195193	209209	186190	217217	202211
ZFTSP214	TSP2	206204	179173	198195	178178	215215	203203	195195	211215	186190	217217	202202
ZFTSP215	TSP2	204204	179179	198216	180178	215207	203203	195195	213211	186190	217217	202211
ZFTSP216	TSP2	204204	179173	207216	178184	215215	203203	189191	213211	186190	217217	202211
ZFTSP217	TSP2	204204	179173	198198	178178	207207	203203	195193	215209	186176	217217	202211
ZFTSP218	TSP2	206204	179173	198195	166178	215207	203203	195191	213209	186186	217217	202211
ZFTSP219	TSP2	206204	179173	198198	166178	215207	203203	195195	213213	186188	217217	202211
ZFTSP220	TSP2	204204	179173	198207	166166	207207	203203	191193	211211	188190	217217	202202
ZFTSP221	TSP2	204204	179173	216195	180178	215215	203203	191193	213215	186188	217217	211211
ZFTSP222	TSP2	204204	179173	198207	178184	215207	203203	195193	211209	186176	217217	211211
ZFTSP223	TSP2	204204	173182	195195	178178	207207	203203	195195	213209	186190	217217	202202
ZFTSP224	TSP2	204204	179173	216195	178178	215207	203203	195195	211215	176190	217217	202211
ZFTSP225	TSP2	204204	173173	195195	166178	215215	203203	195193	213213	186186	217217	202211
ZFTSP226	TSP2	204204	173173	198195	178178	215215	203203	195195	213211	186176	217217	202202
ZFTSP227	TSP2	206204	179179	198198	166184	207207	203203	195193	211209	186176	217217	211211
ZFTSP228	TSP2	204204	179173	198198	178184	215215	203203	195191	213211	186190	217217	202211
ZFW01	W	206218	179179	198198	166178	215225	203203	189187	213213	184186	220220	205205
ZFW02	W	206218	179179	198213	166166	215225	203203	189199	213213	184188	220220	205205
ZFW03	W	218218	179179	198213	166182	215225	203203	189199	213213	184184	217220	202205
ZFW04	W	206218	179179	198207	166166	215215	203205	189187	213213	184188	220220	205205
ZFW05	W	206220	179179	198207	166182	215215	203205	195187	213213	184184	217220	202205
ZFW06	W	206218	179179	198207	178184	215215	205205	187199	213213	186188	220220	205205
ZFWB01	WB	204204	179173	198198	166166	215225	203203	195187	215209	184188	217217	211211
ZFWB02	WB	206204	179179	198198	166182	215215	203203	189199	215209	184184	217217	202208
ZFWB03	WB	206204	173173	198198	166166	215215	203205	195195	213209	184184	217217	208208
ZFWB05	WB	204204	173173	198195	166166	225225	203203	187187	207209	184186	217220	211208
ZFWB06	WB	204204	179179	198198	166166	215225	203203	195187	215209	184184	217217	211211
ZFWB07	WB	206204	179173	198207	166166	215225	203203	195199	215209	184188	217217	211208
ZFWB10	WB	204204	173173	198195	166166	215225	203205	187187	215209	184188	217220	211211
ZFWB11	WB	204204	173173	198207	166166	215227	203203	195187	209209	184188	217217	211208
ZFWB12	WB	206204	173173	198198	166166	215215	203205	195195	213209	184184	217217	202208
ZFWB13	WB	206204	173173	198195	166166	215225	000000	195187	211209	184188	217217	202208
ZFWB14	WB	204204	173173	198198	166178	215225	203203	195187	215209	184184	217217	211211
ZFWB15	WB	206204	0	0	198207	166166	215225	203205	195199	213209	184188	217217	211211
ZFWB18	WB	204204	173173	198198	166178	215225	203203	195195	209209	184188	217217	211208
ZFWB19	WB	206204	179173	198207	166182	215225	203205	195199	209209	184184	217217	211208
ZFWB20	WB	204204	179173	198198	178178	225225	203205	195187	215209	184188	217217	211208
ZFWB21	WB	206204	179173	198198	166178	215215	203205	195199	209209	188188	217217	211208
ZFWB22	WB	204204	179173	198198	178178	215225	203205	195187	213209	184188	217217	202211
ZFWB23	WB	206204	179179	198195	166166	215225	203203	195195	215209	188188	217217	211211
ZFWB24	WB	204204	173173	198198	182178	215225	205205	195195	215215	184188	217217	211211
ZFWB25	WB	204204	179173	198198	166178	215225	203205	187187	215209	184188	217217	211211
ZFWB26	WB	204204	179173	198198	178178	215225	203203	195187	213209	184184	217217	208208
ZFWB27	WB	204204	179179	198198	166178	215215	203203	195199	209209	184184	217217	211208
ZFWB29	WB	206204	173173	198207	166182	215225	203205	195187	207213	184184	217217	211208
ZFWB30	WB	206204	173173	198207	166182	215227	203203	195195	207209	184188	217217	211208
ZFWB31	WB	204204	173173	198198	166178	215215	203203	195195	209209	184184	217217	211208
ZFWB32	WB	206204	179173	198198	166166	215215	203203	000000	209209	184184	217220	211208
ZFWB35	WB	204204	173173	198198	166178	215215	203203	195195	209209	184184	217217	208208
ZFWB36	WB	204204	179173	198198	166166	215215	203203	195199	213209	184188	217217	208208
ZFWB37	WB	204204	179173	198198	166178	215227	203203	195195	213209	184184	217217	208208
ZFWB38	WB	204204	173173	198198	166178	215225	203203	187199	213209	184184	217217	211208
ZFWB39	WB	204204	000000	198198	166166	215215	203203	195195	209209	184188	217217	211208
ZFWB40	WB	206204	173173	198207	166166	215225	203203	195195	207209	184188	217217	211208
ZFWB41	WB	206204	000000	198207	166166	215225	203203	195195	213209	184188	217217	211208
ZFWB42	WB	204204	173173	198198	166166	215225	203203	195195	209209	184184	217217	211208
ZFWB43	WB	204204	173173	198198	166178	215215	203203	195199	209209	184184	217217	208208
ZFWB44	WB	204204	179179	198198	166178	215215	203203	199199	213209	184184	217217	205208
ZFWB46	WB	204204	173173	198198	166182	215215	203203	195199	207209	184184	217217	211208
ZFWB47	WB	206204	000000	198198	166166	215215	203203	195199	213209	184184	217220	211208
ZFWB48	WB	204204	173173	198198	166182	215189	203203	195195	207209	184188	217217	211208
ZFWB49	WB	204204	173173	198198	166166	215215	203203	195191	207209	184176	217217	211208
ZCF01	CF	222204	179179	207207	184184	215215	203203	195187	213209	184188	217217	202208
ZCF02	CF	222204	179173	207207	182178	215215	203205	187187	213215	184188	217220	205208
ZCF03	CF	204204	179179	207207	178178	215207	203203	195187	209209	184188	217220	205208
ZCF04	CF	220220	179179	207207	182184	215207	203203	193201	211215	184182	217220	205208
ZCF05	CF	222222	179173	207207	182178	215215	203203	187199	207209	184184	217217	205205
ZCF06	CF	220210	179173	198207	182184	215215	203203	195193	211209	188190	220220	205211
ZCF07	CF	222204	179179	198207	182178	215215	203203	199199	215209	184184	217217	202208
ZCF08	CF	204204	179179	207207	166184	215215	203205	199201	211215	176182	217217	208208
ZCF09	CF	204204	173173	207207	184184	215189	203203	195183	207211	186190	217220	202211
ZCF10	CF	204204	179179	207219	166184	215215	203203	195199	213209	184176	217217	205211
ZCF11	CF	204204	179179	198207	178178	215215	203203	199199	209209	184186	217217	205208
ZCF12	CF	204220	179179	198219	182182	215189	203203	201201	207209	188182	220220	205211
ZCF13	CF	204220	179179	207219	166166	215189	203203	187193	215209	184182	217220	205208
ZCF14	CF	204220	179179	198207	182178	215215	203203	187199	207211	186188	217220	211211
ZCF15	CF	204220	173173	198207	182178	215215	203203	195199	209209	184188	217220	205205
ZCF16	CF	204204	179179	210210	178184	215215	203203	195187	215209	184188	217217	205214
ZCF17	CF	204220	179179	198219	182178	215215	203203	195187	209209	184182	217217	208208
ZCF18	CF	204204	179173	198207	166184	215189	203203	187193	209217	184182	217220	205205
ZCF19	CF	224220	179173	198198	178184	215215	203203	187199	207209	188188	220220	205211
ZCF20	CF	204220	179179	198207	178178	215215	203203	187199	213209	186188	217217	208208
ZCF21	CF	204204	179173	198207	178184	215215	203203	195199	207209	184176	220220	205205
ZCF22	CF	202220	179173	198198	178184	215217	203203	187199	213211	184182	217217	202208
ZCF23	CF	204204	179179	207207	178184	215189	203203	187199	213215	184184	217217	208208
ZCF24	CF	204204	179173	207207	178184	215189	203203	195201	207215	190182	217217	211208
ZCF25	CF	222204	179176	207207	182178	215215	203203	195193	211211	184182	217220	211208
ZCF26	CF	204210	173176	207207	178178	215215	203203	187193	207207	190182	217217	205214
ZCF27	CF	204220	179179	198207	182178	215215	203203	195199	215209	184188	217220	205208
ZCF28	CF	222204	179179	207210	166184	215215	203203	187187	211209	184184	217217	208208
ZCF29	CF	204204	173173	207195	182184	215215	203203	187201	209209	188188	217220	205211
ZCF30	CF	220220	179179	207210	166178	215215	203203	195199	211209	184182	217220	205208
ZCF31	CF	204220	173173	207207	182184	215215	203205	187183	209209	184184	217217	205208
ZCF32	CF	204204	179179	198210	178184	217217	203203	187193	211209	184188	217220	205208
ZCF33	CF	222204	179179	207210	182184	189217	203203	187187	213209	182182	217217	205205
ZCF34	CF	204204	179179	207207	166178	215215	203203	193193	207209	188176	217217	211211
ZCF35	CF	204220	173173	207219	184184	215207	203203	187193	213209	188182	217217	205214
ZCF36	CF	204220	179179	207207	182178	215215	203203	187183	213213	184188	217217	205205
ZCF37	CF	204204	179179	198198	184184	215217	203203	199201	213209	188176	217217	208208
ZCF38	CF	222204	173173	198207	166184	215215	203203	193199	211209	184182	217217	205208
ZCF39	CF	204204	179179	198207	178178	215207	203203	193199	215209	176176	217217	211211
ZCF40	CF	204204	179179	198210	178178	215215	203203	195193	211209	184188	217217	205208
ZCF41	CF	204204	179179	207207	178184	215215	203203	195187	207217	184188	217217	205205
ZCF42	CF	206204	179173	207207	182184	215215	203203	195201	209209	184190	217220	211208
END