Zam05 Zam17 Zam34 Zam39 Zam55 Zam60 Zam62 Zfg02 Zfg25 Zfg31 Zfg38 
ZFB01 1 1 206 204 179 179 198 207 166 166 215 207 205 205 187 187 213 213 184 186 220 220 205 205
ZFB02 1 1 222 206 179 179 198 207 166 166 215 207 203 205 187 187 207 207 184 188 220 220 205 205
ZFB03 1 1 206 204 179 179 198 207 182 178 215 215 205 205 187 187 207 213 184 186 217 217 202 205
ZFB04 1 1 222 222 179 179 198 198 166 182 207 207 203 205 187 187 207 207 184 188 220 220 205 205
ZFB05 1 1 204 204 179 179 198 207 166 182 215 215 205 205 187 187 207 215 188 188 217 220 205 205
ZFB06 1 1 222 204 179 179 198 207 166 182 215 215 205 205 187 187 213 215 188 188 217 220 205 205
ZFB07 1 1 204 204 179 179 198 207 182 182 215 207 -9 -9 187 199 213 213 184 186 217 217 205 205
ZFB08 1 1 206 204 179 179 198 207 166 166 215 215 205 205 187 187 213 213 184 184 217 217 205 211
ZFB09 1 1 206 204 179 179 198 207 166 182 215 225 205 205 187 187 213 213 184 186 217 220 205 205
ZFB10 1 1 206 206 179 179 198 207 182 182 207 207 205 205 187 187 207 213 184 186 217 220 205 211
ZFB11 1 1 206 204 179 179 198 198 166 184 207 225 205 205 189 187 207 213 186 186 220 220 205 205
ZFB12 1 1 204 204 179 179 198 198 166 182 215 225 205 205 187 187 213 209 186 186 220 220 202 205
ZFB13 1 1 222 204 179 179 198 207 166 182 215 225 203 205 189 187 207 213 184 186 217 217 205 211
ZFB14 1 1 206 204 179 179 198 198 182 182 215 225 203 205 189 187 207 213 186 186 217 220 205 205
ZFB15 1 1 204 204 179 179 198 207 166 182 207 225 205 205 187 187 207 213 184 184 220 220 205 205
ZFB16 1 1 204 204 179 179 198 207 182 182 207 225 205 205 187 187 207 213 184 184 217 220 205 211
ZFB17 1 1 204 204 179 173 198 198 182 182 207 225 205 205 187 187 207 213 184 188 217 220 205 205
ZFB18 1 1 206 206 179 179 198 207 182 182 215 225 205 205 187 187 213 213 186 186 217 220 205 205
ZFB19 1 1 222 204 179 179 198 207 166 178 207 225 203 205 189 199 207 213 184 186 217 217 205 211
ZFB20 1 1 204 204 179 179 198 207 182 182 207 225 205 205 187 187 213 213 184 188 220 220 205 211
ZFB21 1 1 204 204 179 179 207 207 182 182 215 215 205 205 187 187 213 213 184 186 217 220 205 205
ZFB22 1 1 204 204 179 173 198 207 182 182 207 217 205 205 187 187 213 213 184 186 220 220 205 205
ZFB23 1 1 206 204 179 179 198 207 182 184 207 225 205 205 187 187 207 213 186 186 217 220 202 205
ZFB24 1 1 204 204 179 179 198 198 166 184 207 225 205 205 187 187 207 213 186 186 220 220 205 205
ZFB25 1 1 206 204 179 179 198 207 182 182 207 207 205 205 189 187 213 213 186 186 217 217 205 205
ZFB26 1 1 204 204 179 179 198 207 182 184 207 207 205 205 187 187 207 213 186 186 217 217 205 205
ZFB27 1 1 206 204 179 179 207 207 166 184 207 207 205 205 189 187 213 213 184 186 220 220 205 205
ZFB28 1 1 206 204 179 179 198 207 182 184 215 215 205 205 189 189 213 209 186 188 217 220 202 205
ZFB29 1 1 206 204 179 179 198 198 182 184 215 225 205 205 187 187 207 207 186 186 220 220 205 205
ZFB30 1 1 204 204 179 179 207 207 166 184 215 207 205 205 187 199 213 215 184 186 217 220 205 205
ZFB31 1 1 206 204 179 179 198 207 182 182 207 225 203 203 189 189 213 213 186 186 217 220 205 205
ZFB32 1 1 206 204 179 179 198 198 166 184 215 215 205 205 189 187 213 209 186 188 217 217 202 205
ZFB33 1 1 222 204 179 179 198 207 166 182 215 207 205 205 187 187 207 213 184 186 220 220 205 205
ZFB34 1 1 222 206 179 179 198 198 166 182 215 215 203 205 187 187 213 213 184 186 217 220 205 205
ZFB35 1 1 204 204 179 179 198 198 166 182 215 207 203 205 187 187 207 213 184 186 217 220 205 205
ZFBP101 2 1 204 204 173 173 198 216 166 178 215 207 203 203 189 195 207 211 186 186 217 217 211 211
ZFBP102 2 1 204 204 179 173 198 198 166 178 207 207 203 203 189 191 207 211 186 176 217 217 211 211
ZFBP103 2 1 206 204 179 173 198 216 178 178 207 207 203 203 195 195 207 211 186 190 217 217 211 211
ZFBP104 2 1 204 204 179 173 198 195 178 178 207 207 203 203 189 195 213 211 184 186 217 217 211 211
ZFBP105 2 1 204 204 179 179 198 195 166 178 215 207 203 203 189 189 211 209 186 186 217 217 211 211
ZFBP106 2 1 204 204 179 179 198 198 166 178 207 207 203 203 195 195 211 211 186 186 217 217 211 211
ZFBP107 2 1 204 204 179 179 198 195 178 184 215 207 203 203 189 195 213 209 186 186 217 217 211 211
ZFBP108 2 1 204 204 179 179 198 195 178 178 207 207 203 203 191 183 211 205 186 186 217 217 211 211
ZFBP109 2 1 218 216 179 173 198 213 178 178 207 211 203 203 189 195 213 211 186 186 217 217 211 211
ZFBP110 2 1 206 204 179 173 198 198 178 178 215 215 203 203 189 193 207 211 186 186 217 217 202 202
ZFBP111 2 1 204 204 173 173 198 198 166 178 207 207 203 203 195 191 211 215 186 186 217 217 211 211
ZFBP112 2 1 204 204 179 173 198 216 166 178 207 205 203 203 189 191 205 209 186 188 217 217 211 211
ZFBP113 2 1 204 204 179 173 198 198 178 178 207 207 203 203 189 183 205 209 186 186 217 217 211 211
ZFBP114 2 1 204 218 179 179 198 198 178 184 207 207 203 203 191 191 211 211 186 176 217 217 211 211
ZFBP115 2 1 204 204 173 182 198 216 178 178 215 207 203 203 195 195 211 209 186 186 217 217 211 211
ZFBP116 2 1 204 204 179 173 198 198 178 178 207 207 203 203 195 183 211 209 186 186 217 217 211 211
ZFBP117 2 1 206 206 179 173 198 195 178 178 215 207 203 203 191 183 211 211 186 186 217 217 211 211
ZFBP118 2 1 204 204 179 173 198 198 180 184 207 207 203 203 191 183 213 211 186 176 217 217 211 211
ZFBP119 2 1 206 204 173 182 198 198 166 178 215 215 203 203 195 195 211 211 186 186 217 217 211 211
ZFBP120 2 1 204 204 179 179 198 195 166 178 215 207 203 203 189 191 213 209 186 186 217 217 211 211
ZFBP121 2 1 206 204 179 179 198 198 166 178 215 207 203 203 189 191 211 211 186 186 217 217 211 211
ZFBP122 2 1 204 204 179 173 198 198 166 178 207 207 203 203 195 193 -9 -9 186 186 217 217 211 211
ZFBP123 2 1 204 204 179 173 198 198 166 178 207 207 203 203 195 191 211 205 188 188 217 217 211 211
ZFBP124 2 1 204 218 179 179 198 198 166 178 207 207 203 203 189 193 213 211 186 188 217 217 211 211
ZFBP125 2 1 206 204 179 173 198 195 180 178 207 207 203 203 195 195 211 211 186 186 217 217 211 211
ZFBP126 2 1 206 206 179 173 198 198 178 178 207 207 203 203 195 193 207 209 186 186 217 217 211 211
ZFBP127 2 1 204 204 179 179 198 213 178 178 207 207 203 203 195 193 211 211 186 190 217 217 211 211
ZFBP128 2 1 206 204 179 173 198 216 166 180 207 207 203 203 189 195 213 205 186 186 217 217 211 211
ZFBP129 2 1 206 208 179 179 198 198 166 180 215 207 203 203 195 191 211 205 186 186 217 217 211 211
ZFBP130 2 1 206 204 173 173 198 216 180 180 207 207 203 203 195 195 211 209 186 186 217 217 211 211
ZFBP131 2 1 206 204 179 179 198 198 166 180 207 207 203 203 191 193 205 209 186 186 217 217 211 211
ZFBP132 2 1 206 204 179 179 198 198 180 178 207 207 203 203 191 193 211 211 186 186 217 217 202 211
ZFBP133 2 1 206 206 173 173 198 198 166 166 207 207 203 203 195 191 205 205 186 186 217 217 211 211
ZFBP134 2 1 206 204 173 173 198 198 166 166 207 207 203 203 189 191 213 209 190 190 217 217 211 211
ZFBP135 2 1 206 206 179 179 198 216 166 178 215 207 203 203 189 195 207 211 186 186 217 217 211 211
ZFBP136 2 1 204 204 179 173 198 216 166 178 207 207 203 203 189 195 211 211 188 188 217 217 211 211
ZFBP201 3 1 206 204 179 179 198 198 166 178 207 207 203 203 191 193 205 209 186 188 217 217 202 211
ZFBP202 3 1 204 204 179 173 198 195 166 178 215 207 203 203 189 193 213 205 186 186 217 217 211 211
ZFBP203 3 1 204 204 179 173 198 207 166 178 207 207 203 203 195 193 205 209 186 188 217 217 211 211
ZFBP204 3 1 204 204 179 173 198 195 166 178 215 207 203 203 189 195 211 211 186 188 217 217 211 211
ZFBP205 3 1 206 204 173 182 198 198 166 178 207 207 203 203 191 193 211 205 188 188 217 217 211 211
ZFBP206 3 1 204 204 179 173 198 198 166 166 207 207 203 203 195 193 205 205 188 188 217 217 211 211
ZFBP207 3 1 206 218 182 182 198 195 166 178 215 207 203 203 195 191 211 211 186 188 217 217 202 202
ZFBP208 3 1 204 204 179 173 198 198 166 178 207 207 203 203 191 193 205 209 188 188 217 217 211 211
ZFBP209 3 1 206 206 173 173 198 213 166 166 207 207 203 203 195 193 211 205 186 186 217 217 211 211
ZFBP210 3 1 204 204 179 173 198 198 166 166 207 207 203 203 193 193 205 209 186 188 217 217 202 211
ZFBP211 3 1 204 204 179 179 198 198 166 180 215 207 203 203 191 191 213 211 186 186 217 217 211 211
ZFBP212 3 1 204 204 179 179 198 195 166 178 207 207 203 203 191 193 213 213 186 186 217 217 202 211
ZFBP213 3 1 204 204 179 179 198 198 166 166 215 207 203 203 195 191 205 205 186 188 217 217 211 211
ZFBP214 3 1 206 204 173 173 198 198 166 166 215 215 203 203 195 193 205 205 186 188 217 217 202 211
ZFBP215 3 1 206 204 179 179 198 198 166 178 207 207 203 203 195 193 211 205 186 186 217 217 211 211
ZFBP216 3 1 204 204 179 173 198 198 166 178 215 207 203 203 189 193 209 209 186 186 217 217 211 211
ZFBP217 3 1 206 204 173 173 198 198 166 166 215 207 203 203 191 193 215 205 186 186 217 217 202 211
ZFBP218 3 1 204 218 173 173 198 195 166 178 207 207 203 203 191 191 205 209 186 186 217 217 211 211
ZFBP219 3 1 204 204 179 173 198 198 178 178 207 207 203 203 191 183 205 209 186 186 217 217 211 211
ZFBP220 3 1 206 204 179 173 198 216 166 178 207 207 203 203 195 191 211 209 186 186 217 217 211 211
ZFBP221 3 1 204 218 173 173 198 195 166 178 207 207 203 203 189 191 213 209 186 186 217 217 202 211
ZFBP222 3 1 206 206 179 179 198 198 166 166 207 207 203 203 191 191 205 209 186 188 217 217 211 211
ZFBP223 3 1 206 204 179 179 198 195 166 178 215 207 203 203 191 193 213 211 186 188 217 217 202 202
ZFBP224 3 1 204 204 179 173 198 198 178 178 215 207 203 203 191 191 205 205 186 188 217 217 211 211
ZFBP225 3 1 206 204 179 173 216 195 166 178 207 207 203 203 195 191 215 209 186 188 217 217 211 211
ZFBP226 3 1 204 204 179 179 198 198 166 178 207 207 203 203 191 191 211 209 186 186 217 217 211 211
ZFBP227 3 1 204 204 179 173 198 198 178 178 215 207 203 203 195 191 211 209 184 186 217 217 211 211
ZFBP228 3 1 206 204 179 179 198 195 166 178 215 207 203 203 191 191 213 211 186 190 217 217 211 211
ZFBP229 3 1 206 206 179 173 198 195 166 178 207 207 203 203 195 193 211 209 186 186 217 217 211 211
ZFBP230 3 1 206 204 173 173 198 216 166 178 215 207 203 203 189 191 211 209 186 186 217 217 211 211
ZFBP231 3 1 204 204 179 182 198 198 180 178 215 205 203 203 189 191 213 211 186 188 217 217 211 211
ZFBP232 3 1 204 204 179 173 198 198 166 180 207 207 203 203 189 191 211 211 186 186 217 217 211 211
ZFBP233 3 1 204 204 173 173 198 213 166 178 215 205 203 203 189 191 213 213 186 188 217 217 211 211
ZFCC01 4 1 206 204 179 173 198 216 166 166 215 215 203 203 187 187 211 205 188 190 217 223 205 205
ZFCC03 4 1 206 206 179 179 216 216 166 166 215 215 203 203 195 195 211 205 188 190 217 217 205 205
ZFCC04 4 1 206 204 173 173 216 216 166 182 215 215 203 203 195 187 211 205 188 190 217 217 205 205
ZFCC05 4 1 204 204 179 173 198 216 166 182 215 215 203 203 195 195 211 205 188 190 217 217 205 205
ZFCC08 4 1 206 218 173 173 198 216 166 166 215 215 203 203 195 195 211 205 188 190 217 217 205 211
ZFCC09 4 1 206 218 179 179 216 216 166 166 215 215 203 203 195 187 211 211 188 190 217 217 205 205
ZFCC10 4 1 206 218 179 179 198 216 166 166 215 215 203 203 195 187 211 205 188 188 217 223 205 205
ZFCC11 4 1 206 204 179 179 198 216 166 166 215 215 203 203 195 195 211 205 188 190 217 223 205 205
ZFCC12 4 1 206 204 179 173 198 216 166 178 215 217 203 203 195 187 207 211 188 188 217 217 205 205
ZFCC13 4 1 206 204 179 173 198 216 166 166 215 207 203 203 195 195 211 209 188 190 217 217 205 205
ZFCC14 4 1 206 206 179 173 198 216 182 184 215 215 203 203 195 187 211 205 186 188 217 217 205 205
ZFCC15 4 1 206 206 179 173 198 216 166 166 215 215 203 203 195 187 211 209 188 190 217 217 205 205
ZFCC16 4 1 206 206 179 173 198 216 166 166 215 215 203 203 195 187 207 211 188 188 217 217 205 205
ZFCC17 4 1 206 204 179 173 216 216 166 184 215 215 203 203 187 187 207 211 188 190 217 217 205 205
ZFCC18 4 1 206 204 179 173 216 216 166 166 215 215 203 203 195 187 211 205 188 190 217 217 205 205
ZFCC19 4 1 206 224 173 173 198 216 166 184 215 215 203 203 195 187 207 209 188 190 217 223 205 205
ZFCC20 4 1 206 204 173 173 198 216 166 166 215 215 203 203 195 195 207 207 190 190 217 217 205 205
ZFCC21 4 1 206 224 173 173 198 198 166 166 215 207 203 203 195 195 205 209 188 188 217 217 205 211
ZFCC22 4 1 204 218 173 173 198 198 166 166 207 207 203 203 195 195 211 205 188 190 217 217 205 211
ZFCC26 4 1 206 206 179 173 198 216 166 166 215 215 203 203 195 187 207 211 188 190 217 217 205 205
ZFCC27 4 1 206 206 179 179 198 216 166 166 215 215 203 203 195 195 211 211 188 190 217 223 205 205
ZFCC29 4 1 204 224 173 173 198 198 166 166 215 215 203 203 195 187 207 211 188 190 217 217 205 205
ZFCC30 4 1 206 204 179 173 216 216 166 166 215 215 203 203 195 195 211 211 188 190 217 223 205 205
ZFCC32 4 1 204 218 173 173 216 216 166 166 215 215 203 203 195 187 207 209 188 190 217 217 205 205
ZFCC33 4 1 206 204 179 179 198 216 182 182 215 215 203 203 195 195 211 211 188 188 217 217 205 205
ZFCC34 4 1 204 204 179 179 198 216 166 166 215 207 203 203 187 187 211 211 186 190 217 217 205 211
ZFCC35 4 1 206 218 173 173 198 216 166 184 215 215 203 203 195 195 211 211 188 190 217 223 205 205
ZFCC36 4 1 206 204 173 173 198 216 166 166 215 207 203 203 195 187 211 209 188 188 217 217 205 205
ZFCC37 4 1 206 204 179 173 198 198 166 178 215 217 203 203 195 187 211 211 188 188 217 217 205 205
ZFCC40 4 1 206 206 179 179 198 216 166 184 215 207 203 203 195 187 211 205 188 188 217 223 205 205
ZFCC42 4 1 204 204 179 173 207 216 182 184 215 217 203 203 187 187 211 211 188 188 217 217 202 205
ZFCC44 4 1 206 206 179 179 216 216 184 184 215 215 203 203 195 195 211 211 190 190 217 217 205 205
ZFCC45 4 1 206 204 179 179 216 216 182 184 215 215 203 203 195 187 205 209 -9 -9 217 217 205 205
ZFCC46 4 1 204 224 173 173 216 216 166 166 215 207 203 203 195 195 211 211 188 190 217 217 205 211
ZFCC47 4 1 204 218 173 173 198 216 166 166 215 217 203 203 195 187 211 211 188 190 217 217 205 205
ZFCC48 4 1 206 224 173 173 198 198 166 166 215 207 203 203 195 195 211 205 188 188 217 217 205 211
ZFCC50 4 1 206 206 173 173 198 216 166 184 215 215 203 203 187 187 207 211 190 190 217 217 205 205
ZFCC51 4 1 206 206 179 179 216 216 166 166 215 215 203 203 195 187 211 211 190 190 217 217 205 205
ZFCC52 4 1 206 204 179 173 198 216 166 166 215 207 203 203 195 187 211 211 188 188 217 223 205 211
ZFCC53 4 1 206 206 179 179 216 216 166 166 215 215 203 203 195 187 211 211 188 190 217 223 205 205
ZFCNS01 5 1 204 204 179 179 216 195 178 178 215 215 203 203 195 195 209 209 190 190 217 217 202 202
ZFCNS02 5 1 204 204 179 179 195 195 166 166 215 215 203 203 195 195 211 211 190 190 217 217 202 202
ZFCNS05 5 1 204 204 179 179 198 216 166 166 215 215 203 203 195 195 213 211 186 190 217 217 202 202
ZFCNS06 5 1 204 204 179 179 216 216 166 166 215 215 203 203 195 195 213 211 186 190 217 217 202 202
ZFCNS07 5 1 204 204 179 179 195 195 166 166 215 215 203 203 195 195 211 215 186 186 217 217 202 202
ZFCNS10 5 1 204 204 179 179 195 195 166 178 215 207 203 203 195 195 211 215 190 190 217 217 202 202
ZFCNS11 5 1 204 204 179 179 216 195 166 178 215 215 203 203 195 195 215 209 190 190 217 217 202 202
ZFCNS15 5 1 204 204 179 179 216 195 178 178 215 215 203 203 195 195 213 213 186 186 217 217 202 211
ZFCNS17 5 1 204 204 179 179 216 216 166 178 215 215 203 203 195 195 211 211 186 190 217 217 202 202
ZFCNS18 5 1 204 204 179 179 216 195 166 178 215 207 203 203 195 195 213 211 190 190 217 217 202 202
ZFCNS19 5 1 204 204 179 179 216 216 166 166 215 215 203 203 195 195 213 215 190 190 217 217 202 202
ZFCNS20 5 1 204 204 179 179 216 216 166 178 215 215 203 203 195 195 211 215 186 186 217 217 202 211
ZFCNS21 5 1 204 204 179 179 216 216 178 178 215 215 203 203 195 195 213 211 190 190 217 217 202 202
ZFCNS22 5 1 204 204 179 179 198 216 166 178 215 215 203 203 195 195 213 211 186 186 217 217 202 202
ZFCNS23 5 1 204 204 179 179 216 195 166 166 215 215 203 203 195 195 213 215 188 190 217 217 202 202
ZFCNS24 5 1 204 204 179 179 216 216 166 178 215 215 203 203 195 195 211 211 190 190 217 217 202 211
ZFCNS25 5 1 204 204 179 179 216 195 166 178 215 215 203 203 195 195 211 211 186 190 217 217 202 211
ZFCNS26 5 1 204 204 179 179 195 195 166 178 215 215 203 203 195 195 213 213 186 190 217 217 202 202
ZFCNS27 5 1 204 204 179 179 195 195 178 178 215 215 203 203 195 195 213 211 186 186 217 217 202 211
ZFCNS28 5 1 204 204 179 179 216 216 166 166 215 215 203 203 195 195 213 213 186 190 217 217 202 202
ZFCNS29 5 1 204 204 179 179 198 216 166 178 215 215 203 203 195 195 211 211 186 190 217 217 202 202
ZFCNS30 5 1 204 204 179 179 198 216 166 178 215 215 203 203 195 195 213 211 190 190 217 217 202 202
ZFCNS31 5 1 204 204 179 179 216 195 166 178 215 215 203 203 195 195 213 215 186 190 217 217 202 202
ZFCNS32 5 1 204 204 179 179 216 195 166 166 215 215 203 203 195 195 213 213 190 190 217 217 202 211
ZFCNS33 5 1 204 204 179 179 195 195 166 166 215 215 203 203 195 195 213 215 190 190 217 217 202 202
ZFCNS34 5 1 204 204 179 179 198 216 166 166 215 215 203 203 195 195 211 211 190 190 217 217 202 202
ZFCNS35 5 1 204 204 179 179 216 195 166 166 215 215 203 203 189 195 213 215 190 190 217 217 202 202
ZFCNS36 5 1 204 204 179 179 216 216 166 166 215 215 203 203 195 195 211 211 190 190 217 217 202 211
ZFCNS37 5 1 204 204 179 179 198 216 178 178 215 215 203 203 195 195 213 211 176 190 217 217 202 202
ZFCNS39 5 1 204 204 179 173 216 195 166 178 215 215 203 203 195 195 211 215 190 190 217 217 202 202
ZFCNS40 5 1 204 204 179 173 216 216 166 166 215 215 203 203 195 195 211 211 176 190 217 217 202 211
ZFCNS41 5 1 204 204 179 179 198 216 166 178 215 215 203 203 189 195 211 209 176 190 217 217 202 211
ZFCNS42 5 1 204 204 179 179 216 195 178 178 215 215 203 203 195 195 213 211 186 190 217 217 202 202
ZFCNS43 5 1 204 204 179 179 216 216 166 178 215 215 203 203 195 195 213 211 190 190 217 217 202 202
ZFCNS44 5 1 204 204 179 179 216 216 178 178 215 207 203 203 195 195 213 211 190 190 217 217 202 202
ZFCNS46 5 1 204 204 179 179 198 216 178 178 215 215 203 203 195 195 211 215 186 190 217 217 202 202
ZFCNS47 5 1 204 204 179 179 216 195 166 178 215 215 203 203 195 195 213 211 190 190 217 217 202 202
ZFCNS48 5 1 204 204 179 179 198 195 166 178 215 207 203 203 195 195 211 215 190 190 217 217 202 202
ZFCNS49 5 1 204 204 179 179 195 195 178 178 215 207 203 203 195 195 213 213 186 190 217 217 202 202
ZFCR01 6 1 206 206 179 173 207 207 178 186 215 217 203 203 193 199 207 205 184 186 217 220 205 205
ZFCR02 6 1 222 222 179 179 198 207 166 186 225 225 203 205 195 191 211 211 188 188 217 220 205 205
ZFCR03 6 1 222 224 179 173 198 198 166 184 215 225 203 203 187 187 205 209 186 188 217 220 211 211
ZFCR04 6 1 224 224 179 173 207 195 166 178 215 207 203 203 187 199 207 213 184 188 217 220 205 205
ZFCR05 6 1 206 206 179 173 198 207 182 178 225 225 203 203 187 199 211 209 184 184 217 220 205 205
ZFCR06 6 1 206 206 179 179 195 210 166 178 215 215 203 203 195 191 207 207 184 186 217 220 202 205
ZFCR07 6 1 204 224 179 179 198 198 178 178 215 215 203 203 195 195 207 209 184 188 217 220 202 211
ZFCR08 6 1 206 204 179 179 198 198 178 178 207 189 203 203 187 199 207 211 188 188 217 220 205 205
ZFCR09 6 1 206 204 179 173 198 207 166 184 215 217 203 203 189 187 211 209 184 186 217 220 202 211
ZFCR11 6 1 206 206 179 182 198 207 178 178 215 225 203 203 195 187 207 209 184 184 217 220 202 205
ZFCR12 6 1 206 224 179 173 195 210 178 186 215 227 203 203 195 195 213 211 184 188 217 220 202 211
ZFCR13 6 1 222 224 179 173 198 198 180 178 215 215 203 203 195 199 213 209 186 188 217 217 208 208
ZFCR14 6 1 206 220 179 173 198 207 166 178 225 225 203 205 195 199 213 211 184 188 217 220 205 211
ZFCR15 6 1 224 220 179 173 198 207 166 182 207 225 203 203 199 199 213 211 184 188 217 217 205 211
ZFCR16 6 1 220 230 173 173 198 198 166 178 215 225 203 205 193 199 207 207 186 186 217 220 205 205
ZFCR18 6 1 222 204 179 179 198 198 182 186 215 225 205 205 189 187 211 211 184 184 217 220 205 211
ZFCR19 6 1 206 220 173 170 198 207 166 182 225 225 203 203 195 187 213 211 186 186 217 220 205 211
ZFCR20 6 1 206 204 179 179 198 198 182 178 215 217 203 205 187 199 205 209 186 188 217 217 211 211
ZFCR21 6 1 206 220 173 173 210 210 166 182 215 225 203 203 189 195 209 217 184 188 217 217 205 211
ZFCR22 6 1 222 222 173 173 210 210 166 182 225 225 203 205 195 187 209 209 186 188 217 217 211 211
ZFCR23 6 1 204 204 179 173 210 210 178 178 207 225 203 203 189 187 209 209 186 186 220 220 211 208
ZFCR24 6 1 222 204 179 173 198 198 166 180 207 207 203 203 187 187 213 205 -9 -9 217 217 211 208
ZFCR25 6 1 222 222 173 173 198 210 178 178 215 225 203 203 187 187 207 217 184 184 217 217 205 211
ZFCR26 6 1 206 206 173 170 198 207 166 178 215 225 203 203 187 199 211 209 184 184 217 217 211 211
ZFCR27 6 1 206 220 179 179 198 207 166 178 215 217 203 203 -9 -9 207 217 184 184 220 220 208 208
ZFCR28 6 1 220 220 179 173 207 210 166 178 215 215 203 203 195 191 211 205 186 188 217 220 202 211
ZFCR29 6 1 206 206 179 173 198 207 166 182 225 225 203 203 189 187 209 217 184 184 217 220 211 211
ZFCR30 6 1 204 224 179 173 198 207 166 178 215 225 203 203 195 195 217 217 184 184 220 220 211 211
ZFCR31 6 1 204 204 179 173 198 207 166 178 215 225 203 203 187 187 207 211 186 186 217 220 202 211
ZFCR33 6 1 206 204 179 173 198 198 178 178 215 217 203 203 199 201 211 215 184 188 217 217 205 205
ZFCR34 6 1 206 224 173 173 198 207 166 178 215 207 203 203 195 187 207 209 184 186 217 220 202 208
ZFCR35 6 1 206 224 179 179 207 207 166 186 207 225 203 203 189 195 207 207 184 184 217 220 205 205
ZFCR36 6 1 206 204 179 179 198 207 166 178 225 225 203 205 195 187 209 217 186 188 217 220 202 205
ZFCR37 6 1 206 204 179 173 198 198 166 182 215 215 203 203 195 187 209 209 184 188 217 220 205 208
ZFCR38 6 1 204 220 179 173 198 198 166 178 215 217 203 203 195 199 211 209 184 188 217 220 205 205
ZFCR39 6 1 206 204 179 173 198 207 182 168 215 207 203 203 187 191 211 209 188 188 217 220 205 205
ZFCR40 6 1 222 206 179 173 198 207 178 178 215 207 203 203 195 187 209 217 184 188 217 220 205 205
ZFCR41 6 1 206 206 173 173 198 198 178 186 215 225 203 203 195 187 211 217 184 176 217 217 202 205
ZFCR42 6 1 206 204 179 173 198 207 166 178 215 215 203 203 195 195 209 217 186 188 217 220 205 211
ZFCR43 6 1 206 206 179 179 198 207 180 186 215 215 203 205 195 199 213 217 184 186 220 220 211 211
ZFENP25 7 1 206 204 179 173 207 219 182 178 215 215 203 203 199 199 207 205 188 176 217 220 205 208
ZFENP26 7 1 222 204 179 173 207 219 182 178 215 215 203 203 199 201 207 199 184 176 217 220 205 205
ZFENP27 7 1 222 204 179 179 207 216 182 178 215 207 203 203 195 199 207 205 188 190 217 220 205 211
ZFENP28 7 1 222 204 179 179 207 207 166 178 215 215 203 203 195 199 211 209 184 184 217 220 205 205
ZFENP29 7 1 206 204 179 179 207 207 178 186 215 223 203 203 195 199 207 209 188 182 217 217 205 208
ZFENP30 7 1 204 220 179 179 198 207 166 182 215 215 203 203 195 201 207 211 188 188 217 217 205 208
ZFENP31 7 1 204 204 179 179 198 207 182 184 215 215 203 203 187 201 211 211 184 188 217 220 205 211
ZFENP32 7 1 204 204 179 179 198 207 166 182 215 215 203 203 189 201 207 211 184 188 217 220 202 211
ZFENP33 7 1 204 204 179 179 198 198 182 178 215 215 203 203 199 201 207 209 184 184 217 217 205 211
ZFENP34 7 1 204 204 179 179 198 198 182 178 215 215 203 203 187 199 207 211 184 184 217 220 205 205
ZFENP35 7 1 204 204 179 179 207 219 182 178 215 207 203 203 195 201 213 215 184 188 217 220 205 208
ZFENP36 7 1 204 204 179 179 207 207 182 178 215 215 203 203 199 199 207 209 184 188 217 220 202 208
ZFENP37 7 1 204 204 179 179 198 198 166 178 215 215 203 203 199 201 213 209 184 188 217 217 205 205
ZFENP38 7 1 204 204 179 179 198 207 166 178 215 215 203 203 195 195 209 209 184 188 217 217 205 208
ZFENP39 7 1 206 204 179 179 198 207 178 186 215 215 203 203 195 201 207 209 184 184 217 220 205 205
ZFENP40 7 1 204 204 179 179 198 198 178 186 215 215 203 203 199 201 207 209 186 188 217 220 205 205
ZFENP41 7 1 206 204 179 179 198 219 182 168 215 215 203 203 195 201 213 211 188 188 217 220 205 205
ZFENP42 7 1 204 220 173 173 198 207 178 184 215 215 203 203 195 201 207 209 184 188 220 220 208 217
ZFENP43 7 1 204 204 179 179 198 207 166 178 215 215 203 203 195 199 209 209 184 190 217 220 205 211
ZFENP44 7 1 204 204 179 179 198 198 178 178 215 215 203 203 195 201 209 209 188 188 217 220 205 205
ZFENP45 7 1 204 208 179 173 198 207 166 184 215 215 203 203 195 199 209 209 186 186 217 217 205 211
ZFENP46 7 1 204 204 179 179 198 207 178 178 215 215 203 203 199 201 213 209 184 184 217 220 211 211
ZFENP47 7 1 206 206 179 179 198 207 166 182 215 189 203 203 201 201 207 211 186 188 220 220 205 211
ZFENP48 7 1 204 204 179 179 198 207 166 182 215 215 203 203 187 199 211 205 184 188 217 217 205 211
ZFENP49 7 1 222 206 179 179 207 207 182 182 215 215 203 203 195 199 207 207 186 188 217 217 211 211
ZFENP50 7 1 204 204 179 173 198 207 178 178 215 215 203 203 187 191 209 209 186 188 220 220 208 208
ZFENP51 7 1 204 208 179 179 207 207 182 184 215 215 203 203 195 187 207 209 184 184 220 220 205 211
ZFENP52 7 1 222 204 179 173 207 207 178 184 215 215 203 203 199 199 209 209 184 190 217 217 211 214
ZFENP53 7 1 204 204 179 173 198 207 166 178 215 215 203 203 199 201 211 209 184 186 217 220 211 214
ZFENP54 7 1 206 220 179 179 198 207 178 178 215 215 203 205 187 191 211 209 188 188 217 217 205 211
ZFENP55 7 1 204 204 179 179 198 207 166 182 215 215 203 205 199 199 209 209 184 184 217 220 211 211
ZFENP56 7 1 204 204 179 179 198 207 166 182 215 215 203 203 195 195 207 209 184 176 220 220 208 208
ZFENP57 7 1 204 204 179 176 198 198 178 178 215 215 203 203 187 199 207 209 184 188 217 220 202 217
ZFENP58 7 1 222 204 173 173 198 219 166 182 215 215 203 203 187 197 207 211 188 188 217 217 202 211
ZFENP59 7 1 222 206 179 179 198 207 182 184 215 215 203 203 195 201 211 209 184 188 217 217 205 205
ZFENP60 7 1 204 220 179 173 198 207 166 182 215 215 203 203 199 199 213 209 186 188 217 220 205 205
ZFENP61 7 1 206 204 179 179 198 219 182 186 215 215 203 203 195 201 207 209 184 184 217 220 205 205
ZFFDSP01 8 1 204 204 173 173 198 198 166 166 207 207 203 203 189 195 213 205 186 186 217 217 202 211
ZFFDSP02 8 1 206 206 179 173 198 198 178 178 207 207 203 203 195 183 213 205 186 186 217 217 211 211
ZFFDSP04 8 1 206 204 173 173 198 198 166 166 207 207 203 203 189 189 213 205 186 186 217 217 211 211
ZFFDSP05 8 1 206 204 179 173 198 195 166 178 207 207 203 203 189 195 213 209 186 186 217 217 211 211
ZFFDSP06 8 1 206 218 173 173 198 198 166 178 207 207 203 203 189 195 211 205 186 186 217 217 211 211
ZFFDSP07 8 1 206 204 179 173 198 198 166 178 207 205 203 203 195 183 211 205 188 188 217 217 211 211
ZFFDSP08 8 1 204 204 179 173 198 198 166 178 207 205 203 203 195 195 211 211 186 188 217 217 211 211
ZFFDSP10 8 1 206 204 179 173 198 198 178 178 207 205 203 203 195 191 213 213 186 188 217 217 211 211
ZFFDSP11 8 1 206 204 179 173 198 198 166 166 207 207 203 203 189 191 213 209 186 186 217 217 211 211
ZFFDSP12 8 1 204 204 179 173 198 198 178 178 207 205 203 203 191 193 211 211 186 186 217 217 211 211
ZFFDSP13 8 1 204 204 179 173 198 198 178 178 215 207 203 203 189 195 211 209 186 190 217 217 211 211
ZFFDSP14 8 1 206 204 179 173 198 198 166 178 207 205 203 203 195 183 205 205 186 188 217 217 211 211
ZFFDSP16 8 1 206 206 179 179 198 198 166 178 215 207 203 203 191 193 205 209 186 186 217 217 202 211
ZFFDSP17 8 1 206 204 173 173 198 198 166 178 215 207 203 203 191 191 213 205 186 186 217 217 211 211
ZFFDSP18 8 1 206 206 179 179 198 198 166 166 207 205 203 203 189 195 213 205 186 186 217 217 211 211
ZFFDSP19 8 1 206 204 179 179 198 198 166 166 207 205 203 203 195 191 205 205 186 190 217 217 202 211
ZFFDSP21 8 1 206 204 179 173 198 198 178 178 207 207 203 203 195 191 211 205 186 190 217 217 202 211
ZFFDSP22 8 1 206 204 173 173 198 198 166 178 207 205 203 203 195 193 211 205 186 186 217 217 211 211
ZFFDSP23 8 1 206 204 173 173 195 195 166 178 207 207 203 203 195 195 213 205 186 186 217 217 211 211
ZFFDSP24 8 1 206 204 179 179 198 198 166 178 207 207 203 203 195 195 213 213 186 186 217 217 211 211
ZFFDSP26 8 1 206 204 179 173 198 195 166 178 207 207 203 203 189 195 -9 -9 186 186 217 217 211 211
ZFFDSP27 8 1 206 204 179 179 198 195 166 178 207 207 203 203 189 195 213 205 186 186 217 217 211 211
ZFFDSP28 8 1 204 204 179 173 198 198 178 178 207 205 203 203 189 187 213 213 186 186 217 217 211 211
ZFFDSP30 8 1 204 204 179 173 198 198 166 166 207 207 203 203 189 189 213 213 186 188 217 217 202 202
ZFFDSP31 8 1 218 218 179 173 198 198 178 178 215 205 203 203 195 183 213 211 186 186 217 217 211 211
ZFFDSP32 8 1 204 204 179 173 198 198 178 178 207 207 203 203 195 191 205 205 186 186 217 217 211 211
ZFFDSP33 8 1 204 204 179 173 198 195 178 178 207 207 203 203 191 193 213 205 186 186 217 217 211 211
ZFFDSP34 8 1 206 218 179 173 198 198 166 180 207 207 203 203 195 195 213 211 186 186 217 217 211 211
ZFFDSP35 8 1 206 204 179 173 198 198 166 178 207 207 203 203 189 195 213 213 186 186 217 217 211 211
ZFFDSP37 8 1 206 204 179 179 198 198 178 178 207 207 203 203 195 191 213 205 186 186 217 217 211 211
ZFFDSP38 8 1 206 204 179 179 198 198 166 180 207 207 203 203 195 183 213 213 186 186 217 217 211 211
ZFFDSP39 8 1 206 204 179 173 195 195 178 178 207 207 203 203 189 195 213 213 186 186 217 217 211 211
ZFFDSP40 8 1 206 204 179 179 198 195 178 178 207 207 203 203 189 195 213 213 186 186 217 217 211 211
ZFFDSP42 8 1 206 206 179 173 198 195 166 178 207 205 203 203 195 195 213 213 186 186 217 217 211 211
ZFFDSP43 8 1 206 206 179 179 195 195 166 178 207 207 203 203 195 183 213 213 186 186 217 217 211 211
ZFFDSP44 8 1 204 204 179 179 198 198 166 178 207 207 203 203 195 191 213 213 186 186 217 217 211 211
ZFFDSP45 8 1 206 206 179 179 198 198 180 178 207 207 203 203 195 195 213 213 186 186 217 217 211 211
ZFFDSP46 8 1 206 206 179 179 198 198 178 178 207 205 203 203 195 195 213 213 186 186 217 217 211 211
ZFFDSP47 8 1 204 204 179 173 198 195 166 178 207 207 203 203 195 195 213 213 186 186 217 217 211 211
ZFFDSP48 8 1 206 204 179 179 198 195 178 178 207 207 203 203 195 195 213 213 186 186 217 217 211 211
ZFI01 9 1 204 224 179 179 198 207 166 166 215 217 203 203 189 187 207 213 184 188 217 217 202 205
ZFI02 9 1 222 204 179 179 198 207 166 166 225 217 203 203 187 187 213 213 184 186 217 217 202 205
ZFI03 9 1 204 224 179 179 198 198 166 166 215 215 203 203 189 187 207 213 184 184 217 220 202 205
ZFI04 9 1 204 204 179 179 198 207 166 166 215 217 203 203 187 187 213 213 184 184 217 217 205 205
ZFI05 9 1 204 224 179 179 198 207 182 182 215 215 203 203 189 187 207 213 184 186 217 217 202 202
ZFI06 9 1 204 204 179 179 198 207 182 178 215 217 203 203 189 189 207 213 184 186 217 217 202 202
ZFI07 9 1 204 204 179 179 198 198 166 182 215 215 203 203 189 187 213 213 184 184 217 220 205 205
ZFI08 9 1 222 204 179 179 198 207 166 166 215 225 203 203 187 187 207 213 184 184 217 217 205 205
ZFI09 9 1 222 204 179 179 198 207 166 182 215 217 203 203 189 189 207 213 184 184 217 217 202 205
ZFI10 9 1 204 204 179 179 198 207 166 166 215 215 203 203 187 187 213 213 184 186 217 220 202 202
ZFI11 9 1 204 204 179 179 198 198 166 182 215 217 203 203 187 187 207 213 184 184 217 220 202 205
ZFI12 9 1 204 224 179 179 198 198 166 166 215 215 203 203 187 187 213 213 184 184 217 217 202 205
ZFI13 9 1 204 224 179 179 198 198 182 182 215 215 203 203 189 189 213 213 184 188 217 220 202 205
ZFI14 9 1 204 224 179 179 198 198 166 182 215 207 203 203 189 189 207 213 184 186 217 220 202 205
ZFI15 9 1 222 224 179 179 198 198 182 182 215 215 203 203 189 187 207 213 184 186 217 220 202 205
ZFI16 9 1 224 224 179 179 198 198 166 182 215 215 203 203 189 189 213 213 184 184 217 220 202 205
ZFI17 9 1 204 204 179 179 198 207 166 182 215 215 203 203 189 187 213 213 184 184 217 220 202 205
ZFI18 9 1 204 204 179 179 198 207 182 182 215 215 203 203 189 189 213 213 184 184 220 220 202 205
ZFI19 9 1 204 204 179 179 198 198 182 182 215 225 -9 -9 189 187 207 213 184 184 217 220 202 205
ZFI20 9 1 224 224 179 179 198 207 166 182 207 225 203 203 189 187 213 213 184 184 217 217 202 205
ZFI21 9 1 204 224 179 179 198 198 166 182 207 207 203 205 189 189 207 213 184 184 217 217 202 202
ZFI22 9 1 206 204 179 179 198 207 166 166 215 217 203 205 189 187 207 213 184 186 217 217 205 205
ZFI23 9 1 204 224 179 179 198 198 166 182 215 215 203 203 189 187 213 213 184 184 217 220 202 205
ZFI24 9 1 204 224 179 179 198 198 166 166 215 215 203 203 189 187 207 213 184 184 217 217 202 205
ZFI25 9 1 222 222 179 179 198 198 166 166 215 215 203 203 187 187 213 213 184 186 217 217 205 205
ZFI26 9 1 204 224 179 179 198 198 166 182 215 215 203 203 189 187 207 213 184 184 217 217 205 205
ZFI27 9 1 204 204 179 179 198 198 166 182 215 215 203 203 189 187 207 213 184 184 217 217 202 202
ZFK01 9 1 204 204 179 179 198 216 182 184 215 215 203 203 195 195 207 211 188 188 217 217 211 211
ZFK02 10 1 204 204 179 179 198 216 182 182 215 215 203 203 195 195 207 211 188 188 217 217 211 211
ZFK03 10 1 204 204 179 179 198 216 182 184 215 215 203 203 195 187 207 211 188 188 217 217 211 211
ZFK04 10 1 204 204 179 179 198 216 182 184 215 215 203 203 187 187 207 207 188 188 217 217 211 211
ZFK05 10 1 204 204 179 179 198 216 184 184 215 215 203 203 187 187 207 207 188 188 217 217 205 211
ZFK06 10 1 204 204 179 179 198 198 182 182 215 215 203 203 195 187 207 211 188 188 217 217 205 211
ZFK07 10 1 204 204 179 173 198 216 184 184 215 215 203 203 195 195 207 207 188 188 217 217 211 211
ZFK08 10 1 204 204 179 173 198 198 182 184 215 215 203 203 187 187 207 207 188 188 217 217 211 211
ZFK10 10 1 204 204 179 179 198 216 182 182 215 215 203 203 187 187 207 211 188 188 217 217 211 211
ZFK11 10 1 204 204 179 179 198 198 184 184 215 215 203 203 195 187 207 211 188 188 217 217 205 211
ZFK12 10 1 204 204 173 173 198 198 182 184 215 215 203 203 195 195 207 211 188 188 217 217 211 211
ZFK13 10 1 204 204 179 173 198 198 184 184 215 207 203 203 195 195 207 211 188 188 217 217 211 211
ZFK14 10 1 204 204 179 173 198 216 166 184 215 207 203 203 195 195 207 211 188 188 217 217 205 211
ZFK15 10 1 204 204 179 179 198 198 184 184 215 207 203 203 195 187 207 211 188 188 217 217 211 211
ZFK16 10 1 204 204 179 173 198 198 184 184 215 215 203 203 195 195 211 211 188 188 217 217 211 211
ZFLB01 11 1 204 204 179 179 207 207 184 184 207 207 203 203 201 201 213 209 188 188 217 220 205 211
ZFLB02 11 1 204 204 179 179 207 207 184 184 207 207 203 203 199 199 213 209 188 188 220 220 205 205
ZFLB03 11 1 204 204 179 179 207 207 184 184 215 207 203 203 199 201 211 209 188 188 217 220 202 202
ZFLB04 11 1 204 204 179 179 207 207 166 184 207 207 203 203 187 201 213 211 188 188 217 217 202 202
ZFLB05 11 1 204 204 179 179 207 207 184 184 215 207 203 203 187 201 213 209 188 188 220 220 202 211
ZFLB06 11 1 204 204 179 179 207 207 184 184 215 207 203 203 187 201 211 209 188 188 217 220 205 211
ZFLB07 11 1 204 204 179 179 207 207 184 184 215 207 203 203 195 201 211 209 184 188 217 217 202 211
ZFLB08 11 1 204 204 179 179 207 207 184 184 215 207 203 203 187 199 213 209 188 188 217 220 205 217
ZFLB09 11 1 204 204 179 179 207 207 184 184 207 207 -9 -9 187 187 209 209 188 188 217 217 205 205
ZFLB10 11 1 204 204 179 179 207 207 184 184 207 207 203 203 187 187 209 209 188 188 217 220 202 205
ZFLB11 11 1 204 204 173 173 207 207 184 184 215 207 203 203 187 187 211 209 188 188 217 220 217 217
ZFLB12 11 1 204 204 179 179 207 207 184 184 215 207 203 203 187 201 209 209 188 188 217 220 205 205
ZFLB13 11 1 204 204 179 173 207 207 178 184 215 207 203 203 187 201 209 209 188 188 217 217 205 205
ZFLTI01 12 1 206 206 179 173 198 198 166 178 215 207 203 203 195 195 213 211 176 190 217 217 211 211
ZFLTI02 12 1 206 218 179 173 198 216 166 178 215 215 203 203 195 195 213 211 176 190 217 217 211 211
ZFLTI03 12 1 204 218 173 173 198 216 166 178 215 207 203 203 195 195 213 213 176 190 217 217 211 211
ZFLTI04 12 1 204 204 179 173 198 198 166 178 215 215 203 203 189 195 213 211 176 190 217 217 211 211
ZFLTI05 12 1 204 218 179 173 198 216 178 178 215 207 203 203 195 195 213 213 176 190 217 217 211 211
ZFLTI06 12 1 206 204 179 173 198 216 166 178 207 207 203 203 189 195 213 213 176 176 217 217 211 211
ZFLTI07 12 1 206 204 179 173 198 198 178 178 215 207 203 203 189 195 213 213 176 190 217 217 211 211
ZFLTI08 12 1 204 218 179 173 198 198 166 178 215 215 203 203 195 195 213 213 176 176 217 217 202 211
ZFLTI09 12 1 204 218 179 173 198 198 166 178 215 207 203 203 189 195 213 213 176 190 217 217 211 211
ZFLTI10 12 1 206 218 179 173 198 198 178 178 215 207 203 203 189 195 213 211 176 190 217 217 211 211
ZFLTI11 12 1 204 218 179 173 198 216 166 166 207 207 203 203 195 195 213 213 176 176 217 217 211 211
ZFLTI12 12 1 206 218 179 173 198 216 166 178 215 207 203 203 195 195 213 211 176 176 217 217 211 211
ZFLTI13 12 1 206 204 179 173 198 216 166 178 215 215 203 203 195 195 213 213 176 190 217 217 211 211
ZFLTI14 12 1 206 218 179 179 198 216 178 178 215 215 203 203 195 195 213 211 190 190 217 217 211 211
ZFONF101 13 1 204 218 182 182 198 195 180 180 205 205 203 203 189 193 213 209 186 186 217 217 211 211
ZFONF102 13 1 204 218 173 182 207 195 166 180 207 205 203 203 191 183 211 211 186 186 217 217 211 211
ZFONF103 13 1 204 204 179 182 198 195 166 166 215 215 203 203 195 193 211 211 186 186 217 217 211 211
ZFONF104 13 1 206 218 173 182 195 195 166 166 207 207 203 203 191 193 211 211 186 186 217 217 211 211
ZFONF105 13 1 204 204 173 182 195 195 166 166 215 205 203 203 191 193 211 211 186 186 217 217 211 211
ZFONF106 13 1 218 218 179 179 198 195 166 180 207 205 203 203 189 191 211 211 186 186 217 217 211 211
ZFONF107 13 1 204 218 179 179 207 195 166 184 215 215 203 203 189 193 211 211 186 186 217 217 211 211
ZFONF108 13 1 204 218 179 179 195 195 166 184 215 215 203 203 191 193 211 211 186 186 217 217 211 211
ZFONF109 13 1 218 218 -9 -9 195 195 166 184 215 205 203 203 189 195 211 211 186 186 217 217 211 211
ZFONF110 13 1 206 206 179 182 195 195 166 180 207 207 203 203 195 191 211 211 186 186 217 217 211 211
ZFONF111 13 1 206 218 173 182 207 195 166 166 215 215 203 203 189 191 211 209 186 186 217 217 211 211
ZFONF112 13 1 204 218 179 179 195 195 166 166 205 205 203 203 195 193 211 211 186 186 217 217 211 211
ZFONF113 13 1 204 218 182 182 195 195 166 180 215 207 -9 -9 195 193 211 209 186 188 217 217 211 211
ZFONF115 13 1 204 218 179 179 198 195 166 166 215 205 203 203 191 191 211 211 186 186 217 217 211 211
ZFONF116 13 1 204 204 179 179 198 195 166 166 215 205 203 203 191 193 211 205 186 186 217 217 211 211
ZFONF117 13 1 204 204 179 179 198 195 166 166 215 207 203 203 195 191 211 211 186 176 217 217 211 211
ZFONF118 13 1 218 218 179 182 198 198 166 166 215 205 203 203 195 195 213 211 186 186 217 217 211 211
ZFONF119 13 1 204 216 179 173 198 195 166 166 207 207 203 203 189 193 211 211 188 188 217 217 211 211
ZFONF120 13 1 204 216 173 173 198 198 166 166 207 207 203 203 189 195 211 211 188 188 217 217 211 211
ZFONF121 13 1 204 204 179 173 198 195 166 166 207 205 203 203 191 193 213 211 186 188 217 217 211 211
ZFONF122 13 1 204 218 179 173 198 198 166 178 215 215 203 203 189 195 211 211 186 186 217 217 211 211
ZFONF123 13 1 206 204 179 173 207 195 166 184 207 207 203 203 191 193 211 205 186 186 217 217 211 211
ZFONF124 13 1 204 218 173 182 195 195 166 184 215 205 203 203 191 193 211 211 186 186 217 217 211 211
ZFONF125 13 1 206 204 173 173 198 207 166 184 215 207 203 203 195 193 211 211 186 186 217 217 211 211
ZFONF126 13 1 206 204 182 182 198 198 166 166 215 215 203 203 195 191 211 205 186 186 217 217 211 211
ZFONF201 14 1 204 208 173 173 198 195 166 166 207 189 203 203 189 191 213 209 186 188 217 217 205 205
ZFONF202 14 1 206 206 173 173 198 198 166 166 207 189 203 203 195 195 211 205 186 186 217 217 211 211
ZFONF203 14 1 206 204 173 173 198 198 166 166 189 189 203 203 195 199 211 215 186 188 217 217 211 211
ZFONF204 14 1 206 204 173 173 198 216 166 166 207 189 203 203 195 199 211 215 188 176 217 217 205 211
ZFONF206 14 1 206 220 173 173 198 207 166 166 207 189 203 203 195 199 215 215 186 186 217 217 205 211
ZFONF207 14 1 206 204 173 173 216 195 166 166 189 205 203 203 193 199 213 215 188 188 217 217 211 211
ZFONF208 14 1 206 204 173 173 198 216 166 166 207 207 203 203 195 199 213 211 186 188 217 217 211 211
ZFONF209 14 1 204 204 173 173 198 216 166 166 189 189 203 203 195 195 213 211 186 188 217 217 205 211
ZFONF210 14 1 204 208 173 173 216 216 166 166 207 205 203 203 195 197 213 211 186 186 217 217 211 211
ZFONF211 14 1 204 208 179 173 216 195 166 166 207 205 203 203 195 195 211 209 186 188 217 217 211 211
ZFONF212 14 1 204 208 173 173 195 195 166 166 207 189 203 203 195 197 213 211 186 186 217 217 211 211
ZFONF214 14 1 206 204 173 173 198 216 166 166 189 205 203 203 191 191 211 209 186 188 217 217 211 211
ZFONF215 14 1 206 204 173 173 198 195 166 166 189 205 203 203 195 191 211 211 186 186 217 217 211 211
ZFONF216 14 1 204 204 173 173 195 195 166 166 189 189 203 203 195 195 211 215 186 188 217 217 211 211
ZFONF217 14 1 204 204 173 173 216 195 166 166 207 205 203 203 195 191 205 205 186 188 217 217 211 211
ZFONF218 14 1 204 204 173 173 207 195 166 166 189 205 203 203 195 199 211 211 186 176 217 217 211 211
ZFONF219 14 1 208 220 173 173 195 195 166 166 189 189 203 203 195 193 211 211 186 186 217 217 211 211
ZFONF220 14 1 204 204 173 173 198 216 166 166 205 205 203 203 195 193 205 205 186 188 217 217 211 211
ZFONF222 14 1 204 208 173 173 207 216 166 166 189 205 203 203 195 195 215 215 186 188 217 217 211 211
ZFONF223 14 1 204 208 173 173 198 207 166 166 189 189 203 203 195 193 215 205 186 188 217 217 211 211
ZFONF224 14 1 204 208 173 173 216 195 166 166 205 205 203 203 195 199 211 215 186 186 217 217 211 211
ZFONF225 14 1 206 204 173 173 195 195 166 166 189 189 203 203 195 193 211 211 186 186 217 217 211 211
ZFONF226 14 1 204 208 173 173 198 198 166 166 189 205 203 203 195 195 211 215 186 188 217 217 211 211
ZFONF227 14 1 206 208 173 173 195 195 166 166 189 205 203 203 195 195 211 215 186 186 217 217 211 211
ZFONF228 14 1 204 208 179 173 195 195 166 166 189 205 203 203 195 195 215 205 186 176 217 217 211 211
ZFONF230 14 1 206 208 173 173 198 195 166 166 207 189 203 203 195 193 211 211 186 176 217 217 211 211
ZFONF231 14 1 206 204 173 173 216 216 166 166 189 189 203 203 195 195 205 209 186 186 217 217 211 211
ZFONF232 14 1 204 220 173 173 195 195 166 166 189 189 203 203 195 191 211 205 186 186 217 217 211 211
ZFONF233 14 1 204 220 173 173 216 195 166 166 189 205 203 203 195 195 211 205 186 188 217 217 211 211
ZFONF234 14 1 206 204 179 173 198 195 166 168 189 189 203 203 195 195 211 215 186 176 217 217 211 211
ZFONF235 14 1 206 220 173 173 216 216 166 166 189 205 203 203 195 193 215 215 186 186 217 217 211 211
ZFONF236 14 1 204 220 179 179 216 195 166 166 205 205 203 203 195 191 215 215 186 176 217 217 205 211
ZFONF238 14 1 206 206 173 173 198 198 166 166 205 205 203 203 195 199 211 215 186 176 217 217 211 211
ZFONF239 14 1 206 204 173 173 216 195 166 166 189 205 203 203 195 199 215 205 186 186 217 217 205 211
ZFONF240 14 1 206 206 173 173 216 195 166 166 205 205 203 203 195 195 211 211 186 176 217 217 211 211
ZFONF241 14 1 204 220 179 173 216 195 166 166 189 189 203 203 195 199 213 205 186 186 217 217 211 211
ZFONF242 14 1 206 206 173 173 216 195 166 166 207 205 203 203 195 199 211 211 186 186 217 217 211 211
ZFONF243 14 1 204 204 173 173 216 195 166 166 189 189 203 203 195 195 213 215 186 188 217 217 211 211
ZFONF244 14 1 206 204 173 173 195 195 166 166 189 189 203 203 195 191 211 211 186 188 217 217 211 211
ZFONF245 14 1 206 220 173 173 216 195 166 166 207 189 203 203 195 195 211 211 176 176 217 217 211 211
ZFOS01 15 1 206 206 173 173 198 198 166 178 215 207 203 203 195 187 211 211 190 190 217 217 205 211
ZFOS02 15 1 206 218 179 173 198 198 166 178 215 215 203 203 195 187 211 211 186 190 217 220 205 211
ZFOS03 15 1 206 204 173 173 198 198 166 184 215 207 203 203 189 195 211 209 188 190 220 223 205 205
ZFOS04 15 1 206 204 179 173 198 198 182 178 215 207 203 203 189 195 211 211 186 190 217 217 205 205
ZFOS05 15 1 206 206 179 173 198 198 166 178 215 215 203 203 195 187 211 211 186 190 217 217 205 211
ZFOS06 15 1 206 204 179 173 198 216 166 166 215 215 203 203 195 195 211 209 186 190 217 217 205 205
ZFOS07 15 1 206 206 179 179 198 216 166 182 215 215 203 203 189 187 207 211 188 190 217 217 205 211
ZFOS08 15 1 204 218 179 173 198 216 182 182 215 215 203 203 189 195 211 211 186 190 217 217 205 205
ZFOS09 15 1 206 206 173 173 198 198 166 178 215 207 203 203 189 195 211 209 186 190 217 220 205 205
ZFOS10 15 1 206 206 179 179 198 216 182 178 215 215 203 203 195 187 211 211 190 190 220 220 205 205
ZFOS11 15 1 204 204 179 173 198 216 178 186 215 207 203 203 195 195 207 211 190 190 217 217 205 211
ZFOS12 15 1 204 204 179 179 198 198 182 184 215 227 203 203 195 187 211 209 186 190 217 217 205 211
ZFOS13 15 1 206 206 179 179 198 198 166 166 215 215 203 203 189 195 207 209 190 190 217 217 205 211
ZFOS14 15 1 204 204 179 173 198 216 166 178 215 207 203 205 195 187 207 211 190 190 217 220 205 211
ZFOS15 15 1 206 206 179 179 198 198 182 184 215 215 203 203 195 195 207 211 190 190 217 217 205 205
ZFOS16 15 1 206 206 179 179 198 216 166 178 215 207 203 203 195 195 207 211 186 190 217 220 205 211
ZFOS17 15 1 206 204 173 173 198 198 166 166 215 215 203 203 195 187 211 211 190 190 217 220 205 205
ZFOS18 15 1 206 206 179 179 198 198 178 184 215 215 203 203 195 195 211 211 190 190 217 220 205 205
ZFOS19 15 1 206 206 173 173 198 216 166 182 215 215 203 203 195 187 211 209 190 190 217 217 205 205
ZFOS20 15 1 206 206 179 173 198 216 166 182 215 215 203 203 195 195 211 211 186 190 217 220 205 205
ZFOS21 15 1 206 206 179 179 216 216 166 178 207 207 203 203 187 187 207 211 190 190 217 217 205 211
ZFOS22 15 1 206 206 179 173 198 216 166 184 215 215 203 203 195 195 211 209 190 190 217 217 205 211
ZFOS23 15 1 206 206 179 179 198 216 182 182 215 215 203 205 195 187 211 209 190 190 220 220 205 205
ZFOS24 15 1 206 206 179 173 216 216 178 184 215 215 203 203 195 195 207 207 190 190 217 217 205 205
ZFOS25 15 1 206 204 179 173 198 198 166 178 215 215 203 203 189 195 211 215 190 190 217 217 205 211
ZFOS26 15 1 206 204 179 173 198 198 178 178 215 215 203 203 189 195 211 211 186 190 217 217 205 211
ZFOS27 15 1 206 204 179 179 198 198 166 184 215 207 203 203 195 195 211 211 186 190 217 217 205 205
ZFOS28 15 1 206 204 179 173 198 198 166 178 215 207 203 203 195 187 207 211 190 190 217 220 205 205
ZFOS29 15 1 206 204 179 173 216 216 166 182 215 207 203 203 195 195 207 211 186 190 217 220 205 205
ZFOS30 15 1 206 206 173 173 198 198 166 166 215 207 203 203 187 187 207 211 190 190 217 217 205 211
ZFOS31 15 1 206 204 173 173 198 198 166 166 215 207 203 205 195 187 207 211 188 190 217 217 211 211
ZFOS32 15 1 206 206 173 173 198 216 166 178 215 215 203 203 189 195 211 211 186 190 217 220 205 205
ZFPB01 16 1 204 204 179 179 207 207 184 184 215 207 203 203 187 201 215 209 188 188 220 220 205 205
ZFPB02 16 1 204 204 173 173 207 207 184 184 215 207 203 203 201 201 215 209 186 188 220 220 205 217
ZFPB03 16 1 204 204 179 179 207 207 184 184 207 207 203 203 187 201 211 211 188 188 220 220 202 205
ZFPB05 16 1 204 204 179 173 207 207 184 184 207 207 203 203 201 201 215 209 188 188 220 220 205 217
ZFPB06 16 1 204 204 179 179 207 207 184 184 215 207 203 203 187 201 211 209 188 188 220 220 205 205
ZFPB07 16 1 204 204 173 173 207 207 184 184 207 207 203 203 201 201 209 209 186 188 220 220 205 217
ZFPB08 16 1 204 204 179 173 207 207 184 184 215 207 203 203 201 201 211 209 186 188 220 220 205 205
ZFPB10 16 1 204 204 179 173 207 207 184 184 215 207 203 203 201 201 209 209 188 188 220 220 202 205
ZFPB11 16 1 204 204 173 173 207 207 184 184 215 207 203 203 201 201 209 209 188 188 220 220 205 205
ZFPB12 16 1 204 204 179 173 207 207 184 184 215 207 203 203 201 201 215 209 188 188 220 220 205 205
ZFPB13 16 1 204 204 179 179 207 207 184 184 207 207 203 203 201 201 215 209 186 188 220 220 205 205
ZFPB14 16 1 204 204 173 173 207 207 184 184 207 207 203 203 201 201 209 209 186 188 220 220 205 205
ZFPB15 16 1 204 204 179 173 207 207 184 184 207 207 203 203 201 201 211 209 186 188 220 220 205 205
ZFPB17 16 1 204 204 179 173 207 207 184 184 215 207 203 203 201 201 209 209 188 188 220 220 205 205
ZFPB18 16 1 204 204 173 173 207 207 184 184 207 207 203 203 201 201 209 209 188 188 220 220 205 205
ZFPB19 16 1 204 204 179 179 207 207 184 184 215 207 203 203 187 201 211 209 186 188 220 220 205 205
ZFPB20 16 1 204 204 179 179 207 207 184 184 207 207 203 203 201 201 209 209 188 188 220 220 205 217
ZFPB21 16 1 204 204 179 179 207 207 184 184 207 207 203 203 201 201 211 209 186 188 220 220 205 217
ZFPB22 16 1 204 204 179 179 207 207 184 184 215 207 203 203 201 201 209 209 188 188 220 220 205 217
ZFPB23 16 1 204 204 179 173 207 207 184 184 215 207 203 203 201 201 209 209 186 188 220 220 205 205
ZFSF01 17 1 222 206 179 179 198 198 166 178 215 215 205 205 187 187 207 213 184 184 217 217 205 208
ZFSF02 17 1 206 206 179 179 198 207 166 178 215 207 205 205 195 187 207 213 184 184 217 217 211 208
ZFSF03 17 1 222 206 179 179 198 207 166 178 215 217 203 205 189 187 207 207 184 184 217 220 211 208
ZFSF04 17 1 206 224 179 179 198 198 166 166 215 215 203 205 187 187 207 207 184 184 217 220 211 211
ZFSW101 18 1 206 204 179 179 198 198 182 178 215 217 203 203 189 189 205 205 184 186 217 220 211 211
ZFSW102 18 1 206 204 179 179 198 198 166 182 225 217 203 203 189 187 207 205 184 188 217 217 205 211
ZFSW103 18 1 206 204 179 179 198 195 182 178 215 215 203 203 189 187 213 205 184 184 217 220 205 211
ZFSW104 18 1 206 206 179 173 198 198 182 182 215 217 -9 -9 189 189 207 213 184 184 217 220 205 211
ZFSW105 18 1 206 204 179 179 198 198 166 182 215 225 203 203 189 189 205 205 186 186 217 220 205 211
ZFSW106 18 1 204 220 179 179 207 195 166 166 215 225 203 203 189 187 205 209 184 186 217 217 205 205
ZFSW107 18 1 204 204 179 179 198 198 166 182 217 217 203 203 189 187 205 205 184 188 217 220 205 211
ZFSW108 18 1 206 204 179 179 198 207 166 182 215 217 203 203 187 199 213 205 184 184 217 220 205 205
ZFSW109 18 1 206 206 179 179 198 195 166 166 215 217 203 203 187 187 207 205 184 184 220 220 205 205
ZFSW110 18 1 206 204 179 179 198 195 182 178 225 217 203 203 189 187 205 205 184 188 217 220 205 211
ZFSW111 18 1 206 206 179 179 198 198 166 178 215 217 203 203 189 187 205 205 186 188 217 220 211 211
ZFSW112 18 1 206 218 179 179 198 198 166 178 215 215 203 203 189 187 205 205 186 188 217 217 205 205
ZFSW113 18 1 206 206 179 179 198 198 182 178 215 225 203 203 189 189 213 209 184 186 217 217 205 211
ZFSW114 18 1 206 206 179 179 198 198 166 166 215 217 203 203 189 199 213 205 184 184 217 220 205 211
ZFSW115 18 1 206 220 179 179 198 198 166 186 215 225 203 203 189 189 207 205 184 184 217 217 205 211
ZFSW116 18 1 204 204 179 179 198 198 166 182 225 217 203 203 189 189 205 209 186 188 217 217 205 211
ZFSW117 18 1 206 204 179 179 198 195 166 182 225 217 203 203 189 189 205 209 184 188 217 217 205 211
ZFSW119 18 1 206 206 179 179 198 198 166 182 215 227 203 203 187 187 207 205 184 184 217 220 205 205
ZFSW120 18 1 206 204 179 179 198 198 166 186 217 227 203 205 187 187 207 207 184 184 220 220 205 205
ZFSW121 18 1 206 206 179 173 198 198 166 182 225 225 203 203 187 187 207 205 184 184 220 220 211 211
ZFSW122 18 1 222 206 179 179 198 195 166 182 215 217 203 203 189 187 207 207 184 186 217 220 205 205
ZFSW123 18 1 222 218 179 179 198 207 166 182 215 217 203 203 189 187 207 205 184 186 217 220 205 205
ZFSW124 18 1 222 206 179 179 198 198 166 182 215 215 203 203 189 187 207 207 184 186 217 220 205 205
ZFSW201 19 1 204 204 179 179 198 207 166 166 215 215 203 203 187 187 207 213 184 184 217 220 205 205
ZFSW202 19 1 204 218 179 179 198 198 166 166 215 225 203 203 187 187 213 205 184 188 217 220 205 205
ZFSW203 19 1 206 204 179 179 198 207 166 166 215 215 203 203 187 187 207 205 184 184 217 220 205 205
ZFSW204 19 1 204 218 179 179 198 198 166 178 215 215 203 203 187 187 207 205 184 188 217 220 205 205
ZFSW205 19 1 204 218 179 179 198 198 166 178 215 215 203 203 189 187 213 213 184 184 217 220 205 205
ZFSW206 19 1 204 218 179 179 198 198 166 178 215 215 203 203 199 199 213 205 184 184 217 220 205 205
ZFSW207 19 1 218 218 179 179 198 195 166 182 215 215 203 203 187 199 213 205 184 184 217 220 205 205
ZFSW208 19 1 204 204 179 179 198 198 166 166 215 217 203 203 199 199 213 205 184 184 217 217 205 205
ZFSW209 19 1 204 220 179 179 198 198 166 178 215 215 203 203 187 199 213 205 184 184 217 220 205 205
ZFSW210 19 1 204 204 179 179 198 195 166 178 215 215 203 203 187 187 205 205 184 184 217 217 205 205
ZFSW211 19 1 204 204 179 179 198 198 178 178 215 215 203 203 187 199 213 205 184 184 217 217 205 205
ZFSW212 19 1 204 218 179 179 198 198 166 178 215 215 203 203 187 187 213 205 184 184 217 217 205 205
ZFSW213 19 1 204 218 179 179 198 198 166 166 215 215 203 203 187 187 205 205 184 184 217 217 205 205
ZFSW214 19 1 206 218 179 179 198 198 166 178 215 215 203 203 187 187 205 205 184 184 217 217 205 205
ZFSW215 19 1 206 218 179 179 198 207 166 166 215 215 203 203 189 187 205 205 184 184 217 220 205 205
ZFSW216 19 1 204 218 179 179 198 198 178 178 215 215 203 203 187 187 213 205 184 184 217 217 205 205
ZFSW217 19 1 206 204 179 179 198 198 166 166 215 215 203 203 187 187 213 205 184 184 217 220 205 205
ZFSW218 19 1 218 218 179 179 198 198 166 178 215 215 203 203 187 187 213 205 184 184 217 217 205 205
ZFSW219 19 1 204 218 179 179 198 198 178 178 215 215 203 203 187 199 207 205 184 188 217 217 205 205
ZFSW220 19 1 204 218 179 179 198 207 166 178 215 215 203 203 187 199 205 205 184 188 217 220 205 205
ZFSW221 19 1 204 204 179 179 198 198 166 178 215 215 203 203 187 199 213 205 184 184 217 217 205 205
ZFSW222 19 1 204 218 179 179 198 198 166 166 215 225 203 203 187 199 213 205 184 184 220 220 205 205
ZFSW223 19 1 204 218 179 179 198 207 166 166 215 215 203 203 199 199 205 205 184 188 217 220 205 205
ZFSW224 19 1 204 204 179 179 198 198 166 178 215 215 203 203 187 199 205 205 184 184 217 217 205 205
ZFSW225 19 1 204 218 179 179 198 207 166 178 215 215 203 203 187 187 213 213 184 184 217 217 205 205
ZFSW226 19 1 204 218 179 179 198 207 166 166 215 215 203 203 187 187 213 205 184 186 217 220 205 205
ZFSW227 19 1 204 218 179 179 198 198 166 178 215 215 203 203 187 187 213 205 184 184 217 220 205 205
ZFSW229 19 1 204 218 179 179 198 198 166 178 215 215 203 203 187 199 213 213 184 184 217 220 205 205
ZFSW230 19 1 218 218 179 179 198 198 166 178 215 207 203 203 187 187 205 205 184 184 217 217 205 205
ZFSW231 19 1 204 204 179 179 198 198 166 178 215 215 203 203 187 199 213 205 184 184 217 220 205 205
ZFSW232 19 1 204 204 179 179 198 198 166 166 215 225 203 203 189 199 213 205 184 184 217 220 205 205
ZFSW233 19 1 206 204 179 179 198 207 166 178 215 215 203 203 187 199 205 205 184 184 220 220 205 211
ZFSW234 19 1 218 218 179 179 198 207 166 166 215 215 203 203 187 187 213 205 184 184 217 220 205 205
ZFSW235 19 1 204 218 179 179 198 198 166 166 215 215 203 203 187 199 213 213 184 188 217 217 205 205
ZFSW236 19 1 218 218 179 179 198 198 166 166 215 215 203 203 187 187 213 205 184 184 217 217 205 205
ZFSW237 19 1 206 204 179 179 198 198 166 166 215 215 203 203 187 199 207 205 184 184 217 217 205 205
ZFSW238 19 1 218 218 173 173 198 207 166 182 215 215 203 203 187 199 207 205 184 184 217 217 205 205
ZFSW239 19 1 218 218 179 179 198 198 166 178 207 217 203 203 187 187 213 205 184 184 217 220 205 205
ZFSW240 19 1 204 218 179 179 198 198 166 178 215 215 203 203 187 187 207 213 184 184 220 220 205 205
ZFTS01 20 1 222 204 170 170 207 207 182 178 217 217 203 203 187 187 207 209 186 188 220 220 205 211
ZFTS02 20 1 204 204 179 170 198 207 166 166 217 217 203 203 187 187 207 207 184 188 217 220 211 211
ZFTS03 20 1 204 204 179 170 198 207 166 166 217 217 203 203 187 187 207 207 184 188 217 220 205 211
ZFTS04 20 1 222 204 179 170 198 207 166 166 217 217 203 203 187 187 207 209 188 188 220 220 205 211
ZFTS05 20 1 204 204 179 179 198 207 184 184 217 217 203 203 187 187 207 209 184 188 217 217 205 211
ZFTS07 20 1 204 204 179 170 207 207 166 182 215 217 203 203 187 187 209 209 184 188 220 220 205 211
ZFTS08 20 1 222 204 179 170 198 207 166 166 217 217 203 203 187 187 207 209 184 188 217 220 205 205
ZFTS09 20 1 222 204 179 170 198 207 178 184 217 217 203 203 187 187 207 209 184 184 220 220 205 205
ZFTS10 20 1 204 204 170 170 198 207 182 182 215 217 203 203 187 187 207 213 184 188 217 220 205 211
ZFTS11 20 1 222 204 179 170 207 207 166 178 215 217 203 203 187 187 207 207 184 188 220 220 205 211
ZFTS12 20 1 204 204 179 170 207 207 166 166 217 217 203 203 187 187 207 209 188 188 217 217 205 205
ZFTS14 20 1 204 204 179 170 207 207 166 166 217 217 203 203 187 187 209 209 184 188 217 220 205 211
ZFTS15 20 1 204 204 179 179 207 207 182 178 217 217 203 203 187 187 207 209 184 188 220 220 211 211
ZFTS16 20 1 204 204 179 170 198 207 182 182 215 217 203 203 187 187 207 213 186 188 217 220 205 211
ZFTS17 20 1 204 204 179 170 207 207 166 178 215 215 -9 -9 187 187 207 213 188 188 220 220 205 211
ZFTS18 20 1 204 204 179 170 198 207 166 166 217 217 203 203 187 187 207 207 184 188 217 220 205 205
ZFTS19 20 1 204 204 179 179 198 207 166 166 215 217 -9 -9 187 187 207 213 184 188 220 220 205 205
ZFTS20 20 1 204 204 179 170 198 207 166 166 215 217 203 203 187 187 207 209 184 188 217 220 205 205
ZFTS21 20 1 222 204 179 170 207 207 166 166 215 217 203 203 187 187 207 209 184 188 220 220 205 211
ZFTS22 20 1 222 204 179 170 207 207 166 166 215 217 203 203 187 187 207 209 184 188 217 220 205 205
ZFTS23 20 1 204 204 179 170 198 207 166 166 217 217 203 203 187 187 207 209 188 188 217 220 205 211
ZFTS24 20 1 204 204 179 170 198 207 166 166 217 217 203 203 187 187 207 207 188 188 217 220 205 205
ZFTS25 20 1 204 204 179 179 207 207 182 178 217 217 203 203 187 187 213 209 184 184 220 220 211 211
ZFTS26 20 1 204 204 179 179 198 207 166 166 217 217 203 203 187 187 207 213 184 184 220 220 205 205
ZFTS27 20 1 204 204 179 170 198 198 184 184 215 217 203 203 187 187 207 209 184 186 220 220 205 211
ZFTS28 20 1 204 204 179 179 198 198 166 184 215 217 203 203 187 187 209 209 186 188 217 220 205 211
ZFTS29 20 1 204 204 179 170 198 207 182 184 215 215 203 203 187 187 207 209 184 184 220 220 205 205
ZFTS30 20 1 204 204 179 179 198 207 182 184 215 217 203 203 187 187 207 209 184 184 220 220 205 211
ZFTS31 20 1 204 204 179 179 198 207 166 184 217 217 203 203 187 187 207 207 188 188 217 220 205 211
ZFTS32 20 1 222 204 179 179 198 207 178 184 217 217 203 203 187 187 207 207 184 188 217 220 205 211
ZFTS33 20 1 204 204 179 179 198 207 166 178 217 217 203 203 187 187 207 209 184 188 217 220 205 211
ZFTS34 20 1 204 204 179 170 198 207 166 166 217 217 203 203 187 187 207 209 184 186 220 220 205 211
ZFTS35 20 1 204 204 179 170 198 207 166 182 217 217 203 203 187 187 207 207 184 184 217 217 205 211
ZFTS36 20 1 204 204 179 170 207 207 166 166 217 217 203 203 187 187 207 209 184 188 217 220 205 211
ZFTS37 20 1 204 204 179 179 198 198 166 184 217 217 203 203 187 187 207 207 184 184 217 220 205 211
ZFTS38 20 1 204 204 179 179 198 198 166 182 215 217 203 203 187 187 207 209 184 188 220 220 205 211
ZFTS39 20 1 204 204 179 170 207 207 166 166 215 217 203 203 187 187 207 209 184 186 217 220 205 205
ZFTS40 20 1 204 204 179 170 198 207 182 184 215 217 203 203 187 187 207 209 184 186 217 217 211 211
ZFTSP101 21 1 206 204 179 179 198 195 178 178 215 207 203 203 195 195 211 211 186 186 217 217 202 211
ZFTSP102 21 1 204 204 179 179 198 198 166 178 215 215 203 203 195 195 213 215 190 190 217 217 202 211
ZFTSP103 21 1 206 204 179 173 198 195 178 178 215 215 203 203 195 195 213 211 190 190 217 217 202 202
ZFTSP104 21 1 204 204 173 173 198 195 178 178 215 207 203 203 195 191 213 215 176 192 217 217 211 211
ZFTSP105 21 1 204 204 173 173 198 198 166 178 215 207 203 203 195 195 213 213 190 190 217 217 202 202
ZFTSP106 21 1 206 208 173 173 198 195 166 178 215 207 203 203 191 193 213 209 186 188 217 217 202 211
ZFTSP107 21 1 206 204 173 182 198 195 166 178 215 215 203 203 195 195 215 209 176 190 217 217 202 211
ZFTSP108 21 1 206 204 173 173 216 195 166 178 215 205 203 203 195 191 215 209 188 176 217 217 202 211
ZFTSP109 21 1 206 204 173 173 198 198 166 178 215 215 203 203 195 191 215 209 176 176 217 217 211 211
ZFTSP110 21 1 206 204 179 173 198 195 178 178 215 207 203 203 195 193 213 209 186 190 217 217 211 211
ZFTSP111 21 1 204 204 179 182 198 195 178 178 215 207 203 203 195 195 213 211 186 190 217 217 211 211
ZFTSP112 21 1 204 204 173 182 198 216 178 178 215 207 203 203 189 195 213 213 188 190 217 217 202 211
ZFTSP113 21 1 206 204 179 173 198 195 166 178 215 215 203 203 195 191 215 209 176 192 217 217 211 211
ZFTSP114 21 1 204 204 173 182 216 216 178 178 215 207 203 203 195 195 213 209 186 192 217 217 202 211
ZFTSP115 21 1 206 204 173 182 198 198 166 178 207 207 203 203 195 195 213 215 188 190 217 217 202 211
ZFTSP116 21 1 204 204 179 182 198 198 178 178 215 215 203 203 195 195 211 215 186 190 217 217 211 211
ZFTSP117 21 1 204 204 179 179 195 195 178 178 207 207 203 203 189 195 213 215 176 190 217 217 211 211
ZFTSP118 21 1 204 204 179 173 198 195 166 178 215 207 203 203 189 195 213 211 192 190 217 217 202 202
ZFTSP119 21 1 204 208 179 173 198 195 166 166 207 207 203 203 195 195 211 215 184 176 217 217 202 211
ZFTSP120 21 1 204 204 179 182 198 216 166 178 207 207 203 203 189 189 213 211 186 190 217 217 202 202
ZFTSP121 21 1 204 204 179 179 207 195 166 178 215 215 203 203 195 195 213 215 176 190 217 217 202 211
ZFTSP122 21 1 204 204 173 173 198 195 166 178 215 207 203 203 195 195 211 211 186 190 217 217 202 211
ZFTSP123 21 1 204 204 173 173 195 195 178 178 207 207 203 203 189 195 215 209 186 190 217 217 211 211
ZFTSP124 21 1 206 204 173 173 198 195 178 178 207 207 203 203 195 195 211 209 186 190 217 217 211 211
ZFTSP125 21 1 206 204 173 173 195 195 166 178 207 207 203 203 195 195 215 209 186 176 217 217 202 211
ZFTSP126 21 1 204 204 179 173 198 195 166 178 215 207 203 203 195 191 215 209 186 190 217 217 211 211
ZFTSP127 21 1 204 204 173 173 198 195 166 178 207 207 203 203 195 195 211 209 176 190 217 217 211 211
ZFTSP128 21 1 206 204 179 179 195 195 178 178 207 207 203 203 195 195 215 209 190 190 217 217 211 211
ZFTSP129 21 1 206 204 173 173 198 195 178 178 215 207 203 203 189 195 211 211 186 190 217 217 211 211
ZFTSP130 21 1 204 204 173 173 195 195 166 178 207 207 203 203 195 195 213 209 176 190 217 217 202 211
ZFTSP131 21 1 206 204 173 173 198 195 178 178 207 207 203 203 195 195 213 213 186 190 217 217 202 211
ZFTSP132 21 1 204 204 179 179 198 216 178 178 215 215 203 203 195 191 213 211 186 176 217 217 211 211
ZFTSP133 21 1 206 204 173 173 198 216 166 166 207 207 203 203 195 195 211 211 186 176 217 217 202 211
ZFTSP134 21 1 204 204 173 173 195 195 166 178 215 215 203 203 195 191 211 211 176 190 217 217 211 211
ZFTSP135 21 1 204 204 173 173 198 198 166 178 207 207 203 203 195 195 213 213 186 190 217 217 202 202
ZFTSP136 21 1 204 204 179 173 198 195 166 166 207 207 203 203 195 191 213 213 186 190 217 217 202 202
ZFTSP137 21 1 204 204 179 173 207 216 166 166 215 207 203 203 195 191 213 209 186 190 217 217 202 211
ZFTSP138 21 1 204 204 179 179 198 195 166 178 207 207 203 203 195 195 211 209 186 190 217 217 211 211
ZFTSP139 21 1 204 204 173 173 195 195 166 178 207 207 203 203 195 195 213 211 186 186 217 217 202 211
ZFTSP140 21 1 204 204 179 173 198 198 166 178 207 207 203 203 195 195 213 209 188 190 217 217 202 211
ZFTSP141 21 1 204 204 179 173 195 195 166 166 215 215 203 203 195 195 213 213 186 188 217 217 202 211
ZFTSP142 21 1 204 204 179 173 198 198 178 178 215 215 203 203 195 191 213 215 190 190 217 217 202 202
ZFTSP143 21 1 206 204 179 173 198 195 166 178 215 207 203 203 195 195 213 213 186 190 217 217 211 211
ZFTSP144 21 1 204 204 179 179 198 198 166 178 215 207 203 203 189 195 213 215 190 190 217 217 211 211
ZFTSP145 21 1 204 204 179 173 195 195 166 178 215 207 203 203 195 195 213 211 190 190 217 217 202 211
ZFTSP201 22 1 204 204 173 173 198 216 166 178 215 207 203 203 191 193 -9 -9 186 188 217 217 211 211
ZFTSP202 22 1 204 204 179 173 216 195 184 184 215 205 203 203 195 195 213 213 186 190 217 217 211 211
ZFTSP203 22 1 204 204 179 179 198 216 178 178 215 207 203 203 191 193 213 211 186 186 217 217 211 211
ZFTSP204 22 1 204 218 179 179 216 195 166 178 215 207 203 203 189 193 213 211 186 190 217 217 211 211
ZFTSP205 22 1 204 204 179 179 198 216 178 184 215 207 203 203 195 193 213 205 186 190 217 217 211 211
ZFTSP206 22 1 206 204 179 173 198 216 166 178 215 207 203 203 189 191 213 205 186 188 217 217 211 211
ZFTSP207 22 1 206 204 179 173 198 198 178 178 215 207 203 203 189 193 213 205 186 186 217 217 211 211
ZFTSP208 22 1 204 204 179 179 198 198 166 178 215 207 203 203 189 183 211 205 186 186 217 217 202 211
ZFTSP209 22 1 204 204 179 173 198 198 166 166 207 207 203 203 195 195 213 211 186 190 217 217 211 211
ZFTSP210 22 1 204 204 179 179 198 198 166 178 207 207 203 203 195 193 213 211 186 176 217 217 211 211
ZFTSP211 22 1 204 204 179 173 198 195 178 184 215 207 203 203 189 191 213 213 190 190 217 217 211 211
ZFTSP212 22 1 204 204 173 182 195 195 178 178 207 207 203 203 195 195 211 205 186 190 217 217 211 211
ZFTSP213 22 1 204 204 179 173 195 195 178 178 207 207 203 203 195 193 209 209 186 190 217 217 202 211
ZFTSP214 22 1 206 204 179 173 198 195 178 178 215 215 203 203 195 195 211 215 186 190 217 217 202 202
ZFTSP215 22 1 204 204 179 179 198 216 180 178 215 207 203 203 195 195 213 211 186 190 217 217 202 211
ZFTSP216 22 1 204 204 179 173 207 216 178 184 215 215 203 203 189 191 213 211 186 190 217 217 202 211
ZFTSP217 22 1 204 204 179 173 198 198 178 178 207 207 203 203 195 193 215 209 186 176 217 217 202 211
ZFTSP218 22 1 206 204 179 173 198 195 166 178 215 207 203 203 195 191 213 209 186 186 217 217 202 211
ZFTSP219 22 1 206 204 179 173 198 198 166 178 215 207 203 203 195 195 213 213 186 188 217 217 202 211
ZFTSP220 22 1 204 204 179 173 198 207 166 166 207 207 203 203 191 193 211 211 188 190 217 217 202 202
ZFTSP221 22 1 204 204 179 173 216 195 180 178 215 215 203 203 191 193 213 215 186 188 217 217 211 211
ZFTSP222 22 1 204 204 179 173 198 207 178 184 215 207 203 203 195 193 211 209 186 176 217 217 211 211
ZFTSP223 22 1 204 204 173 182 195 195 178 178 207 207 203 203 195 195 213 209 186 190 217 217 202 202
ZFTSP224 22 1 204 204 179 173 216 195 178 178 215 207 203 203 195 195 211 215 176 190 217 217 202 211
ZFTSP225 22 1 204 204 173 173 195 195 166 178 215 215 203 203 195 193 213 213 186 186 217 217 202 211
ZFTSP226 22 1 204 204 173 173 198 195 178 178 215 215 203 203 195 195 213 211 186 176 217 217 202 202
ZFTSP227 22 1 206 204 179 179 198 198 166 184 207 207 203 203 195 193 211 209 186 176 217 217 211 211
ZFTSP228 22 1 204 204 179 173 198 198 178 184 215 215 203 203 195 191 213 211 186 190 217 217 202 211
ZFW01 23 1 206 218 179 179 198 198 166 178 215 225 203 203 189 187 213 213 184 186 220 220 205 205
ZFW02 23 1 206 218 179 179 198 213 166 166 215 225 203 203 189 199 213 213 184 188 220 220 205 205
ZFW03 23 1 218 218 179 179 198 213 166 182 215 225 203 203 189 199 213 213 184 184 217 220 202 205
ZFW04 23 1 206 218 179 179 198 207 166 166 215 215 203 205 189 187 213 213 184 188 220 220 205 205
ZFW05 23 1 206 220 179 179 198 207 166 182 215 215 203 205 195 187 213 213 184 184 217 220 202 205
ZFW06 23 1 206 218 179 179 198 207 178 184 215 215 205 205 187 199 213 213 186 188 220 220 205 205
ZFWB01 24 1 204 204 179 173 198 198 166 166 215 225 203 203 195 187 215 209 184 188 217 217 211 211
ZFWB02 24 1 206 204 179 179 198 198 166 182 215 215 203 203 189 199 215 209 184 184 217 217 202 208
ZFWB03 24 1 206 204 173 173 198 198 166 166 215 215 203 205 195 195 213 209 184 184 217 217 208 208
ZFWB05 24 1 204 204 173 173 198 195 166 166 225 225 203 203 187 187 207 209 184 186 217 220 211 208
ZFWB06 24 1 204 204 179 179 198 198 166 166 215 225 203 203 195 187 215 209 184 184 217 217 211 211
ZFWB07 24 1 206 204 179 173 198 207 166 166 215 225 203 203 195 199 215 209 184 188 217 217 211 208
ZFWB10 24 1 204 204 173 173 198 195 166 166 215 225 203 205 187 187 215 209 184 188 217 220 211 211
ZFWB11 24 1 204 204 173 173 198 207 166 166 215 227 203 203 195 187 209 209 184 188 217 217 211 208
ZFWB12 24 1 206 204 173 173 198 198 166 166 215 215 203 205 195 195 213 209 184 184 217 217 202 208
ZFWB13 24 1 206 204 173 173 198 195 166 166 215 225 -9 -9 195 187 211 209 184 188 217 217 202 208
ZFWB14 24 1 204 204 173 173 198 198 166 178 215 225 203 203 195 187 215 209 184 184 217 217 211 211
ZFWB15 24 1 206 204 -9 -9 198 207 166 166 215 225 203 205 195 199 213 209 184 188 217 217 211 211
ZFWB18 24 1 204 204 173 173 198 198 166 178 215 225 203 203 195 195 209 209 184 188 217 217 211 208
ZFWB19 24 1 206 204 179 173 198 207 166 182 215 225 203 205 195 199 209 209 184 184 217 217 211 208
ZFWB20 24 1 204 204 179 173 198 198 178 178 225 225 203 205 195 187 215 209 184 188 217 217 211 208
ZFWB21 24 1 206 204 179 173 198 198 166 178 215 215 203 205 195 199 209 209 188 188 217 217 211 208
ZFWB22 24 1 204 204 179 173 198 198 178 178 215 225 203 205 195 187 213 209 184 188 217 217 202 211
ZFWB23 24 1 206 204 179 179 198 195 166 166 215 225 203 203 195 195 215 209 188 188 217 217 211 211
ZFWB24 24 1 204 204 173 173 198 198 182 178 215 225 205 205 195 195 215 215 184 188 217 217 211 211
ZFWB25 24 1 204 204 179 173 198 198 166 178 215 225 203 205 187 187 215 209 184 188 217 217 211 211
ZFWB26 24 1 204 204 179 173 198 198 178 178 215 225 203 203 195 187 213 209 184 184 217 217 208 208
ZFWB27 24 1 204 204 179 179 198 198 166 178 215 215 203 203 195 199 209 209 184 184 217 217 211 208
ZFWB29 24 1 206 204 173 173 198 207 166 182 215 225 203 205 195 187 207 213 184 184 217 217 211 208
ZFWB30 24 1 206 204 173 173 198 207 166 182 215 227 203 203 195 195 207 209 184 188 217 217 211 208
ZFWB31 24 1 204 204 173 173 198 198 166 178 215 215 203 203 195 195 209 209 184 184 217 217 211 208
ZFWB32 24 1 206 204 179 173 198 198 166 166 215 215 203 203 -9 -9 209 209 184 184 217 220 211 208
ZFWB35 24 1 204 204 173 173 198 198 166 178 215 215 203 203 195 195 209 209 184 184 217 217 208 208
ZFWB36 24 1 204 204 179 173 198 198 166 166 215 215 203 203 195 199 213 209 184 188 217 217 208 208
ZFWB37 24 1 204 204 179 173 198 198 166 178 215 227 203 203 195 195 213 209 184 184 217 217 208 208
ZFWB38 24 1 204 204 173 173 198 198 166 178 215 225 203 203 187 199 213 209 184 184 217 217 211 208
ZFWB39 24 1 204 204 -9 -9 198 198 166 166 215 215 203 203 195 195 209 209 184 188 217 217 211 208
ZFWB40 24 1 206 204 173 173 198 207 166 166 215 225 203 203 195 195 207 209 184 188 217 217 211 208
ZFWB41 24 1 206 204 -9 -9 198 207 166 166 215 225 203 203 195 195 213 209 184 188 217 217 211 208
ZFWB42 24 1 204 204 173 173 198 198 166 166 215 225 203 203 195 195 209 209 184 184 217 217 211 208
ZFWB43 24 1 204 204 173 173 198 198 166 178 215 215 203 203 195 199 209 209 184 184 217 217 208 208
ZFWB44 24 1 204 204 179 179 198 198 166 178 215 215 203 203 199 199 213 209 184 184 217 217 205 208
ZFWB46 24 1 204 204 173 173 198 198 166 182 215 215 203 203 195 199 207 209 184 184 217 217 211 208
ZFWB47 24 1 206 204 -9 -9 198 198 166 166 215 215 203 203 195 199 213 209 184 184 217 220 211 208
ZFWB48 24 1 204 204 173 173 198 198 166 182 215 189 203 203 195 195 207 209 184 188 217 217 211 208
ZFWB49 24 1 204 204 173 173 198 198 166 166 215 215 203 203 195 191 207 209 184 176 217 217 211 208
ZCF01 25 1 222 204 179 179 207 207 184 184 215 215 203 203 195 187 213 209 184 188 217 217 202 208
ZCF02 25 1 222 204 179 173 207 207 182 178 215 215 203 205 187 187 213 215 184 188 217 220 205 208
ZCF03 25 1 204 204 179 179 207 207 178 178 215 207 203 203 195 187 209 209 184 188 217 220 205 208
ZCF04 25 1 220 220 179 179 207 207 182 184 215 207 203 203 193 201 211 215 184 182 217 220 205 208
ZCF05 25 1 222 222 179 173 207 207 182 178 215 215 203 203 187 199 207 209 184 184 217 217 205 205
ZCF06 25 1 220 210 179 173 198 207 182 184 215 215 203 203 195 193 211 209 188 190 220 220 205 211
ZCF07 25 1 222 204 179 179 198 207 182 178 215 215 203 203 199 199 215 209 184 184 217 217 202 208
ZCF08 25 1 204 204 179 179 207 207 166 184 215 215 203 205 199 201 211 215 176 182 217 217 208 208
ZCF09 25 1 204 204 173 173 207 207 184 184 215 189 203 203 195 183 207 211 186 190 217 220 202 211
ZCF10 25 1 204 204 179 179 207 219 166 184 215 215 203 203 195 199 213 209 184 176 217 217 205 211
ZCF11 25 1 204 204 179 179 198 207 178 178 215 215 203 203 199 199 209 209 184 186 217 217 205 208
ZCF12 25 1 204 220 179 179 198 219 182 182 215 189 203 203 201 201 207 209 188 182 220 220 205 211
ZCF13 25 1 204 220 179 179 207 219 166 166 215 189 203 203 187 193 215 209 184 182 217 220 205 208
ZCF14 25 1 204 220 179 179 198 207 182 178 215 215 203 203 187 199 207 211 186 188 217 220 211 211
ZCF15 25 1 204 220 173 173 198 207 182 178 215 215 203 203 195 199 209 209 184 188 217 220 205 205
ZCF16 25 1 204 204 179 179 210 210 178 184 215 215 203 203 195 187 215 209 184 188 217 217 205 214
ZCF17 25 1 204 220 179 179 198 219 182 178 215 215 203 203 195 187 209 209 184 182 217 217 208 208
ZCF18 25 1 204 204 179 173 198 207 166 184 215 189 203 203 187 193 209 217 184 182 217 220 205 205
ZCF19 25 1 224 220 179 173 198 198 178 184 215 215 203 203 187 199 207 209 188 188 220 220 205 211
ZCF20 25 1 204 220 179 179 198 207 178 178 215 215 203 203 187 199 213 209 186 188 217 217 208 208
ZCF21 25 1 204 204 179 173 198 207 178 184 215 215 203 203 195 199 207 209 184 176 220 220 205 205
ZCF22 25 1 202 220 179 173 198 198 178 184 215 217 203 203 187 199 213 211 184 182 217 217 202 208
ZCF23 25 1 204 204 179 179 207 207 178 184 215 189 203 203 187 199 213 215 184 184 217 217 208 208
ZCF24 25 1 204 204 179 173 207 207 178 184 215 189 203 203 195 201 207 215 190 182 217 217 211 208
ZCF25 25 1 222 204 179 176 207 207 182 178 215 215 203 203 195 193 211 211 184 182 217 220 211 208
ZCF26 25 1 204 210 173 176 207 207 178 178 215 215 203 203 187 193 207 207 190 182 217 217 205 214
ZCF27 25 1 204 220 179 179 198 207 182 178 215 215 203 203 195 199 215 209 184 188 217 220 205 208
ZCF28 25 1 222 204 179 179 207 210 166 184 215 215 203 203 187 187 211 209 184 184 217 217 208 208
ZCF29 25 1 204 204 173 173 207 195 182 184 215 215 203 203 187 201 209 209 188 188 217 220 205 211
ZCF30 25 1 220 220 179 179 207 210 166 178 215 215 203 203 195 199 211 209 184 182 217 220 205 208
ZCF31 25 1 204 220 173 173 207 207 182 184 215 215 203 205 187 183 209 209 184 184 217 217 205 208
ZCF32 25 1 204 204 179 179 198 210 178 184 217 217 203 203 187 193 211 209 184 188 217 220 205 208
ZCF33 25 1 222 204 179 179 207 210 182 184 189 217 203 203 187 187 213 209 182 182 217 217 205 205
ZCF34 25 1 204 204 179 179 207 207 166 178 215 215 203 203 193 193 207 209 188 176 217 217 211 211
ZCF35 25 1 204 220 173 173 207 219 184 184 215 207 203 203 187 193 213 209 188 182 217 217 205 214
ZCF36 25 1 204 220 179 179 207 207 182 178 215 215 203 203 187 183 213 213 184 188 217 217 205 205
ZCF37 25 1 204 204 179 179 198 198 184 184 215 217 203 203 199 201 213 209 188 176 217 217 208 208
ZCF38 25 1 222 204 173 173 198 207 166 184 215 215 203 203 193 199 211 209 184 182 217 217 205 208
ZCF39 25 1 204 204 179 179 198 207 178 178 215 207 203 203 193 199 215 209 176 176 217 217 211 211
ZCF40 25 1 204 204 179 179 198 210 178 178 215 215 203 203 195 193 211 209 184 188 217 217 205 208
ZCF41 25 1 204 204 179 179 207 207 178 184 215 215 203 203 195 187 207 217 184 188 217 217 205 205
ZCF42 25 1 206 204 179 173 207 207 182 184 215 215 203 203 195 201 209 209 184 190 217 220 211 208
