QAc-W-0001	200	208	171	187	206	208	161	157	166	140	235	237	118	118	139	139	116	114	232	232	165	165	140	140	206	192	151	151	256	258
QAc-W-0002	200	200	171	173	206	206	161	161	146	140	235	237	118	118	139	137	116	114	232	238	165	161	140	134	210	192	157	154	258	248
QAc-W-0003	200	208	171	189	206	206	167	161	146	152	233	233	118	118	139	139	118	114	232	232	165	165	140	140	210	194	151	157	256	258
QAc-W-0004	200	200	171	189	206	206	161	161	148	152	235	233	118	118	139	139	116	116	232	232	165	165	140	140	206	208	151	151	256	258
QAc-W-0005	200	200	171	189	206	208	163	161	140	152	237	233	118	118	139	139	116	114	232	232	165	165	137	140	206	210	151	151	254	254
QAc-W-0006	200	208	171	189	206	206	161	161	148	152	233	233	118	118	139	139	116	116	232	238	165	165	137	140	206	208	151	157	256	256
QAc-W-0007	200	208	189	189	-9	-9	-9	-9	144	152	235	233	118	118	139	139	116	114	232	232	165	165	137	140	206	208	151	157	256	258
QAc-W-0008	200	208	173	189	206	208	161	161	150	152	235	233	118	118	139	139	116	114	232	232	165	161	137	125	204	208	-9	-9	256	246
QAc-W-0009	210	208	173	173	206	206	161	161	138	144	239	243	118	118	139	137	116	114	232	238	165	165	140	134	210	202	157	157	256	246
QAc-W-0010	200	200	171	173	206	208	167	157	154	152	235	233	118	118	139	139	116	116	232	232	165	165	137	137	210	202	151	151	254	248
QAc-W-0011	212	200	173	189	206	206	161	153	144	152	237	233	118	118	139	139	116	122	232	232	165	165	137	140	206	210	151	157	246	252
QAc-W-0012	212	200	175	173	206	206	167	157	140	152	233	233	118	124	139	137	114	114	232	232	165	165	140	134	210	208	151	154	248	260
QAc-W-0013	200	200	171	181	206	206	163	161	144	158	229	233	118	118	139	137	116	130	232	232	165	165	134	134	210	192	151	157	246	248
QAc-W-0014	200	218	171	173	206	208	167	161	152	152	235	237	118	118	139	139	116	112	232	232	165	165	137	140	192	208	151	151	258	260
QAc-W-0015	200	224	181	173	206	206	163	161	144	144	235	237	118	118	139	139	112	118	232	232	165	165	140	134	210	192	151	151	248	248
QAc-W-0016	200	206	189	189	206	208	165	163	150	152	235	235	118	118	139	139	116	116	232	232	165	167	137	137	208	208	151	151	256	258
QAc-W-0017	200	224	171	181	206	206	163	161	154	140	237	245	118	118	139	139	118	118	232	232	165	161	137	137	210	194	157	157	256	242
QAc-W-0018	210	202	181	187	206	208	163	167	152	152	235	237	118	118	139	139	116	126	232	232	165	165	137	140	206	206	151	157	258	252
QAc-W-0019	210	200	171	189	206	206	163	161	140	152	237	233	118	118	139	139	116	116	232	232	165	165	137	140	210	210	151	157	254	260
QAc-W-0020	202	208	187	189	206	208	167	167	150	152	237	233	118	118	139	139	116	128	232	232	165	161	137	140	190	214	151	151	254	260
QAc-W-0021	200	200	171	175	206	206	163	157	148	152	225	241	118	118	139	139	116	114	232	232	165	165	137	140	206	200	151	157	258	252
QAc-W-0022	200	200	171	179	206	206	163	177	148	144	235	237	118	118	139	139	116	112	232	232	165	161	137	137	210	190	139	151	246	258
QAc-W-0023	216	200	171	171	206	206	163	161	160	138	237	245	118	118	139	139	114	114	232	232	165	165	140	140	-9	-9	151	157	246	258
QAc-W-0024	200	208	171	181	206	208	163	161	148	140	225	237	118	118	139	139	118	118	232	232	165	165	137	137	206	214	151	157	246	260
QAc-W-0025	212	200	171	187	206	208	161	161	148	140	233	233	118	118	139	137	116	116	232	232	165	165	137	134	184	216	157	157	246	260
QAc-W-0026	212	218	175	181	206	206	161	161	166	140	233	233	118	118	139	137	116	112	232	232	165	165	137	140	206	210	151	154	254	260
QAc-W-0027	212	200	187	189	206	206	161	161	148	144	235	235	118	118	139	139	114	114	232	238	165	165	137	140	192	216	157	157	256	256
QAc-W-0028	208	208	187	189	206	206	161	161	144	140	237	245	118	118	139	139	116	114	232	232	165	161	140	134	210	192	151	157	254	260
QAc-W-0029	200	200	171	175	206	206	163	161	150	158	237	233	118	118	139	139	116	116	232	232	165	165	140	140	202	216	157	157	258	260
QAc-W-0030	200	200	171	173	206	206	165	161	150	144	239	233	118	118	139	139	116	116	232	232	165	165	137	134	192	182	157	157	256	258
QAc-W-0031	200	200	171	189	206	206	161	161	148	152	229	235	118	118	139	139	116	114	232	238	165	165	140	140	192	192	139	157	256	260
QAc-W-0032	202	218	171	173	206	208	167	161	140	152	235	233	118	124	139	139	116	114	232	232	165	165	140	140	190	208	151	157	246	258
QAc-W-0033	202	224	175	173	206	208	167	161	150	152	235	245	118	118	139	137	116	114	232	232	165	165	137	140	190	202	139	145	256	258
QAc-W-0034	212	200	171	173	206	206	161	161	140	152	233	233	118	118	139	137	114	114	232	232	165	165	137	140	192	200	139	157	248	260
QAc-W-0035	212	218	173	187	206	206	167	161	144	152	239	235	118	118	139	139	116	116	232	232	165	167	137	140	206	216	151	157	246	248
QAc-W-0036	202	200	171	189	206	206	167	161	144	140	233	233	118	118	139	139	114	114	232	232	165	165	137	137	192	204	139	157	256	248
QAc-W-0037	212	212	175	173	206	206	167	161	148	144	237	233	118	118	139	139	114	120	232	232	165	165	137	140	210	192	151	157	256	248
QAc-W-0038	224	208	171	171	206	206	163	167	146	140	235	237	118	118	139	139	116	114	232	232	165	165	137	137	214	192	157	157	246	254
QAc-W-0039	224	218	181	173	206	206	161	161	166	140	233	233	118	118	139	139	116	116	232	232	165	165	137	140	210	210	139	151	248	260
QAc-W-0040	216	222	171	173	206	208	161	157	148	138	235	233	118	118	139	139	114	114	232	232	165	165	137	140	206	214	151	157	256	260
QAc-W-0041	212	200	171	181	206	206	161	161	150	144	235	233	118	118	139	137	116	118	232	238	165	165	137	140	210	210	139	151	258	252
QAc-W-0042	200	214	181	181	206	206	167	161	166	158	237	227	118	118	139	137	122	130	232	232	165	165	137	137	202	202	139	151	256	258
QAc-W-0043	210	200	181	181	206	206	161	161	144	158	237	245	118	118	139	139	122	130	232	238	165	161	137	137	202	194	139	151	256	248
QAc-W-0044	200	200	171	179	206	206	161	161	144	158	235	245	118	118	139	139	122	122	232	232	165	165	137	137	202	192	139	151	258	248
QAc-W-0045	214	232	181	173	206	206	161	161	146	166	237	227	118	118	139	137	126	126	238	238	165	161	137	134	206	202	151	157	256	258
QAc-W-0046	200	232	181	181	206	206	161	161	158	158	227	245	118	118	139	139	122	130	232	238	165	165	134	134	206	202	151	157	248	248
QAc-W-0047	200	232	171	173	206	206	161	161	144	144	227	245	118	118	139	139	112	122	232	238	165	165	137	134	192	194	151	151	258	258
QAc-W-0048	210	232	171	173	206	208	167	161	160	166	227	241	118	118	139	139	114	130	232	238	165	165	137	134	202	200	139	151	246	248
QAc-W-0049	210	232	171	173	206	206	167	161	160	166	227	241	118	118	139	139	114	128	232	238	165	165	137	134	202	200	139	151	246	248
QAc-W-0050	214	214	175	173	206	206	163	161	142	144	227	231	116	116	139	139	116	124	232	232	165	161	137	137	202	200	157	154	262	248
QAc-W-0051	214	214	175	173	206	206	165	161	150	150	235	233	118	118	139	137	122	126	232	232	165	167	137	137	202	194	157	163	256	258
QAc-W-0052	202	200	179	173	206	206	167	167	166	166	233	227	118	124	139	139	122	120	232	232	165	165	137	137	206	202	151	157	258	254
QAc-W-0053	210	214	171	173	206	206	163	169	144	144	233	227	118	118	139	137	116	122	232	238	165	165	137	137	202	200	151	160	258	248
QAc-W-0054	212	214	173	187	206	206	167	161	154	154	239	241	118	118	139	139	116	126	232	232	165	167	137	134	202	202	151	151	258	250
QAc-W-0055	200	214	185	173	206	206	161	161	146	146	239	235	118	118	139	139	124	126	232	232	167	167	137	137	206	202	151	151	246	250
QAc-W-0056	212	200	171	187	206	208	167	161	150	138	235	235	118	118	139	139	124	126	232	232	165	167	137	140	192	194	154	142	262	258
QAc-W-0057	210	214	171	177	206	206	163	167	150	150	235	237	118	118	139	139	122	124	232	232	165	167	137	134	206	194	139	157	262	246
QAc-W-0058	210	214	171	171	206	206	165	161	146	146	239	227	118	118	139	139	124	126	232	232	165	167	137	140	202	198	151	142	262	246
QAc-W-0059	210	200	171	171	206	206	163	161	166	144	227	227	118	118	139	139	122	114	232	238	165	165	137	134	200	194	151	160	246	248
QAc-W-0060	224	224	177	177	206	206	165	161	138	144	239	239	118	118	139	139	122	120	232	232	165	165	137	134	214	194	151	157	256	248
QAc-W-0061	210	224	175	177	206	206	161	161	154	144	235	237	118	118	139	139	114	114	232	232	165	165	134	134	214	194	151	154	256	254
QAc-W-0062	226	224	179	179	206	206	165	161	138	138	235	237	118	118	139	139	112	122	232	232	165	165	137	134	194	194	139	151	256	254
QAc-W-0063	216	214	179	173	206	204	165	161	148	138	237	233	118	118	139	139	116	116	232	232	165	165	137	134	214	194	151	151	254	254
QAc-W-0064	226	228	179	173	206	208	165	161	146	138	235	235	118	118	139	139	116	112	232	232	165	167	134	134	214	194	151	157	242	248
QAc-W-0065	224	228	179	187	206	206	165	161	146	144	235	237	118	118	139	139	112	124	232	232	165	167	137	137	206	194	151	157	242	248
QAc-W-0066	212	200	181	181	206	206	161	161	146	146	225	239	118	118	139	139	116	122	232	232	165	165	137	134	210	214	139	151	250	250
QAc-W-0067	212	226	181	173	206	206	161	161	146	146	225	239	118	118	139	139	122	122	232	232	165	165	137	134	210	212	151	151	256	250
QAc-W-0068	200	224	181	173	206	206	161	161	148	148	239	239	118	118	139	139	116	122	232	232	165	165	137	134	214	186	139	154	250	250
QAc-W-0069	212	224	173	173	206	206	161	161	148	148	239	239	118	118	139	139	116	122	232	232	165	165	137	134	210	214	139	151	250	250
QAc-W-0070	212	228	173	177	206	206	161	161	146	146	239	239	118	118	139	139	112	122	232	232	165	165	137	134	210	194	151	154	250	250
QAc-W-0071	200	224	181	177	206	206	-9	-9	154	144	225	225	118	118	139	139	112	122	232	232	165	165	134	134	194	194	151	157	256	242
QAc-W-0072	218	214	185	179	206	208	161	161	154	154	235	237	118	118	139	139	116	112	232	232	165	167	137	134	194	194	139	157	256	254
QAc-W-0073	224	214	171	179	206	206	165	163	144	144	239	235	118	118	139	139	112	122	232	232	165	165	137	134	204	194	151	151	254	252
QAc-W-0074	224	228	179	179	206	206	161	161	148	154	235	237	118	118	139	139	112	122	232	232	165	167	137	140	194	194	151	151	254	242
QAc-W-0075	224	224	179	177	206	206	165	163	148	146	239	235	118	118	139	139	116	122	232	232	165	167	137	134	194	194	139	151	254	250
QAc-W-0076	224	224	185	177	206	206	163	161	144	144	239	235	118	118	139	139	116	112	232	232	165	167	137	137	194	194	151	151	242	242
QAc-W-0077	200	214	181	179	206	206	161	161	146	144	239	233	118	118	139	139	112	124	232	232	165	165	137	134	214	194	151	154	254	248
QAc-W-0078	202	218	175	181	206	204	161	161	148	146	225	229	118	118	139	139	116	116	232	232	165	165	137	140	210	192	145	157	246	244
QAc-W-0079	210	212	175	185	206	206	165	161	148	148	225	229	118	118	139	139	116	116	232	232	165	165	140	134	206	200	-9	-9	262	262
QAc-W-0080	210	212	175	185	-9	-9	-9	-9	148	148	225	229	118	118	139	139	116	116	232	232	165	165	140	134	206	200	139	151	262	260
QAc-W-0081	202	216	175	181	206	206	165	165	138	158	235	233	118	118	139	137	116	118	232	232	165	165	134	134	206	210	151	151	256	252
QAc-W-0082	212	218	171	181	206	206	173	173	150	162	235	235	116	116	137	137	116	126	232	232	165	167	137	134	206	194	139	157	246	242
QAc-W-0083	202	218	181	181	206	206	165	161	138	138	229	235	118	118	139	139	116	118	232	232	165	165	137	140	210	194	151	157	262	242
QAc-W-0084	202	226	181	181	206	206	173	173	148	138	235	233	118	118	139	137	116	118	232	232	165	165	140	134	206	210	151	151	256	262
QAc-W-0085	226	216	175	181	206	206	173	173	146	158	235	235	118	118	139	139	118	118	232	232	165	165	137	134	210	184	145	151	256	252
QAc-W-0086	200	218	181	173	206	206	173	173	162	162	229	229	118	118	139	137	118	118	232	232	165	165	137	137	206	210	139	151	256	242
QAc-W-0087	212	216	181	181	206	206	165	173	148	148	229	235	118	118	139	137	118	114	232	232	165	165	137	137	210	200	145	151	262	246
QAc-W-0088	212	212	181	183	206	206	165	169	146	138	229	235	118	118	139	139	118	118	232	232	165	167	140	140	206	206	151	157	256	246
QAc-W-0089	212	200	181	173	206	206	165	165	148	146	235	235	118	118	139	139	118	118	232	232	165	167	140	140	206	202	151	151	262	246
QAc-W-0090	212	200	181	173	206	206	165	173	148	148	229	235	118	118	139	137	118	118	232	232	165	167	140	140	210	202	151	151	262	246
QAc-W-0091	210	212	171	185	206	204	165	165	148	148	233	241	118	118	139	137	118	118	232	232	165	165	137	137	210	210	145	151	256	262
QAc-W-0092	212	216	181	181	206	206	165	161	166	140	235	241	118	118	139	139	116	118	232	232	165	165	137	140	210	192	139	151	246	252
QAc-W-0093	210	208	171	185	206	206	165	167	138	162	235	237	118	118	139	137	116	116	232	232	165	165	140	134	206	210	157	163	262	242
QAc-W-0094	226	208	191	191	206	206	165	167	148	138	233	233	118	118	139	139	116	118	232	232	165	165	137	137	206	194	151	157	258	242
QAc-W-0095	202	226	171	191	206	206	165	165	148	138	229	233	118	118	139	139	116	116	232	232	165	165	137	140	210	194	151	151	262	258
QAc-W-0096	212	208	181	191	206	206	165	165	148	138	229	235	118	118	139	139	116	118	232	232	165	165	137	137	202	194	151	157	258	254
QAc-W-0097	212	200	171	171	206	206	165	173	144	156	235	233	118	118	139	139	118	114	232	232	165	165	137	134	206	210	151	163	262	246
QAc-W-0098	210	212	171	181	206	206	165	165	148	146	235	241	118	118	139	139	116	116	232	244	165	165	137	140	206	206	151	157	262	262
QAc-W-0099	212	216	175	181	206	206	173	177	148	158	235	241	118	118	139	139	116	116	232	232	165	165	137	137	202	184	145	157	252	248
QAc-W-0100	212	212	181	183	206	206	165	177	146	138	229	235	118	118	139	139	118	118	232	232	165	167	140	140	206	206	151	157	256	246
QAc-W-0101	226	218	181	181	206	206	165	165	148	148	235	235	118	118	139	139	118	114	232	232	165	167	137	137	210	210	139	151	256	242
QAc-W-0104	210	210	181	173	206	206	165	163	148	162	229	229	118	118	139	139	118	118	232	232	165	165	137	140	206	202	139	145	262	242
QAc-W-0105	212	226	181	181	206	206	165	165	148	146	235	241	118	118	139	139	116	118	232	232	165	165	137	137	206	192	139	151	252	252
QAc-W-0106	212	226	181	181	206	206	167	177	148	146	235	241	118	118	139	139	116	118	232	232	165	165	137	137	206	192	139	151	252	252
QAc-W-0107	202	200	171	175	206	206	165	165	160	146	229	235	118	118	139	139	112	118	232	232	165	167	137	134	206	210	151	151	242	242
QAc-W-0108	210	200	175	185	206	206	165	165	148	160	225	235	118	118	139	139	116	112	232	232	165	167	140	134	210	200	139	151	262	242
QAc-W-0109	216	200	181	181	206	206	165	165	148	148	239	229	118	118	139	139	118	114	232	232	165	165	140	134	202	200	151	151	262	246
QAc-W-0110	200	218	181	189	-9	-9	-9	-9	148	152	235	233	118	118	139	137	118	118	232	232	165	165	137	137	210	204	139	139	256	260
QAc-W-0111	210	212	185	181	206	206	-9	-9	148	148	225	241	118	118	139	139	116	116	232	232	165	165	134	134	192	200	139	151	262	252
QAc-W-0112	210	212	171	183	-9	-9	-9	-9	146	138	235	235	118	118	139	139	118	118	232	232	165	167	140	140	206	206	157	157	256	262
QAc-W-0113	200	218	185	179	-9	-9	-9	-9	138	144	237	237	118	118	139	143	116	124	232	238	165	165	137	140	206	184	145	151	256	258
QAc-W-0114	218	222	171	179	-9	-9	-9	-9	138	140	225	237	118	118	139	139	118	118	232	238	165	165	137	137	190	200	151	151	258	248
QAc-W-0115	212	222	179	173	206	206	163	161	138	138	235	235	118	118	139	141	114	114	232	232	165	165	137	140	206	212	145	157	254	242
QAc-W-0116	200	222	171	185	206	206	163	167	154	138	235	237	118	118	137	143	112	118	232	232	165	165	137	137	192	200	151	157	258	248
QAc-W-0117	218	222	173	183	206	206	163	163	140	140	235	237	118	118	139	137	114	114	232	238	165	165	137	134	190	212	157	154	258	242
QAc-W-0118	200	218	185	179	206	206	163	161	148	154	235	243	118	118	139	139	118	124	232	232	165	165	137	134	206	212	145	151	254	242
QAc-W-0119	210	218	185	173	206	206	163	167	154	138	225	237	118	118	139	137	114	124	232	232	165	165	137	137	212	192	151	154	258	244
QAc-W-0120	218	222	173	177	206	206	163	167	138	140	237	245	118	118	139	139	116	116	232	238	165	165	137	140	184	200	145	154	250	252
QAc-W-0121	200	200	185	173	206	206	163	161	142	140	245	245	118	118	137	137	116	112	232	232	165	165	137	134	190	212	151	151	250	248
QAc-W-0122	210	200	185	179	206	206	163	161	152	152	235	245	118	118	139	139	112	114	232	232	165	165	137	137	192	200	145	142	242	242
QAc-W-0123	210	216	185	185	206	206	163	163	146	144	235	235	118	118	139	139	114	120	232	232	165	165	137	137	212	196	145	157	-9	-9
QAc-W-0124	212	212	179	177	206	206	161	161	138	140	235	233	118	118	139	139	112	112	232	232	165	165	137	137	210	184	145	151	242	252
QAc-W-0125	210	216	171	185	206	206	167	161	148	154	235	231	118	118	139	139	118	114	232	232	165	165	137	137	212	212	151	154	256	242
QAc-W-0126	210	222	173	173	-9	-9	-9	-9	148	140	235	237	118	118	139	137	112	118	232	232	165	165	137	137	202	196	151	151	256	242
QAc-W-0127	200	222	179	173	206	206	-9	-9	140	152	241	241	118	118	139	139	116	112	232	238	165	167	137	137	190	208	145	151	248	248
QAc-W-0128	200	222	185	179	-9	-9	-9	-9	148	138	235	231	118	118	139	137	118	114	232	238	165	165	137	140	210	200	151	154	256	248
QAc-W-0129	210	218	185	179	-9	-9	-9	-9	144	140	239	243	118	118	139	137	116	112	232	238	165	165	137	140	206	204	145	154	248	260
QAc-W-0130	210	200	179	183	-9	-9	-9	-9	152	152	235	237	118	118	139	137	116	116	232	238	165	165	137	137	210	184	145	151	258	248
QAc-W-0131	200	200	179	183	206	206	163	167	164	140	241	231	118	118	139	139	116	116	232	232	167	167	137	137	206	190	145	151	258	242
QAc-W-0132	200	218	179	173	206	206	161	161	154	140	239	235	118	118	139	139	116	118	232	232	165	165	137	134	206	206	145	157	-9	-9
QAc-W-0133	226	200	181	173	206	206	163	159	154	152	241	241	118	118	139	143	116	116	232	238	167	167	137	134	206	206	151	154	-9	-9
QAc-W-0134	210	216	185	183	206	206	167	161	138	144	235	245	118	118	139	139	116	112	232	232	165	165	137	137	206	212	151	154	248	248
QAc-W-0135	212	222	179	189	206	206	161	161	144	152	237	237	118	118	139	139	116	116	232	232	165	165	137	134	212	184	151	151	242	248
QAc-W-0136	216	216	179	173	206	206	161	159	138	140	235	231	118	118	139	137	112	118	232	232	165	165	137	137	212	208	157	157	248	248
QAc-W-0137	216	222	179	173	206	206	167	161	154	138	235	245	118	118	139	137	116	112	232	232	165	165	137	137	190	212	157	154	248	248
QAc-W-0138	216	222	179	173	206	206	163	163	154	140	235	231	118	118	139	139	116	116	232	232	165	165	137	137	212	208	157	154	258	248
QAc-W-0139	200	218	179	179	206	206	165	163	148	144	235	233	118	118	139	139	116	116	232	232	165	167	137	137	206	204	151	154	258	244
QAc-W-0140	200	222	173	183	206	206	161	161	138	144	235	245	118	118	139	137	112	114	232	238	165	165	137	137	190	212	151	157	246	246
QAc-W-0141	210	200	173	183	206	206	161	161	148	144	235	237	118	118	139	139	116	116	232	232	165	165	137	137	190	198	157	157	-9	-9
QAc-W-0142	210	222	179	173	206	206	163	161	154	144	245	243	118	118	139	137	116	116	232	232	165	167	137	137	212	212	151	151	256	242
QAc-W-0143	218	206	185	177	206	206	167	161	154	158	235	235	118	118	137	137	116	116	232	232	165	165	137	137	206	184	151	151	256	248
QAc-W-0144	218	214	171	185	206	206	163	161	138	138	237	237	118	118	139	137	118	114	238	238	165	165	137	134	202	208	145	151	258	242
QAc-W-0145	210	222	185	179	206	206	163	161	144	140	235	237	118	118	139	139	118	114	232	232	163	163	137	137	212	184	145	142	254	248
QAc-W-0146	212	222	185	185	206	206	167	161	144	144	235	235	118	118	139	137	116	116	232	232	165	165	137	125	206	184	151	157	258	258
QAc-W-0147	200	222	185	177	206	206	163	161	154	152	235	235	118	118	137	143	112	118	232	232	165	165	137	137	206	184	151	157	242	248
QAc-W-0148	210	222	179	177	206	206	161	161	154	140	235	237	118	118	139	139	116	114	232	232	165	165	137	137	206	212	157	157	258	248
QAc-W-0149	210	200	179	183	206	206	163	161	158	152	235	235	118	118	139	139	112	118	232	232	165	165	137	137	202	204	145	151	258	258
QAc-W-0150	210	212	171	185	206	206	167	167	154	152	235	237	118	118	139	139	116	112	232	232	165	165	137	137	210	184	151	151	258	258
QAc-W-0151	212	212	171	179	206	206	161	159	154	140	235	237	118	118	139	137	112	114	232	232	165	165	137	125	206	212	151	157	258	242
QAc-W-0152	200	214	179	179	206	206	161	161	138	144	235	235	118	118	139	139	118	114	232	232	165	165	137	125	212	184	145	151	248	248
QAc-W-0153	210	212	173	183	212	212	165	165	144	140	239	235	118	118	139	139	112	114	232	232	165	165	134	146	190	192	151	157	246	242
QAc-W-0154	222	206	187	189	206	206	161	159	138	140	235	235	118	118	135	139	116	114	232	232	165	165	137	137	190	212	151	151	252	244
QAc-W-0155	218	214	185	185	206	206	163	161	138	138	237	237	118	118	139	139	116	116	232	232	165	165	137	137	190	208	151	154	258	248
QAc-W-0156	210	200	175	185	206	206	163	161	138	140	235	235	118	118	139	143	118	114	232	232	165	165	140	140	206	206	151	157	258	258
QAc-W-0157	216	220	179	173	206	206	167	167	144	144	235	235	118	118	137	143	116	120	232	238	165	165	137	134	212	212	151	154	256	254
QAc-W-0158	200	218	179	173	206	206	163	161	148	138	235	235	118	118	139	139	116	118	232	232	165	165	137	140	210	212	151	157	258	248
QAc-W-0159	200	222	175	183	206	206	167	161	154	140	245	243	118	118	139	137	114	114	232	232	165	165	137	137	190	212	145	151	256	248
QAc-W-0160	210	216	185	177	206	206	161	161	144	140	235	245	118	118	135	141	116	114	232	232	165	165	137	140	206	208	151	157	256	244
QAc-W-0161	202	222	173	173	206	206	161	161	140	152	235	241	118	118	139	139	116	120	238	238	165	165	137	137	190	212	157	157	258	248
QAc-W-0162	218	222	185	177	206	206	163	161	138	138	235	241	118	118	139	137	112	122	232	232	165	165	137	137	190	194	157	157	258	242
QAc-W-0163	210	214	171	173	206	206	161	161	138	142	237	243	118	118	139	143	118	124	232	232	165	165	137	137	190	212	151	151	258	248
QAc-W-0164	200	218	179	179	206	206	161	161	154	138	235	241	118	118	139	139	116	112	232	238	165	167	137	137	206	196	151	157	256	248
QAc-W-0165	210	222	183	169	206	206	163	167	138	138	239	237	118	118	137	137	116	116	232	232	165	165	137	137	190	212	157	157	254	250
QAc-W-0166	212	214	179	189	206	206	163	161	138	138	235	237	118	118	139	139	114	114	232	232	165	165	137	137	206	212	151	157	256	258
QAc-W-0167	200	208	179	187	206	206	163	167	146	162	235	235	118	114	139	139	118	124	232	232	165	161	134	146	200	198	151	157	246	242
QAc-W-0168	210	200	175	185	206	206	163	161	154	140	239	245	118	118	139	139	116	128	232	232	165	165	134	134	210	200	157	154	254	248
QAc-W-0169	214	220	187	189	206	206	161	161	150	134	239	237	118	122	139	137	116	116	232	232	165	161	134	134	192	196	151	154	258	252
QAc-W-0170	200	220	171	175	206	206	163	161	154	156	235	235	118	118	139	139	114	114	232	244	165	161	140	134	192	198	151	142	246	248
QAc-W-0171	200	208	179	187	206	206	167	167	146	162	235	237	118	114	139	139	118	124	232	232	165	161	134	146	200	198	151	157	246	242
QAc-W-0172	210	202	171	167	206	206	163	159	164	152	235	231	118	118	135	139	118	114	232	232	161	171	140	134	190	192	163	163	246	258
QAc-W-0173	200	208	179	187	206	206	165	163	144	140	235	237	118	118	139	139	116	128	232	232	165	161	137	137	198	196	157	157	246	242
QAc-W-0174	200	214	181	187	206	206	163	163	146	138	237	231	118	118	139	139	114	114	232	232	165	165	134	146	192	196	157	154	242	264
