

----------------------------------------------------
STRUCTURE by Pritchard, Stephens and Donnelly (2000)
     and Falush, Stephens and Pritchard (2003)
       Code by Pritchard, Falush and Hubisz
             Version 2.3.4 (Jul 2012)
----------------------------------------------------



Command line arguments:   bin\structure -m C:\Users\eschumacher\Documents\GitHub\GCC_QUAC_ZAIN\Data_Files\Structure_Files\QUAC\QUAC_woK_nopopinfo_garden_wild\QUAC_woK_nopopinfo_garden_wild\50-50\mainparams -e C:\Users\eschumacher\Documents\GitHub\GCC_QUAC_ZAIN\Data_Files\Structure_Files\QUAC\QUAC_woK_nopopinfo_garden_wild\QUAC_woK_nopopinfo_garden_wild\50-50\extraparams 
Input File:    C:\Users\eschumacher\Documents\GitHub\GCC_QUAC_ZAIN\Data_Files\Structure_Files\QUAC\QUAC_woK_nopopinfo_garden_wild\QUAC_woK_nopopinfo_garden_wild\project_data

Run parameters:
   441 individuals
   15 loci
   20 populations assumed
   50000 Burn-in period
   50000 Reps


--------------------------------------------
Overall proportion of membership of the
sample in each of the 20 clusters

Inferred Clusters
  1      2      3      4      5      6      7      8      9     10     11     12     13     14     15     16     17     18     19     20    
0.025  0.073  0.052  0.040  0.062  0.045  0.035  0.100  0.066  0.023  0.028  0.039  0.024  0.024  0.022  0.029  0.070  0.058  0.049  0.136  

--------------------------------------------

Allele-freq. divergence among pops (Net nucleotide distance),
computed using point estimates of P.

      1       2       3       4       5       6       7       8       9      10      11      12      13      14      15      16      17      18      19      20      
 1      -    0.1729  0.1093  0.1522  0.0923  0.1389  0.0811  0.0744  0.1148  0.0440  0.2434  0.0871  0.0425  0.0399  0.1173  0.0656  0.0914  0.1001  0.1356  0.1351  
 2   0.1729     -    0.1646  0.1156  0.1829  0.2079  0.1534  0.1735  0.2319  0.1277  0.2589  0.1957  0.1241  0.1175  0.1235  0.1421  0.1862  0.1511  0.0818  0.1960  
 3   0.1093  0.1646     -    0.1640  0.1140  0.1171  0.0461  0.0853  0.1300  0.0565  0.2789  0.1066  0.0499  0.0499  0.1174  0.0740  0.0776  0.1272  0.1077  0.1403  
 4   0.1522  0.1156  0.1640     -    0.1742  0.2047  0.1369  0.1413  0.2094  0.1098  0.1835  0.1678  0.1058  0.0996  0.0894  0.1352  0.1726  0.1636  0.0657  0.1729  
 5   0.0923  0.1829  0.1140  0.1742     -    0.1504  0.1042  0.0909  0.1305  0.0467  0.2523  0.0483  0.0467  0.0479  0.1512  0.0875  0.0977  0.1097  0.1595  0.1523  
 6   0.1389  0.2079  0.1171  0.2047  0.1504     -    0.0497  0.1349  0.1773  0.0811  0.2880  0.1628  0.0822  0.0831  0.1598  0.1041  0.1002  0.1803  0.1600  0.1923  
 7   0.0811  0.1534  0.0461  0.1369  0.1042  0.0497     -    0.0678  0.1132  0.0355  0.2457  0.1014  0.0337  0.0337  0.1028  0.0480  0.0695  0.1242  0.1030  0.1362  
 8   0.0744  0.1735  0.0853  0.1413  0.0909  0.1349  0.0678     -    0.1128  0.0373  0.2304  0.0861  0.0347  0.0340  0.1067  0.0465  0.0888  0.0979  0.1135  0.1398  
 9   0.1148  0.2319  0.1300  0.2094  0.1305  0.1773  0.1132  0.1128     -    0.0880  0.2989  0.1132  0.0833  0.0846  0.1569  0.1051  0.1208  0.1544  0.1671  0.1763  
10   0.0440  0.1277  0.0565  0.1098  0.0467  0.0811  0.0355  0.0373  0.0880     -    0.1970  0.0594  0.0012  0.0028  0.0758  0.0272  0.0524  0.0751  0.0869  0.1067  
11   0.2434  0.2589  0.2789  0.1835  0.2523  0.2880  0.2457  0.2304  0.2989  0.1970     -    0.2697  0.1960  0.1897  0.2090  0.2476  0.2656  0.2463  0.2090  0.2668  
12   0.0871  0.1957  0.1066  0.1678  0.0483  0.1628  0.1014  0.0861  0.1132  0.0594  0.2697     -    0.0574  0.0548  0.1366  0.0927  0.0891  0.1131  0.1562  0.1256  
13   0.0425  0.1241  0.0499  0.1058  0.0467  0.0822  0.0337  0.0347  0.0833  0.0012  0.1960  0.0574     -    0.0010  0.0720  0.0258  0.0478  0.0720  0.0812  0.1014  
14   0.0399  0.1175  0.0499  0.0996  0.0479  0.0831  0.0337  0.0340  0.0846  0.0028  0.1897  0.0548  0.0010     -    0.0673  0.0244  0.0492  0.0686  0.0768  0.0948  
15   0.1173  0.1235  0.1174  0.0894  0.1512  0.1598  0.1028  0.1067  0.1569  0.0758  0.2090  0.1366  0.0720  0.0673     -    0.0815  0.1213  0.1387  0.0617  0.1389  
16   0.0656  0.1421  0.0740  0.1352  0.0875  0.1041  0.0480  0.0465  0.1051  0.0272  0.2476  0.0927  0.0258  0.0244  0.0815     -    0.0837  0.1034  0.1015  0.1336  
17   0.0914  0.1862  0.0776  0.1726  0.0977  0.1002  0.0695  0.0888  0.1208  0.0524  0.2656  0.0891  0.0478  0.0492  0.1213  0.0837     -    0.1172  0.1446  0.1219  
18   0.1001  0.1511  0.1272  0.1636  0.1097  0.1803  0.1242  0.0979  0.1544  0.0751  0.2463  0.1131  0.0720  0.0686  0.1387  0.1034  0.1172     -    0.1390  0.0995  
19   0.1356  0.0818  0.1077  0.0657  0.1595  0.1600  0.1030  0.1135  0.1671  0.0869  0.2090  0.1562  0.0812  0.0768  0.0617  0.1015  0.1446  0.1390     -    0.1654  
20   0.1351  0.1960  0.1403  0.1729  0.1523  0.1923  0.1362  0.1398  0.1763  0.1067  0.2668  0.1256  0.1014  0.0948  0.1389  0.1336  0.1219  0.0995  0.1654     -    

Average distances (expected heterozygosity) between individuals in same cluster:
cluster  1  : 0.6144 
cluster  2  : 0.3869 
cluster  3  : 0.4949 
cluster  4  : 0.4347 
cluster  5  : 0.5931 
cluster  6  : 0.4987 
cluster  7  : 0.5540 
cluster  8  : 0.5389 
cluster  9  : 0.4543 
cluster 10  : 0.6676 
cluster 11  : 0.2641 
cluster 12  : 0.5319 
cluster 13  : 0.6640 
cluster 14  : 0.6778 
cluster 15  : 0.4719 
cluster 16  : 0.6039 
cluster 17  : 0.4962 
cluster 18  : 0.4935 
cluster 19  : 0.4625 
cluster 20  : 0.3935 

--------------------------------------------
Estimated Ln Prob of Data   = -15459.2
Mean value of ln likelihood = -14076.0
Variance of ln likelihood   = 2766.5
Mean value of alpha         = 0.0333

Mean value of Fst_1         = 0.1856
Mean value of Fst_2         = 0.5554
Mean value of Fst_3         = 0.2558
Mean value of Fst_4         = 0.4573
Mean value of Fst_5         = 0.1437
Mean value of Fst_6         = 0.3276
Mean value of Fst_7         = 0.2051
Mean value of Fst_8         = 0.1699
Mean value of Fst_9         = 0.4254
Mean value of Fst_10         = 0.0630
Mean value of Fst_11         = 0.6191
Mean value of Fst_12         = 0.2554
Mean value of Fst_13         = 0.0478
Mean value of Fst_14         = 0.0001
Mean value of Fst_15         = 0.4046
Mean value of Fst_16         = 0.1428
Mean value of Fst_17         = 0.3008
Mean value of Fst_18         = 0.3012
Mean value of Fst_19         = 0.3417
Mean value of Fst_20         = 0.5116


Inferred ancestry of individuals:
        Label (%Miss) :  Inferred clusters
  1 QAc-G-0029    (0)   :  0.006 0.630 0.006 0.019 0.004 0.028 0.070 0.008 0.006 0.026 0.026 0.003 0.025 0.018 0.011 0.013 0.006 0.006 0.067 0.023 
  2 QAc-G-0030    (0)   :  0.002 0.956 0.002 0.003 0.002 0.002 0.002 0.002 0.002 0.002 0.003 0.002 0.002 0.002 0.003 0.002 0.002 0.002 0.003 0.002 
  3 QAc-G-0031    (0)   :  0.003 0.942 0.002 0.004 0.002 0.002 0.002 0.003 0.002 0.002 0.003 0.002 0.003 0.002 0.005 0.003 0.003 0.003 0.006 0.004 
  4 QAc-G-0061    (0)   :  0.002 0.060 0.003 0.026 0.002 0.003 0.003 0.003 0.002 0.003 0.005 0.002 0.003 0.003 0.014 0.003 0.003 0.003 0.855 0.004 
  5 QAc-G-0062    (0)   :  0.016 0.006 0.003 0.006 0.005 0.003 0.020 0.040 0.373 0.021 0.014 0.006 0.022 0.016 0.005 0.168 0.005 0.238 0.003 0.030 
  6 QAc-G-0063    (0)   :  0.015 0.005 0.021 0.005 0.005 0.012 0.077 0.018 0.011 0.040 0.002 0.006 0.028 0.033 0.007 0.051 0.014 0.112 0.004 0.533 
  7 QAc-G-0064    (0)   :  0.003 0.003 0.002 0.002 0.003 0.005 0.003 0.003 0.928 0.003 0.005 0.005 0.003 0.003 0.002 0.003 0.006 0.007 0.004 0.005 
  8 QAc-G-0065    (0)   :  0.003 0.008 0.003 0.002 0.003 0.002 0.003 0.002 0.938 0.003 0.003 0.008 0.003 0.004 0.002 0.003 0.003 0.002 0.003 0.002 
  9 QAc-G-0066    (0)   :  0.003 0.004 0.003 0.003 0.002 0.004 0.003 0.003 0.002 0.003 0.003 0.002 0.003 0.003 0.004 0.003 0.003 0.003 0.004 0.940 
 10 QAc-G-0067    (0)   :  0.003 0.006 0.003 0.008 0.003 0.002 0.002 0.003 0.918 0.003 0.014 0.003 0.003 0.003 0.009 0.003 0.003 0.002 0.006 0.003 
 11 QAc-G-0068    (0)   :  0.438 0.002 0.003 0.004 0.003 0.003 0.003 0.005 0.005 0.003 0.003 0.003 0.003 0.004 0.003 0.003 0.002 0.003 0.003 0.503 
 12 QAc-G-0070    (0)   :  0.008 0.004 0.010 0.003 0.009 0.006 0.020 0.201 0.009 0.015 0.013 0.003 0.021 0.022 0.005 0.050 0.006 0.098 0.005 0.492 
 13 QAc-G-0071   (13)   :  0.003 0.017 0.003 0.027 0.007 0.004 0.003 0.005 0.002 0.006 0.004 0.004 0.007 0.006 0.005 0.004 0.006 0.037 0.007 0.844 
 14 QAc-G-0072    (0)   :  0.004 0.003 0.004 0.003 0.002 0.004 0.005 0.005 0.003 0.003 0.002 0.003 0.003 0.003 0.005 0.004 0.004 0.003 0.004 0.934 
 15 QAc-G-0073    (0)   :  0.004 0.005 0.009 0.008 0.004 0.751 0.035 0.004 0.003 0.006 0.005 0.008 0.007 0.007 0.016 0.004 0.110 0.004 0.003 0.007 
 16 QAc-G-0074    (0)   :  0.005 0.003 0.042 0.006 0.009 0.008 0.024 0.021 0.004 0.019 0.003 0.010 0.019 0.021 0.007 0.022 0.618 0.050 0.003 0.104 
 17 QAc-G-0075    (0)   :  0.009 0.042 0.056 0.002 0.007 0.009 0.019 0.005 0.010 0.022 0.007 0.005 0.047 0.025 0.005 0.012 0.682 0.009 0.009 0.017 
 18 QAc-G-0076    (0)   :  0.005 0.008 0.104 0.003 0.003 0.411 0.127 0.014 0.007 0.041 0.015 0.084 0.044 0.074 0.008 0.008 0.018 0.004 0.008 0.014 
 19 QAc-G-0077    (0)   :  0.004 0.049 0.004 0.024 0.007 0.004 0.006 0.004 0.009 0.005 0.016 0.005 0.006 0.006 0.013 0.003 0.002 0.006 0.822 0.006 
 20 QAc-G-0078    (0)   :  0.002 0.957 0.002 0.003 0.002 0.002 0.002 0.002 0.002 0.002 0.002 0.002 0.002 0.002 0.002 0.002 0.002 0.002 0.004 0.003 
 21 QAc-G-0079    (0)   :  0.002 0.950 0.003 0.004 0.003 0.002 0.003 0.002 0.002 0.002 0.003 0.003 0.003 0.002 0.003 0.002 0.002 0.003 0.004 0.003 
 22 QAc-G-0080    (0)   :  0.007 0.003 0.005 0.084 0.006 0.008 0.006 0.004 0.019 0.129 0.470 0.007 0.095 0.047 0.047 0.008 0.036 0.011 0.006 0.004 
 23 QAc-G-0081    (0)   :  0.006 0.005 0.008 0.008 0.009 0.012 0.209 0.063 0.003 0.162 0.002 0.004 0.057 0.072 0.003 0.313 0.004 0.047 0.006 0.004 
 24 QAc-G-0082    (0)   :  0.007 0.002 0.006 0.004 0.017 0.058 0.036 0.014 0.002 0.424 0.007 0.004 0.226 0.150 0.007 0.020 0.004 0.007 0.002 0.002 
 25 QAc-G-0083    (0)   :  0.005 0.007 0.115 0.008 0.005 0.019 0.029 0.010 0.011 0.011 0.008 0.005 0.012 0.014 0.008 0.005 0.008 0.694 0.013 0.012 
 26 QAc-G-0001   (13)   :  0.002 0.943 0.003 0.006 0.003 0.003 0.003 0.002 0.002 0.002 0.004 0.002 0.003 0.003 0.004 0.002 0.002 0.003 0.005 0.004 
 27 QAc-G-0002    (0)   :  0.002 0.951 0.002 0.005 0.002 0.002 0.002 0.002 0.002 0.002 0.003 0.002 0.002 0.002 0.003 0.002 0.002 0.002 0.005 0.003 
 28 QAc-G-0285    (0)   :  0.005 0.006 0.003 0.009 0.007 0.006 0.005 0.006 0.003 0.005 0.003 0.006 0.005 0.006 0.004 0.004 0.003 0.895 0.004 0.013 
 29 QAc-G-0286    (0)   :  0.003 0.003 0.003 0.003 0.002 0.003 0.002 0.003 0.002 0.002 0.003 0.003 0.003 0.003 0.003 0.003 0.003 0.005 0.002 0.946 
 30 QAc-G-0287    (0)   :  0.002 0.003 0.002 0.003 0.002 0.002 0.002 0.002 0.002 0.002 0.002 0.003 0.002 0.002 0.003 0.003 0.003 0.003 0.003 0.952 
 31 QAc-G-0288    (6)   :  0.011 0.016 0.011 0.014 0.005 0.008 0.008 0.019 0.005 0.011 0.003 0.005 0.009 0.011 0.015 0.019 0.006 0.005 0.023 0.797 
 32 QAc-G-0289    (0)   :  0.002 0.003 0.003 0.006 0.002 0.002 0.003 0.003 0.003 0.003 0.002 0.004 0.003 0.003 0.005 0.003 0.003 0.003 0.003 0.942 
 33 QAc-G-0290    (0)   :  0.003 0.002 0.003 0.004 0.003 0.003 0.003 0.004 0.005 0.003 0.002 0.003 0.003 0.003 0.004 0.003 0.004 0.004 0.004 0.939 
 34 QAc-G-0291    (0)   :  0.003 0.021 0.002 0.019 0.002 0.008 0.006 0.002 0.002 0.003 0.003 0.003 0.004 0.004 0.012 0.003 0.003 0.012 0.010 0.878 
 35 QAc-G-0292    (0)   :  0.005 0.003 0.005 0.004 0.005 0.003 0.006 0.010 0.003 0.006 0.002 0.009 0.006 0.007 0.006 0.016 0.005 0.678 0.004 0.218 
 36 QAc-G-0293    (0)   :  0.003 0.011 0.002 0.004 0.003 0.003 0.002 0.002 0.002 0.003 0.003 0.003 0.003 0.003 0.005 0.002 0.003 0.484 0.004 0.456 
 37 QAc-G-0294    (0)   :  0.028 0.011 0.037 0.007 0.011 0.225 0.417 0.008 0.007 0.045 0.003 0.042 0.052 0.030 0.013 0.026 0.022 0.003 0.008 0.005 
 38 QAc-G-0295    (0)   :  0.006 0.004 0.017 0.004 0.005 0.828 0.023 0.003 0.003 0.012 0.003 0.004 0.017 0.008 0.008 0.004 0.025 0.004 0.017 0.005 
 39 QAc-G-0296    (0)   :  0.003 0.003 0.008 0.005 0.003 0.009 0.007 0.004 0.006 0.004 0.002 0.006 0.005 0.004 0.006 0.003 0.909 0.004 0.005 0.005 
 40 QAc-G-0297    (0)   :  0.007 0.002 0.047 0.011 0.018 0.011 0.038 0.006 0.003 0.173 0.002 0.008 0.216 0.258 0.015 0.005 0.174 0.003 0.002 0.002 
 41 QAc-G-0298    (6)   :  0.004 0.008 0.014 0.004 0.004 0.151 0.009 0.004 0.004 0.013 0.003 0.003 0.012 0.012 0.010 0.004 0.680 0.006 0.051 0.003 
 42 QAc-G-0299    (0)   :  0.011 0.004 0.172 0.005 0.014 0.017 0.053 0.003 0.005 0.016 0.002 0.014 0.019 0.021 0.007 0.008 0.601 0.006 0.008 0.014 
 43 QAc-G-0300    (0)   :  0.006 0.002 0.059 0.003 0.004 0.036 0.039 0.013 0.023 0.008 0.003 0.007 0.009 0.010 0.007 0.015 0.747 0.003 0.004 0.004 
 44 QAc-G-0301    (0)   :  0.005 0.008 0.025 0.005 0.005 0.025 0.026 0.004 0.182 0.008 0.003 0.004 0.031 0.011 0.015 0.004 0.600 0.008 0.010 0.019 
 45 QAc-G-0302    (0)   :  0.032 0.003 0.036 0.004 0.802 0.002 0.006 0.005 0.003 0.018 0.003 0.010 0.021 0.019 0.003 0.009 0.007 0.006 0.004 0.006 
 46 QAc-G-0303    (0)   :  0.014 0.003 0.004 0.005 0.805 0.009 0.011 0.026 0.005 0.017 0.011 0.008 0.028 0.028 0.003 0.007 0.003 0.007 0.003 0.003 
 47 QAc-G-0304    (0)   :  0.002 0.003 0.003 0.003 0.002 0.003 0.003 0.003 0.002 0.003 0.003 0.003 0.003 0.003 0.004 0.003 0.004 0.006 0.003 0.943 
 48 QAc-G-0305    (0)   :  0.066 0.024 0.004 0.055 0.015 0.006 0.007 0.023 0.003 0.019 0.010 0.028 0.020 0.022 0.017 0.007 0.004 0.199 0.013 0.458 
 49 QAc-G-0306    (0)   :  0.003 0.003 0.002 0.005 0.002 0.002 0.003 0.003 0.002 0.002 0.004 0.002 0.002 0.002 0.004 0.003 0.003 0.005 0.004 0.945 
 50 QAc-G-0307    (0)   :  0.006 0.288 0.010 0.026 0.008 0.005 0.007 0.030 0.006 0.012 0.441 0.005 0.014 0.014 0.007 0.050 0.011 0.012 0.043 0.003 
 51 QAc-G-0308    (0)   :  0.004 0.008 0.005 0.055 0.006 0.010 0.005 0.006 0.002 0.005 0.359 0.008 0.006 0.006 0.030 0.004 0.009 0.005 0.459 0.009 
 52 QAc-G-0309    (0)   :  0.005 0.899 0.004 0.008 0.003 0.003 0.004 0.003 0.002 0.009 0.003 0.003 0.011 0.014 0.007 0.005 0.003 0.004 0.006 0.003 
 53 QAc-G-0310    (0)   :  0.002 0.939 0.004 0.005 0.002 0.003 0.003 0.003 0.003 0.003 0.002 0.003 0.003 0.003 0.005 0.003 0.003 0.003 0.006 0.003 
 54 QAc-G-0311    (0)   :  0.002 0.011 0.002 0.528 0.002 0.002 0.002 0.002 0.002 0.002 0.409 0.002 0.002 0.002 0.007 0.002 0.002 0.002 0.012 0.003 
 55 QAc-G-0312    (0)   :  0.024 0.004 0.043 0.003 0.025 0.026 0.018 0.022 0.014 0.075 0.537 0.022 0.052 0.039 0.040 0.023 0.020 0.004 0.005 0.004 
 56 QAc-G-0313    (0)   :  0.014 0.025 0.010 0.003 0.005 0.011 0.012 0.014 0.005 0.065 0.003 0.003 0.053 0.076 0.007 0.595 0.012 0.072 0.006 0.007 
 57 QAc-G-0314    (0)   :  0.005 0.004 0.029 0.004 0.012 0.014 0.015 0.013 0.006 0.050 0.003 0.005 0.039 0.073 0.013 0.661 0.038 0.002 0.011 0.003 
 58 QAc-G-0315    (0)   :  0.042 0.003 0.015 0.003 0.011 0.003 0.021 0.004 0.005 0.057 0.002 0.009 0.065 0.139 0.007 0.593 0.005 0.004 0.004 0.008 
 59 QAc-G-0316    (0)   :  0.005 0.023 0.010 0.019 0.004 0.003 0.006 0.010 0.004 0.035 0.007 0.003 0.030 0.044 0.021 0.751 0.003 0.005 0.011 0.006 
 60 QAc-G-0032    (6)   :  0.401 0.007 0.004 0.002 0.163 0.009 0.010 0.008 0.128 0.039 0.006 0.070 0.047 0.059 0.010 0.007 0.016 0.003 0.003 0.006 
 61 QAc-G-0033    (0)   :  0.004 0.007 0.058 0.004 0.004 0.007 0.023 0.005 0.006 0.005 0.002 0.006 0.006 0.005 0.007 0.005 0.831 0.003 0.007 0.004 
 62 QAc-G-0034    (0)   :  0.004 0.011 0.009 0.010 0.006 0.010 0.036 0.016 0.008 0.011 0.025 0.007 0.008 0.010 0.012 0.011 0.788 0.003 0.012 0.003 
 63 QAc-G-0035    (0)   :  0.004 0.003 0.172 0.005 0.005 0.097 0.615 0.005 0.008 0.011 0.003 0.010 0.011 0.010 0.006 0.006 0.010 0.007 0.004 0.008 
 64 QAc-G-0036    (0)   :  0.006 0.003 0.004 0.004 0.003 0.004 0.005 0.005 0.003 0.004 0.002 0.003 0.006 0.006 0.008 0.007 0.909 0.006 0.005 0.007 
 65 QAc-G-0037    (0)   :  0.002 0.003 0.003 0.007 0.002 0.917 0.006 0.002 0.003 0.003 0.006 0.004 0.003 0.003 0.010 0.003 0.004 0.003 0.007 0.009 
 66 QAc-G-0038    (0)   :  0.003 0.002 0.011 0.002 0.003 0.221 0.142 0.009 0.003 0.011 0.002 0.004 0.009 0.006 0.002 0.006 0.558 0.003 0.002 0.003 
 67 QAc-G-0039    (0)   :  0.010 0.009 0.016 0.026 0.008 0.074 0.485 0.014 0.003 0.024 0.003 0.009 0.028 0.029 0.045 0.161 0.030 0.003 0.016 0.006 
 68 QAc-G-0040    (0)   :  0.004 0.004 0.028 0.003 0.004 0.447 0.121 0.064 0.004 0.016 0.013 0.075 0.017 0.028 0.010 0.007 0.059 0.023 0.004 0.069 
 69 QAc-G-0041    (0)   :  0.003 0.002 0.004 0.002 0.003 0.768 0.010 0.016 0.062 0.004 0.003 0.003 0.004 0.004 0.002 0.006 0.090 0.010 0.002 0.003 
 70 QAc-G-0042    (0)   :  0.003 0.002 0.007 0.004 0.003 0.008 0.004 0.004 0.004 0.004 0.002 0.008 0.003 0.003 0.005 0.003 0.919 0.003 0.004 0.006 
 71 QAc-G-0043    (0)   :  0.003 0.004 0.021 0.007 0.005 0.792 0.052 0.004 0.003 0.007 0.004 0.009 0.007 0.008 0.022 0.004 0.020 0.004 0.013 0.012 
 72 QAc-G-0044    (0)   :  0.004 0.003 0.010 0.004 0.009 0.006 0.006 0.004 0.027 0.007 0.002 0.011 0.007 0.008 0.003 0.006 0.869 0.004 0.003 0.006 
 73 QAc-G-0045    (0)   :  0.003 0.009 0.035 0.024 0.003 0.023 0.048 0.006 0.010 0.005 0.011 0.007 0.006 0.006 0.024 0.007 0.742 0.003 0.022 0.005 
 74 QAc-G-0046    (0)   :  0.008 0.010 0.007 0.003 0.003 0.478 0.406 0.006 0.004 0.010 0.005 0.005 0.008 0.008 0.005 0.012 0.006 0.003 0.009 0.002 
 75 QAc-G-0047    (0)   :  0.005 0.011 0.030 0.018 0.007 0.138 0.673 0.006 0.004 0.008 0.003 0.011 0.010 0.009 0.019 0.016 0.004 0.004 0.016 0.005 
 76 QAc-G-0048    (0)   :  0.005 0.002 0.026 0.002 0.005 0.539 0.177 0.011 0.005 0.027 0.002 0.005 0.051 0.016 0.004 0.017 0.088 0.009 0.004 0.004 
 77 QAc-G-0049    (0)   :  0.003 0.937 0.003 0.006 0.002 0.002 0.003 0.003 0.002 0.003 0.004 0.002 0.003 0.003 0.007 0.003 0.002 0.003 0.007 0.004 
 78 QAc-G-0050    (0)   :  0.048 0.009 0.004 0.007 0.057 0.005 0.007 0.012 0.003 0.194 0.126 0.005 0.185 0.272 0.006 0.023 0.002 0.005 0.011 0.018 
 79 QAc-G-0051    (0)   :  0.002 0.951 0.002 0.005 0.002 0.002 0.002 0.002 0.002 0.002 0.003 0.002 0.002 0.002 0.003 0.002 0.002 0.003 0.004 0.003 
 80 QAc-G-0052    (0)   :  0.006 0.017 0.005 0.005 0.003 0.009 0.006 0.006 0.009 0.007 0.500 0.003 0.007 0.007 0.040 0.008 0.005 0.003 0.350 0.003 
 81 QAc-G-0053    (0)   :  0.002 0.005 0.003 0.011 0.002 0.013 0.012 0.002 0.003 0.006 0.003 0.002 0.004 0.004 0.009 0.004 0.003 0.003 0.905 0.004 
 82 QAc-G-0054    (0)   :  0.008 0.002 0.006 0.004 0.013 0.028 0.005 0.017 0.004 0.067 0.599 0.016 0.081 0.091 0.010 0.037 0.005 0.002 0.003 0.003 
 83 QAc-G-0055    (0)   :  0.017 0.009 0.004 0.011 0.026 0.009 0.008 0.007 0.002 0.102 0.627 0.007 0.064 0.056 0.009 0.013 0.014 0.005 0.007 0.003 
 84 QAc-G-0056    (0)   :  0.020 0.003 0.007 0.005 0.010 0.003 0.007 0.027 0.005 0.112 0.250 0.008 0.204 0.305 0.005 0.004 0.007 0.005 0.006 0.009 
 85 QAc-G-0057    (0)   :  0.002 0.942 0.003 0.008 0.003 0.003 0.003 0.002 0.002 0.002 0.003 0.002 0.003 0.003 0.003 0.002 0.002 0.003 0.005 0.003 
 86 QAc-G-0058    (6)   :  0.003 0.948 0.002 0.005 0.003 0.002 0.002 0.002 0.002 0.003 0.003 0.002 0.002 0.003 0.003 0.003 0.003 0.003 0.004 0.003 
 87 QAc-G-0059    (0)   :  0.005 0.004 0.002 0.003 0.005 0.030 0.082 0.004 0.003 0.162 0.572 0.004 0.045 0.044 0.003 0.024 0.003 0.002 0.003 0.002 
 88 QAc-G-0060    (6)   :  0.006 0.027 0.006 0.007 0.003 0.005 0.006 0.003 0.005 0.014 0.146 0.004 0.013 0.016 0.005 0.005 0.003 0.006 0.699 0.020 
 89 QAc-G-0276    (0)   :  0.004 0.004 0.014 0.036 0.004 0.016 0.013 0.005 0.003 0.007 0.004 0.004 0.007 0.007 0.011 0.006 0.006 0.620 0.010 0.219 
 90 QAc-G-0279    (0)   :  0.005 0.005 0.003 0.004 0.002 0.002 0.003 0.003 0.002 0.003 0.005 0.002 0.003 0.003 0.004 0.003 0.003 0.004 0.004 0.936 
 91 QAc-G-0280    (6)   :  0.006 0.003 0.011 0.003 0.003 0.004 0.004 0.004 0.003 0.005 0.003 0.003 0.005 0.005 0.003 0.004 0.009 0.005 0.003 0.913 
 92 QAc-G-0281    (0)   :  0.003 0.005 0.002 0.801 0.002 0.002 0.003 0.002 0.002 0.003 0.143 0.003 0.003 0.003 0.004 0.002 0.003 0.003 0.006 0.005 
 93 QAc-G-0018    (0)   :  0.037 0.010 0.006 0.029 0.008 0.018 0.009 0.006 0.006 0.012 0.013 0.017 0.010 0.013 0.026 0.015 0.746 0.003 0.013 0.004 
 94 QAc-G-0019    (0)   :  0.006 0.003 0.072 0.003 0.003 0.014 0.024 0.008 0.103 0.010 0.002 0.012 0.013 0.013 0.016 0.011 0.654 0.017 0.006 0.011 
 95 QAc-G-0020    (0)   :  0.005 0.003 0.008 0.003 0.003 0.880 0.037 0.003 0.007 0.005 0.003 0.005 0.008 0.006 0.006 0.004 0.005 0.003 0.004 0.002 
 96 QAc-G-0021    (6)   :  0.003 0.015 0.007 0.003 0.003 0.860 0.009 0.002 0.039 0.005 0.003 0.002 0.008 0.004 0.004 0.006 0.006 0.002 0.015 0.003 
 97 QAc-G-0022    (6)   :  0.006 0.007 0.086 0.007 0.008 0.134 0.178 0.056 0.074 0.091 0.006 0.005 0.157 0.049 0.005 0.029 0.065 0.007 0.026 0.004 
 98 QAc-G-0023    (0)   :  0.003 0.500 0.003 0.441 0.003 0.002 0.002 0.003 0.002 0.003 0.004 0.003 0.003 0.003 0.004 0.003 0.003 0.005 0.006 0.003 
 99 QAc-G-0024    (0)   :  0.003 0.920 0.004 0.011 0.003 0.003 0.004 0.003 0.003 0.003 0.002 0.004 0.004 0.003 0.007 0.003 0.005 0.002 0.009 0.003 
100 QAc-G-0016    (0)   :  0.135 0.002 0.004 0.005 0.065 0.005 0.006 0.010 0.005 0.035 0.435 0.156 0.032 0.041 0.005 0.006 0.035 0.005 0.004 0.009 
101 QAc-G-0017    (0)   :  0.009 0.003 0.004 0.002 0.532 0.009 0.008 0.007 0.199 0.031 0.003 0.022 0.038 0.020 0.003 0.086 0.007 0.007 0.004 0.005 
102 QAc-G-0250    (0)   :  0.200 0.009 0.007 0.004 0.024 0.015 0.029 0.013 0.007 0.059 0.030 0.008 0.059 0.094 0.022 0.043 0.006 0.250 0.003 0.118 
103 QAc-G-0003    (6)   :  0.006 0.003 0.005 0.004 0.003 0.004 0.004 0.005 0.003 0.004 0.005 0.004 0.004 0.004 0.005 0.004 0.005 0.008 0.005 0.916 
104 QAc-G-0004    (0)   :  0.009 0.010 0.017 0.004 0.716 0.036 0.028 0.004 0.006 0.047 0.003 0.009 0.036 0.018 0.013 0.025 0.007 0.005 0.004 0.002 
105 QAc-G-0005    (0)   :  0.003 0.004 0.003 0.002 0.003 0.003 0.003 0.003 0.946 0.002 0.003 0.004 0.002 0.002 0.003 0.003 0.003 0.002 0.003 0.003 
106 QAc-G-0006    (6)   :  0.009 0.002 0.007 0.002 0.828 0.005 0.015 0.008 0.002 0.038 0.008 0.004 0.023 0.012 0.008 0.011 0.004 0.006 0.002 0.005 
107 QAc-G-0283    (0)   :  0.008 0.003 0.004 0.003 0.033 0.005 0.009 0.142 0.003 0.182 0.003 0.004 0.256 0.222 0.003 0.018 0.007 0.086 0.005 0.003 
108 QAc-G-0265    (0)   :  0.014 0.376 0.025 0.004 0.006 0.003 0.025 0.006 0.004 0.076 0.003 0.006 0.103 0.123 0.008 0.015 0.006 0.188 0.004 0.004 
109 QAc-G-0266    (0)   :  0.002 0.943 0.003 0.006 0.002 0.002 0.002 0.002 0.002 0.002 0.004 0.002 0.002 0.002 0.006 0.002 0.002 0.003 0.005 0.003 
110 QAc-G-0267    (0)   :  0.005 0.003 0.021 0.004 0.004 0.136 0.026 0.010 0.063 0.012 0.007 0.006 0.013 0.013 0.006 0.005 0.114 0.541 0.006 0.004 
111 QAc-G-0268   (20)   :  0.021 0.003 0.011 0.004 0.011 0.003 0.009 0.004 0.009 0.052 0.004 0.007 0.084 0.149 0.054 0.058 0.005 0.008 0.004 0.500 
112 QAc-G-0269    (0)   :  0.003 0.005 0.003 0.002 0.002 0.004 0.003 0.002 0.003 0.003 0.003 0.003 0.003 0.003 0.004 0.003 0.003 0.003 0.004 0.943 
113 QAc-G-0270    (6)   :  0.003 0.003 0.004 0.003 0.002 0.003 0.004 0.003 0.005 0.003 0.002 0.003 0.003 0.003 0.003 0.004 0.938 0.003 0.003 0.003 
114 QAc-G-0271    (0)   :  0.017 0.003 0.148 0.003 0.008 0.031 0.185 0.007 0.138 0.079 0.002 0.005 0.172 0.131 0.007 0.024 0.025 0.005 0.007 0.004 
115 QAc-G-0272    (6)   :  0.004 0.004 0.006 0.005 0.004 0.006 0.007 0.004 0.003 0.005 0.003 0.007 0.006 0.005 0.009 0.005 0.899 0.005 0.006 0.008 
116 QAc-G-0273    (0)   :  0.003 0.017 0.003 0.538 0.002 0.002 0.003 0.003 0.003 0.003 0.390 0.005 0.003 0.003 0.004 0.003 0.003 0.004 0.004 0.003 
117 QAc-G-0274    (0)   :  0.002 0.002 0.003 0.002 0.002 0.002 0.002 0.003 0.955 0.002 0.002 0.003 0.002 0.002 0.002 0.002 0.003 0.002 0.003 0.002 
118 QAc-G-0251    (6)   :  0.004 0.004 0.003 0.003 0.006 0.003 0.003 0.004 0.006 0.003 0.004 0.005 0.004 0.004 0.003 0.003 0.930 0.003 0.003 0.003 
119 QAc-G-0252    (0)   :  0.008 0.003 0.005 0.006 0.010 0.114 0.008 0.025 0.006 0.014 0.004 0.008 0.018 0.012 0.006 0.004 0.729 0.003 0.011 0.005 
120 QAc-G-0253    (0)   :  0.003 0.017 0.002 0.450 0.003 0.004 0.005 0.002 0.002 0.007 0.460 0.002 0.005 0.006 0.007 0.003 0.004 0.003 0.009 0.003 
121 QAc-G-0254    (0)   :  0.003 0.848 0.003 0.024 0.003 0.002 0.004 0.003 0.003 0.007 0.006 0.002 0.006 0.006 0.009 0.004 0.003 0.003 0.059 0.003 
122 QAc-G-0255    (0)   :  0.016 0.003 0.031 0.004 0.826 0.005 0.007 0.005 0.006 0.024 0.003 0.007 0.018 0.013 0.005 0.006 0.005 0.006 0.005 0.004 
123 QAc-G-0256    (0)   :  0.004 0.003 0.004 0.003 0.047 0.002 0.004 0.003 0.004 0.004 0.004 0.889 0.004 0.004 0.004 0.003 0.003 0.004 0.003 0.005 
124 QAc-G-0257    (0)   :  0.013 0.002 0.004 0.004 0.629 0.018 0.006 0.027 0.074 0.034 0.004 0.048 0.034 0.026 0.005 0.004 0.015 0.004 0.046 0.003 
125 QAc-G-0258    (0)   :  0.005 0.002 0.004 0.003 0.911 0.004 0.004 0.003 0.006 0.008 0.002 0.012 0.008 0.009 0.003 0.003 0.005 0.003 0.003 0.003 
126 QAc-G-0259    (0)   :  0.004 0.002 0.005 0.001 0.008 0.004 0.007 0.009 0.002 0.118 0.007 0.006 0.265 0.539 0.002 0.012 0.002 0.002 0.002 0.002 
127 QAc-G-0260    (0)   :  0.012 0.004 0.010 0.004 0.008 0.006 0.008 0.029 0.024 0.210 0.003 0.114 0.197 0.265 0.005 0.014 0.007 0.007 0.035 0.038 
128 QAc-G-0261    (0)   :  0.041 0.002 0.003 0.002 0.019 0.012 0.008 0.005 0.377 0.303 0.005 0.006 0.108 0.061 0.003 0.026 0.008 0.003 0.005 0.004 
129 QAc-G-0262    (0)   :  0.047 0.004 0.003 0.005 0.044 0.004 0.007 0.014 0.027 0.345 0.006 0.107 0.166 0.162 0.004 0.016 0.005 0.014 0.006 0.014 
130 QAc-G-0010    (0)   :  0.005 0.013 0.005 0.008 0.004 0.013 0.020 0.005 0.005 0.011 0.003 0.003 0.008 0.008 0.008 0.020 0.006 0.817 0.010 0.030 
131 QAc-G-0011    (0)   :  0.004 0.003 0.003 0.003 0.003 0.004 0.007 0.029 0.005 0.005 0.002 0.003 0.004 0.006 0.005 0.899 0.004 0.003 0.003 0.003 
132 QAc-G-0015    (0)   :  0.006 0.489 0.003 0.050 0.091 0.006 0.012 0.020 0.007 0.058 0.108 0.017 0.034 0.028 0.023 0.024 0.007 0.006 0.009 0.003 
133 QAc-G-0106    (0)   :  0.008 0.002 0.005 0.002 0.730 0.003 0.004 0.005 0.021 0.038 0.002 0.090 0.016 0.023 0.003 0.003 0.035 0.003 0.005 0.002 
134 QAc-G-0107    (0)   :  0.041 0.006 0.004 0.017 0.081 0.002 0.005 0.004 0.003 0.011 0.003 0.749 0.014 0.016 0.006 0.010 0.006 0.011 0.006 0.005 
135 QAc-G-0108    (0)   :  0.005 0.002 0.003 0.003 0.097 0.006 0.004 0.004 0.004 0.008 0.002 0.824 0.007 0.005 0.002 0.004 0.006 0.004 0.002 0.007 
136 QAc-G-0109    (0)   :  0.025 0.006 0.004 0.012 0.556 0.007 0.006 0.024 0.024 0.098 0.011 0.031 0.081 0.057 0.006 0.018 0.015 0.006 0.006 0.005 
137 QAc-G-0110    (0)   :  0.008 0.005 0.020 0.008 0.637 0.008 0.007 0.009 0.002 0.040 0.003 0.062 0.046 0.029 0.006 0.008 0.045 0.012 0.004 0.037 
138 QAc-G-0111    (0)   :  0.009 0.006 0.007 0.003 0.762 0.022 0.009 0.006 0.006 0.033 0.005 0.039 0.034 0.010 0.007 0.010 0.006 0.017 0.005 0.005 
139 QAc-G-0112    (0)   :  0.007 0.009 0.004 0.006 0.779 0.003 0.004 0.004 0.004 0.012 0.003 0.061 0.018 0.022 0.006 0.009 0.004 0.013 0.006 0.026 
140 QAc-G-0113    (0)   :  0.077 0.002 0.007 0.010 0.544 0.005 0.008 0.008 0.016 0.023 0.088 0.113 0.022 0.019 0.003 0.006 0.009 0.012 0.020 0.007 
141 QAc-G-0114    (0)   :  0.025 0.009 0.031 0.012 0.768 0.007 0.030 0.004 0.003 0.011 0.003 0.006 0.017 0.017 0.010 0.008 0.014 0.007 0.010 0.009 
142 QAc-G-0115    (0)   :  0.010 0.003 0.003 0.002 0.839 0.005 0.004 0.004 0.007 0.010 0.011 0.035 0.012 0.013 0.010 0.014 0.004 0.004 0.003 0.008 
143 QAc-G-0116    (0)   :  0.012 0.007 0.005 0.010 0.847 0.003 0.004 0.005 0.009 0.011 0.004 0.015 0.011 0.007 0.005 0.009 0.004 0.014 0.005 0.013 
144 QAc-G-0117    (0)   :  0.089 0.005 0.028 0.006 0.023 0.052 0.033 0.009 0.028 0.118 0.019 0.353 0.053 0.045 0.046 0.016 0.039 0.022 0.011 0.004 
145 QAc-G-0118    (0)   :  0.004 0.002 0.007 0.002 0.874 0.003 0.003 0.009 0.025 0.008 0.002 0.009 0.008 0.009 0.003 0.007 0.007 0.012 0.002 0.003 
146 QAc-G-0119    (0)   :  0.004 0.011 0.008 0.004 0.825 0.011 0.011 0.003 0.026 0.021 0.003 0.007 0.019 0.016 0.003 0.012 0.007 0.002 0.004 0.002 
147 QAc-G-0120    (0)   :  0.010 0.004 0.009 0.005 0.702 0.004 0.007 0.008 0.005 0.050 0.003 0.008 0.059 0.073 0.012 0.013 0.010 0.007 0.007 0.005 
148 QAc-G-0121    (0)   :  0.004 0.004 0.004 0.004 0.006 0.012 0.006 0.003 0.896 0.004 0.004 0.014 0.005 0.005 0.003 0.005 0.009 0.004 0.003 0.007 
149 QAc-G-0122    (0)   :  0.005 0.005 0.005 0.004 0.006 0.011 0.007 0.005 0.843 0.005 0.003 0.020 0.004 0.005 0.004 0.009 0.010 0.009 0.003 0.038 
150 QAc-G-0123    (0)   :  0.002 0.002 0.004 0.002 0.003 0.004 0.003 0.002 0.951 0.003 0.002 0.002 0.003 0.002 0.003 0.002 0.004 0.002 0.003 0.002 
151 QAc-G-0124    (6)   :  0.003 0.003 0.005 0.003 0.003 0.003 0.003 0.003 0.938 0.003 0.003 0.003 0.004 0.003 0.005 0.003 0.005 0.003 0.003 0.003 
152 QAc-G-0125    (0)   :  0.040 0.033 0.004 0.005 0.015 0.017 0.013 0.027 0.455 0.110 0.006 0.006 0.066 0.108 0.022 0.029 0.003 0.021 0.012 0.011 
153 QAc-G-0126    (0)   :  0.020 0.003 0.004 0.018 0.061 0.015 0.011 0.012 0.151 0.137 0.027 0.036 0.167 0.218 0.005 0.073 0.009 0.006 0.021 0.007 
154 QAc-G-0127    (0)   :  0.013 0.003 0.004 0.013 0.008 0.006 0.008 0.014 0.860 0.007 0.002 0.015 0.007 0.008 0.009 0.003 0.007 0.004 0.005 0.004 
155 QAc-G-0128    (0)   :  0.003 0.003 0.004 0.002 0.003 0.002 0.003 0.003 0.941 0.003 0.003 0.004 0.003 0.003 0.003 0.003 0.003 0.003 0.003 0.005 
156 QAc-G-0129    (0)   :  0.003 0.002 0.003 0.002 0.003 0.002 0.002 0.002 0.953 0.002 0.002 0.003 0.002 0.002 0.003 0.002 0.004 0.002 0.002 0.003 
157 QAc-G-0130    (0)   :  0.009 0.002 0.004 0.004 0.033 0.012 0.007 0.018 0.784 0.008 0.002 0.073 0.007 0.006 0.004 0.005 0.009 0.007 0.003 0.003 
158 QAc-G-0131    (0)   :  0.004 0.003 0.007 0.010 0.004 0.006 0.006 0.004 0.905 0.004 0.004 0.006 0.005 0.004 0.005 0.005 0.005 0.003 0.004 0.005 
159 QAc-G-0132    (0)   :  0.009 0.015 0.007 0.003 0.062 0.006 0.006 0.005 0.722 0.014 0.011 0.047 0.014 0.022 0.015 0.008 0.004 0.014 0.004 0.012 
160 QAc-G-0133    (0)   :  0.004 0.004 0.004 0.005 0.003 0.006 0.005 0.004 0.894 0.006 0.002 0.010 0.005 0.005 0.005 0.004 0.022 0.006 0.004 0.004 
161 QAc-G-0134    (0)   :  0.003 0.010 0.005 0.002 0.004 0.004 0.004 0.003 0.921 0.004 0.003 0.008 0.005 0.004 0.004 0.004 0.004 0.003 0.002 0.003 
162 QAc-G-0135    (0)   :  0.003 0.006 0.008 0.005 0.892 0.006 0.009 0.004 0.003 0.007 0.003 0.004 0.007 0.008 0.007 0.006 0.008 0.003 0.006 0.005 
163 QAc-G-0136    (0)   :  0.017 0.006 0.004 0.004 0.713 0.003 0.003 0.012 0.005 0.010 0.019 0.032 0.016 0.011 0.009 0.008 0.007 0.111 0.003 0.005 
164 QAc-G-0137    (0)   :  0.040 0.003 0.011 0.002 0.739 0.003 0.011 0.005 0.044 0.016 0.003 0.025 0.018 0.015 0.011 0.028 0.011 0.005 0.004 0.004 
165 QAc-G-0138    (0)   :  0.003 0.004 0.003 0.007 0.795 0.002 0.003 0.035 0.006 0.028 0.010 0.011 0.021 0.010 0.004 0.019 0.003 0.030 0.004 0.003 
166 QAc-G-0139    (0)   :  0.007 0.002 0.005 0.003 0.783 0.066 0.023 0.006 0.023 0.005 0.002 0.008 0.007 0.009 0.003 0.007 0.034 0.003 0.002 0.003 
167 QAc-G-0140    (6)   :  0.007 0.002 0.005 0.003 0.009 0.003 0.004 0.004 0.006 0.004 0.003 0.919 0.004 0.004 0.005 0.003 0.005 0.003 0.003 0.003 
168 QAc-G-0141    (0)   :  0.044 0.004 0.009 0.100 0.006 0.008 0.013 0.019 0.008 0.054 0.005 0.595 0.047 0.033 0.007 0.007 0.013 0.012 0.005 0.010 
169 QAc-G-0142    (0)   :  0.003 0.002 0.009 0.002 0.933 0.003 0.005 0.003 0.003 0.004 0.002 0.006 0.003 0.004 0.003 0.003 0.004 0.003 0.002 0.003 
170 QAc-G-0143    (0)   :  0.004 0.002 0.004 0.004 0.005 0.004 0.005 0.003 0.003 0.255 0.004 0.002 0.299 0.376 0.003 0.005 0.006 0.004 0.005 0.005 
171 QAc-G-0144    (6)   :  0.065 0.003 0.004 0.003 0.546 0.007 0.005 0.004 0.002 0.064 0.005 0.006 0.074 0.106 0.041 0.046 0.005 0.009 0.003 0.004 
172 QAc-G-0145    (0)   :  0.003 0.003 0.003 0.002 0.003 0.003 0.003 0.003 0.002 0.003 0.003 0.004 0.003 0.003 0.003 0.003 0.005 0.005 0.002 0.940 
173 QAc-G-0146    (0)   :  0.003 0.003 0.003 0.004 0.002 0.002 0.003 0.003 0.942 0.003 0.004 0.003 0.003 0.003 0.004 0.002 0.004 0.003 0.004 0.003 
174 QAc-G-0147    (0)   :  0.149 0.003 0.009 0.005 0.014 0.006 0.009 0.185 0.192 0.091 0.005 0.047 0.103 0.080 0.006 0.025 0.034 0.019 0.011 0.007 
175 QAc-G-0148    (0)   :  0.868 0.003 0.005 0.003 0.010 0.004 0.006 0.005 0.006 0.011 0.003 0.014 0.012 0.008 0.004 0.009 0.015 0.007 0.004 0.003 
176 QAc-G-0149    (0)   :  0.003 0.002 0.004 0.003 0.003 0.005 0.006 0.003 0.934 0.003 0.002 0.005 0.003 0.003 0.002 0.005 0.004 0.003 0.002 0.004 
177 QAc-G-0150    (0)   :  0.004 0.003 0.003 0.003 0.002 0.003 0.003 0.003 0.003 0.003 0.006 0.002 0.003 0.003 0.004 0.003 0.003 0.005 0.003 0.936 
178 QAc-G-0151    (0)   :  0.003 0.002 0.005 0.002 0.003 0.003 0.003 0.003 0.941 0.003 0.002 0.003 0.003 0.003 0.004 0.003 0.004 0.003 0.003 0.003 
179 QAc-G-0152    (0)   :  0.002 0.003 0.004 0.005 0.002 0.004 0.003 0.003 0.927 0.003 0.005 0.002 0.003 0.003 0.008 0.003 0.006 0.002 0.007 0.002 
180 QAc-G-0153    (0)   :  0.006 0.002 0.005 0.002 0.005 0.005 0.005 0.015 0.834 0.014 0.002 0.006 0.009 0.009 0.003 0.005 0.022 0.048 0.002 0.002 
181 QAc-G-0154    (0)   :  0.004 0.003 0.004 0.002 0.016 0.013 0.006 0.003 0.760 0.007 0.003 0.046 0.007 0.005 0.003 0.004 0.091 0.012 0.003 0.008 
182 QAc-G-0155    (0)   :  0.002 0.002 0.005 0.002 0.002 0.004 0.004 0.003 0.942 0.003 0.002 0.003 0.003 0.003 0.003 0.002 0.005 0.003 0.004 0.003 
183 QAc-G-0158    (0)   :  0.003 0.003 0.003 0.002 0.003 0.002 0.002 0.003 0.949 0.003 0.004 0.003 0.003 0.003 0.003 0.003 0.002 0.003 0.003 0.003 
184 QAc-G-0159    (0)   :  0.011 0.010 0.005 0.003 0.636 0.011 0.011 0.009 0.015 0.033 0.014 0.088 0.025 0.032 0.007 0.059 0.011 0.004 0.004 0.012 
185 QAc-G-0160    (0)   :  0.002 0.002 0.002 0.003 0.002 0.002 0.002 0.003 0.002 0.002 0.002 0.003 0.002 0.002 0.003 0.002 0.002 0.003 0.003 0.955 
186 QAc-G-0161    (0)   :  0.002 0.003 0.003 0.003 0.002 0.002 0.003 0.002 0.002 0.002 0.002 0.003 0.002 0.002 0.003 0.002 0.003 0.003 0.002 0.953 
187 QAc-G-0162    (0)   :  0.017 0.007 0.005 0.003 0.005 0.075 0.030 0.007 0.004 0.012 0.026 0.005 0.015 0.019 0.010 0.026 0.191 0.478 0.003 0.063 
188 QAc-G-0163    (0)   :  0.019 0.002 0.044 0.002 0.012 0.009 0.031 0.005 0.003 0.015 0.003 0.004 0.013 0.013 0.003 0.011 0.014 0.012 0.003 0.780 
189 QAc-G-0164    (0)   :  0.003 0.003 0.003 0.006 0.003 0.002 0.008 0.030 0.002 0.008 0.024 0.003 0.008 0.010 0.006 0.019 0.003 0.003 0.004 0.852 
190 QAc-G-0165    (0)   :  0.003 0.003 0.005 0.003 0.004 0.003 0.004 0.005 0.007 0.004 0.003 0.005 0.005 0.004 0.003 0.003 0.007 0.006 0.003 0.920 
191 QAc-G-0166    (0)   :  0.003 0.003 0.007 0.003 0.002 0.003 0.004 0.003 0.002 0.003 0.004 0.003 0.003 0.003 0.002 0.003 0.006 0.003 0.003 0.936 
192 QAc-G-0167    (0)   :  0.005 0.004 0.004 0.003 0.002 0.004 0.004 0.004 0.003 0.003 0.003 0.003 0.004 0.003 0.004 0.004 0.004 0.003 0.003 0.933 
193 QAc-G-0168    (0)   :  0.002 0.003 0.003 0.003 0.002 0.002 0.002 0.002 0.002 0.002 0.003 0.003 0.002 0.002 0.003 0.002 0.003 0.003 0.003 0.952 
194 QAc-G-0169    (6)   :  0.101 0.004 0.016 0.008 0.125 0.003 0.009 0.009 0.005 0.090 0.003 0.004 0.119 0.173 0.008 0.035 0.003 0.088 0.004 0.194 
195 QAc-G-0170    (0)   :  0.005 0.003 0.004 0.003 0.003 0.004 0.004 0.004 0.005 0.003 0.003 0.003 0.004 0.004 0.004 0.004 0.005 0.005 0.003 0.927 
196 QAc-G-0171    (0)   :  0.002 0.004 0.003 0.003 0.002 0.003 0.003 0.004 0.002 0.003 0.003 0.003 0.003 0.003 0.004 0.003 0.004 0.005 0.003 0.941 
197 QAc-G-0172    (0)   :  0.013 0.009 0.023 0.008 0.585 0.003 0.007 0.009 0.015 0.116 0.009 0.020 0.078 0.039 0.004 0.028 0.005 0.013 0.004 0.012 
198 QAc-G-0173    (0)   :  0.003 0.010 0.002 0.004 0.003 0.003 0.003 0.002 0.002 0.002 0.002 0.003 0.003 0.003 0.004 0.003 0.003 0.510 0.004 0.430 
199 QAc-G-0174    (0)   :  0.006 0.005 0.005 0.005 0.003 0.003 0.004 0.004 0.003 0.003 0.002 0.008 0.004 0.004 0.007 0.002 0.007 0.901 0.005 0.019 
200 QAc-G-0175    (0)   :  0.003 0.003 0.003 0.003 0.002 0.003 0.003 0.003 0.002 0.003 0.005 0.003 0.003 0.003 0.005 0.003 0.003 0.006 0.004 0.937 
201 QAc-G-0176    (0)   :  0.004 0.003 0.005 0.004 0.005 0.044 0.007 0.003 0.004 0.008 0.011 0.003 0.008 0.008 0.030 0.007 0.065 0.004 0.004 0.773 
202 QAc-G-0177    (0)   :  0.003 0.003 0.004 0.005 0.002 0.002 0.003 0.003 0.003 0.003 0.004 0.003 0.003 0.003 0.005 0.003 0.004 0.005 0.003 0.937 
203 QAc-G-0178    (0)   :  0.004 0.006 0.004 0.009 0.004 0.003 0.006 0.168 0.013 0.014 0.014 0.003 0.012 0.018 0.007 0.044 0.003 0.011 0.006 0.652 
204 QAc-G-0179    (6)   :  0.003 0.003 0.003 0.003 0.002 0.003 0.003 0.002 0.002 0.003 0.004 0.003 0.003 0.003 0.003 0.002 0.004 0.007 0.003 0.943 
205 QAc-G-0180    (0)   :  0.002 0.002 0.003 0.003 0.002 0.002 0.002 0.003 0.002 0.002 0.002 0.003 0.002 0.003 0.003 0.002 0.003 0.003 0.002 0.952 
206 QAc-G-0181    (0)   :  0.003 0.002 0.044 0.003 0.004 0.008 0.015 0.005 0.003 0.005 0.002 0.003 0.005 0.005 0.004 0.008 0.003 0.003 0.003 0.872 
207 QAc-G-0182    (0)   :  0.007 0.002 0.004 0.002 0.005 0.004 0.006 0.005 0.005 0.008 0.003 0.008 0.007 0.007 0.005 0.005 0.006 0.499 0.003 0.408 
208 QAc-G-0183    (6)   :  0.007 0.003 0.004 0.004 0.006 0.003 0.005 0.003 0.003 0.009 0.003 0.003 0.009 0.010 0.010 0.008 0.003 0.010 0.007 0.888 
209 QAc-G-0184    (0)   :  0.002 0.003 0.003 0.003 0.003 0.003 0.003 0.003 0.002 0.003 0.003 0.004 0.003 0.003 0.003 0.002 0.004 0.004 0.003 0.945 
210 QAc-G-0185    (0)   :  0.006 0.004 0.007 0.008 0.008 0.005 0.006 0.087 0.022 0.013 0.003 0.010 0.016 0.017 0.008 0.023 0.011 0.049 0.006 0.692 
211 QAc-G-0186    (0)   :  0.003 0.002 0.029 0.002 0.004 0.011 0.015 0.006 0.002 0.005 0.002 0.003 0.005 0.005 0.004 0.009 0.004 0.005 0.002 0.882 
212 QAc-G-0187    (0)   :  0.015 0.021 0.008 0.010 0.004 0.010 0.013 0.038 0.003 0.015 0.004 0.003 0.014 0.019 0.024 0.070 0.005 0.004 0.017 0.702 
213 QAc-G-0188    (0)   :  0.019 0.002 0.015 0.004 0.268 0.026 0.023 0.004 0.004 0.213 0.002 0.014 0.104 0.104 0.005 0.018 0.004 0.011 0.004 0.156 
214 QAc-G-0189    (0)   :  0.005 0.009 0.003 0.035 0.004 0.002 0.003 0.005 0.002 0.005 0.004 0.002 0.005 0.005 0.004 0.004 0.003 0.033 0.006 0.862 
215 QAc-G-0190    (0)   :  0.004 0.004 0.004 0.003 0.003 0.003 0.003 0.003 0.005 0.003 0.004 0.002 0.003 0.003 0.004 0.003 0.004 0.005 0.003 0.934 
216 QAc-G-0191    (0)   :  0.004 0.004 0.004 0.004 0.003 0.003 0.004 0.003 0.004 0.003 0.003 0.003 0.003 0.003 0.004 0.003 0.004 0.004 0.003 0.934 
217 QAc-G-0192    (0)   :  0.002 0.003 0.002 0.003 0.002 0.002 0.003 0.002 0.002 0.002 0.002 0.003 0.002 0.002 0.003 0.002 0.003 0.003 0.002 0.953 
218 QAc-G-0193    (0)   :  0.003 0.002 0.004 0.003 0.003 0.003 0.004 0.004 0.004 0.003 0.002 0.003 0.003 0.003 0.005 0.003 0.004 0.003 0.004 0.935 
219 QAc-G-0194    (0)   :  0.006 0.003 0.005 0.006 0.003 0.003 0.004 0.004 0.003 0.004 0.004 0.003 0.004 0.004 0.008 0.005 0.007 0.004 0.005 0.914 
220 QAc-G-0195    (0)   :  0.003 0.025 0.010 0.026 0.004 0.007 0.009 0.004 0.003 0.006 0.003 0.004 0.006 0.006 0.006 0.004 0.005 0.815 0.012 0.042 
221 QAc-G-0196    (0)   :  0.005 0.009 0.004 0.004 0.002 0.003 0.005 0.003 0.002 0.004 0.003 0.002 0.004 0.004 0.005 0.004 0.003 0.307 0.004 0.622 
222 QAc-G-0197    (0)   :  0.002 0.002 0.002 0.003 0.002 0.003 0.002 0.002 0.002 0.002 0.003 0.003 0.002 0.002 0.003 0.002 0.003 0.004 0.002 0.952 
223 QAc-G-0198    (0)   :  0.003 0.003 0.003 0.003 0.002 0.003 0.004 0.002 0.003 0.003 0.002 0.003 0.004 0.003 0.003 0.003 0.005 0.006 0.002 0.940 
224 QAc-G-0199    (0)   :  0.006 0.002 0.005 0.002 0.004 0.015 0.009 0.066 0.017 0.012 0.024 0.005 0.012 0.013 0.005 0.013 0.007 0.125 0.003 0.656 
225 QAc-G-0200    (0)   :  0.006 0.003 0.010 0.003 0.003 0.005 0.005 0.005 0.002 0.004 0.003 0.004 0.004 0.005 0.004 0.005 0.012 0.006 0.004 0.908 
226 QAc-G-0201    (0)   :  0.009 0.003 0.004 0.004 0.002 0.003 0.007 0.004 0.002 0.010 0.002 0.003 0.008 0.008 0.012 0.007 0.003 0.501 0.005 0.404 
227 QAc-G-0202    (6)   :  0.006 0.011 0.003 0.016 0.005 0.004 0.003 0.003 0.003 0.004 0.003 0.006 0.004 0.004 0.007 0.003 0.004 0.421 0.007 0.486 
228 QAc-G-0203    (0)   :  0.003 0.003 0.003 0.006 0.004 0.002 0.004 0.002 0.002 0.008 0.007 0.003 0.007 0.007 0.006 0.003 0.004 0.003 0.011 0.913 
229 QAc-G-0204    (0)   :  0.005 0.005 0.004 0.003 0.003 0.006 0.004 0.003 0.003 0.003 0.004 0.002 0.004 0.004 0.004 0.004 0.005 0.006 0.003 0.926 
230 QAc-G-0205    (0)   :  0.002 0.955 0.002 0.004 0.002 0.002 0.002 0.002 0.002 0.002 0.004 0.002 0.002 0.002 0.003 0.002 0.002 0.002 0.004 0.003 
231 QAc-G-0206    (0)   :  0.012 0.534 0.008 0.009 0.042 0.045 0.021 0.004 0.004 0.146 0.010 0.006 0.057 0.047 0.013 0.018 0.005 0.004 0.012 0.003 
232 QAc-G-0207    (0)   :  0.003 0.005 0.003 0.650 0.003 0.003 0.003 0.004 0.003 0.003 0.290 0.003 0.003 0.003 0.004 0.003 0.003 0.003 0.004 0.004 
233 QAc-G-0208    (0)   :  0.003 0.937 0.003 0.006 0.002 0.002 0.003 0.003 0.003 0.003 0.003 0.002 0.003 0.002 0.006 0.003 0.003 0.003 0.008 0.003 
234 QAc-G-0209    (0)   :  0.003 0.936 0.003 0.007 0.002 0.002 0.003 0.003 0.002 0.003 0.005 0.002 0.003 0.003 0.005 0.003 0.002 0.004 0.004 0.003 
235 QAc-G-0210    (0)   :  0.004 0.254 0.003 0.211 0.004 0.003 0.005 0.004 0.003 0.006 0.019 0.008 0.008 0.009 0.081 0.006 0.002 0.003 0.362 0.003 
236 QAc-G-0211    (0)   :  0.003 0.007 0.002 0.492 0.002 0.002 0.003 0.002 0.003 0.004 0.438 0.005 0.004 0.004 0.009 0.003 0.002 0.002 0.011 0.002 
237 QAc-G-0212    (0)   :  0.003 0.487 0.003 0.023 0.002 0.003 0.003 0.004 0.003 0.003 0.023 0.003 0.003 0.003 0.013 0.003 0.005 0.004 0.403 0.006 
238 QAc-G-0213    (0)   :  0.003 0.022 0.005 0.839 0.002 0.004 0.003 0.003 0.002 0.003 0.007 0.003 0.003 0.003 0.016 0.003 0.003 0.003 0.069 0.004 
239 QAc-G-0214    (0)   :  0.002 0.950 0.002 0.004 0.002 0.002 0.003 0.002 0.002 0.002 0.003 0.002 0.002 0.002 0.004 0.002 0.003 0.003 0.004 0.003 
240 QAc-G-0215    (0)   :  0.004 0.076 0.019 0.015 0.005 0.003 0.005 0.005 0.002 0.009 0.647 0.003 0.009 0.008 0.015 0.005 0.004 0.003 0.161 0.003 
241 QAc-G-0216    (0)   :  0.025 0.068 0.027 0.033 0.155 0.008 0.008 0.004 0.003 0.116 0.024 0.013 0.097 0.078 0.056 0.022 0.006 0.230 0.011 0.018 
242 QAc-G-0217    (0)   :  0.005 0.009 0.004 0.028 0.004 0.003 0.007 0.009 0.006 0.006 0.024 0.003 0.007 0.005 0.005 0.006 0.004 0.004 0.858 0.002 
243 QAc-G-0218    (0)   :  0.003 0.004 0.005 0.030 0.002 0.003 0.005 0.004 0.003 0.004 0.007 0.002 0.005 0.005 0.008 0.003 0.004 0.003 0.896 0.003 
244 QAc-G-0219    (0)   :  0.004 0.007 0.003 0.059 0.010 0.016 0.005 0.003 0.005 0.013 0.080 0.006 0.010 0.009 0.336 0.006 0.009 0.005 0.408 0.007 
245 QAc-G-0220    (0)   :  0.004 0.006 0.003 0.061 0.003 0.003 0.004 0.004 0.003 0.022 0.003 0.003 0.017 0.019 0.120 0.007 0.003 0.002 0.710 0.003 
246 QAc-G-0221    (0)   :  0.003 0.009 0.003 0.005 0.002 0.004 0.004 0.006 0.003 0.003 0.004 0.003 0.003 0.003 0.004 0.004 0.003 0.004 0.927 0.003 
247 QAc-G-0222    (0)   :  0.003 0.929 0.003 0.008 0.003 0.003 0.003 0.003 0.002 0.003 0.003 0.003 0.003 0.003 0.010 0.003 0.003 0.002 0.007 0.003 
248 QAc-G-0223    (0)   :  0.004 0.021 0.004 0.205 0.005 0.005 0.004 0.006 0.006 0.005 0.004 0.003 0.005 0.004 0.012 0.003 0.005 0.003 0.694 0.003 
249 QAc-G-0224    (0)   :  0.010 0.016 0.003 0.359 0.003 0.003 0.004 0.004 0.003 0.004 0.300 0.003 0.004 0.006 0.195 0.005 0.003 0.004 0.064 0.009 
250 QAc-G-0226    (0)   :  0.003 0.935 0.004 0.008 0.003 0.002 0.003 0.003 0.003 0.003 0.002 0.002 0.003 0.003 0.005 0.003 0.003 0.003 0.007 0.003 
251 QAc-G-0227    (0)   :  0.003 0.003 0.004 0.003 0.003 0.004 0.005 0.003 0.006 0.004 0.002 0.004 0.004 0.003 0.003 0.004 0.934 0.004 0.003 0.003 
252 QAc-G-0228    (6)   :  0.004 0.004 0.006 0.003 0.004 0.603 0.015 0.006 0.003 0.006 0.014 0.004 0.005 0.005 0.009 0.004 0.294 0.004 0.003 0.004 
253 QAc-G-0229    (0)   :  0.006 0.006 0.009 0.006 0.007 0.005 0.006 0.008 0.004 0.011 0.004 0.006 0.013 0.008 0.006 0.006 0.877 0.004 0.004 0.005 
254 QAc-G-0230    (0)   :  0.005 0.030 0.236 0.008 0.014 0.267 0.325 0.005 0.003 0.010 0.003 0.008 0.012 0.013 0.009 0.008 0.017 0.006 0.014 0.007 
255 QAc-G-0231    (0)   :  0.003 0.013 0.002 0.915 0.003 0.002 0.003 0.002 0.002 0.003 0.013 0.003 0.003 0.003 0.004 0.003 0.003 0.003 0.012 0.006 
256 QAc-G-0232    (0)   :  0.011 0.003 0.016 0.003 0.005 0.816 0.023 0.007 0.007 0.013 0.002 0.005 0.021 0.011 0.008 0.014 0.023 0.002 0.005 0.003 
257 QAc-G-0233    (0)   :  0.005 0.005 0.018 0.008 0.003 0.029 0.748 0.031 0.004 0.018 0.032 0.003 0.024 0.036 0.013 0.005 0.004 0.003 0.008 0.004 
258 QAc-G-0234    (0)   :  0.004 0.004 0.008 0.003 0.002 0.005 0.007 0.007 0.003 0.004 0.003 0.004 0.005 0.005 0.006 0.005 0.906 0.008 0.003 0.007 
259 QAc-G-0235    (0)   :  0.008 0.006 0.005 0.008 0.762 0.004 0.008 0.008 0.003 0.057 0.005 0.023 0.035 0.017 0.003 0.005 0.007 0.027 0.004 0.004 
260 QAc-G-0236    (0)   :  0.004 0.006 0.008 0.003 0.005 0.875 0.006 0.006 0.010 0.005 0.003 0.012 0.005 0.005 0.005 0.004 0.020 0.007 0.006 0.008 
261 QAc-G-0237    (0)   :  0.008 0.007 0.015 0.007 0.007 0.013 0.011 0.012 0.026 0.019 0.003 0.014 0.020 0.020 0.010 0.008 0.709 0.008 0.069 0.015 
262 QAc-G-0238    (0)   :  0.005 0.004 0.012 0.006 0.003 0.659 0.025 0.005 0.012 0.005 0.007 0.005 0.006 0.006 0.021 0.004 0.195 0.004 0.007 0.007 
263 QAc-G-0239    (0)   :  0.003 0.002 0.004 0.002 0.003 0.942 0.004 0.003 0.002 0.004 0.004 0.003 0.004 0.003 0.003 0.003 0.004 0.003 0.002 0.003 
264 QAc-G-0240    (0)   :  0.003 0.002 0.004 0.002 0.005 0.004 0.004 0.004 0.004 0.004 0.002 0.003 0.004 0.004 0.003 0.004 0.937 0.002 0.002 0.002 
265 QAc-G-0241    (0)   :  0.020 0.004 0.031 0.006 0.020 0.075 0.207 0.017 0.006 0.181 0.002 0.008 0.193 0.112 0.006 0.007 0.068 0.017 0.013 0.008 
266 QAc-G-0242    (0)   :  0.006 0.004 0.008 0.007 0.002 0.027 0.890 0.004 0.007 0.004 0.003 0.003 0.004 0.004 0.004 0.006 0.006 0.003 0.004 0.003 
267 QAc-G-0243    (0)   :  0.007 0.005 0.058 0.006 0.007 0.063 0.441 0.065 0.048 0.065 0.006 0.009 0.067 0.053 0.013 0.040 0.017 0.004 0.023 0.003 
268 QAc-G-0244    (0)   :  0.004 0.003 0.003 0.005 0.006 0.003 0.005 0.003 0.003 0.011 0.003 0.005 0.010 0.008 0.005 0.005 0.906 0.003 0.005 0.003 
269 QAc-G-0245    (0)   :  0.004 0.003 0.012 0.003 0.003 0.004 0.006 0.004 0.009 0.004 0.003 0.005 0.004 0.004 0.005 0.003 0.912 0.004 0.004 0.004 
270 QAc-G-0246    (0)   :  0.003 0.002 0.003 0.002 0.003 0.948 0.004 0.003 0.003 0.003 0.003 0.003 0.003 0.003 0.002 0.002 0.003 0.002 0.002 0.003 
271 QAc-G-0247    (0)   :  0.003 0.002 0.002 0.002 0.003 0.948 0.004 0.003 0.002 0.003 0.003 0.003 0.003 0.003 0.003 0.002 0.005 0.002 0.002 0.002 
272 QAc-G-0248    (0)   :  0.006 0.003 0.375 0.002 0.008 0.131 0.027 0.004 0.003 0.009 0.007 0.004 0.007 0.007 0.010 0.005 0.384 0.003 0.002 0.003 
273 QAc-G-0249    (0)   :  0.006 0.012 0.035 0.007 0.013 0.003 0.011 0.669 0.002 0.018 0.002 0.004 0.033 0.035 0.007 0.106 0.008 0.006 0.009 0.015 
274 QAc-G-0025    (0)   :  0.002 0.946 0.003 0.006 0.002 0.003 0.002 0.002 0.002 0.002 0.003 0.002 0.003 0.002 0.004 0.003 0.003 0.003 0.004 0.003 
275 QAc-G-0028    (0)   :  0.003 0.008 0.014 0.010 0.002 0.022 0.812 0.011 0.006 0.008 0.007 0.006 0.011 0.009 0.014 0.006 0.033 0.004 0.008 0.008 
276 QAc-G-0275    (0)   :  0.003 0.008 0.002 0.778 0.003 0.009 0.003 0.002 0.002 0.004 0.136 0.003 0.004 0.003 0.018 0.003 0.003 0.005 0.004 0.008 
277 QAc-G-0263    (0)   :  0.020 0.007 0.004 0.005 0.008 0.004 0.008 0.020 0.003 0.023 0.005 0.005 0.022 0.024 0.077 0.302 0.004 0.443 0.005 0.010 
278 QAc-W-0001    (0)   :  0.003 0.003 0.887 0.003 0.009 0.005 0.007 0.004 0.020 0.004 0.002 0.008 0.008 0.006 0.006 0.005 0.011 0.003 0.004 0.002 
279 QAc-W-0002    (0)   :  0.014 0.004 0.026 0.005 0.020 0.321 0.039 0.024 0.003 0.026 0.005 0.040 0.026 0.029 0.013 0.011 0.363 0.007 0.004 0.021 
280 QAc-W-0003    (0)   :  0.011 0.006 0.745 0.011 0.010 0.009 0.011 0.004 0.008 0.013 0.017 0.009 0.014 0.012 0.015 0.005 0.006 0.020 0.066 0.005 
281 QAc-W-0004    (0)   :  0.003 0.006 0.912 0.004 0.003 0.005 0.010 0.004 0.004 0.003 0.002 0.003 0.003 0.003 0.005 0.005 0.009 0.003 0.009 0.004 
282 QAc-W-0005    (0)   :  0.002 0.003 0.929 0.003 0.004 0.002 0.005 0.004 0.005 0.004 0.002 0.003 0.005 0.004 0.004 0.006 0.006 0.004 0.003 0.004 
283 QAc-W-0006    (0)   :  0.004 0.004 0.912 0.003 0.005 0.003 0.006 0.005 0.004 0.004 0.002 0.007 0.005 0.005 0.005 0.006 0.008 0.003 0.006 0.004 
284 QAc-W-0007   (13)   :  0.004 0.003 0.904 0.003 0.004 0.007 0.009 0.006 0.004 0.004 0.003 0.005 0.004 0.004 0.004 0.006 0.011 0.005 0.006 0.003 
285 QAc-W-0008    (6)   :  0.014 0.002 0.828 0.004 0.006 0.006 0.019 0.018 0.003 0.016 0.003 0.005 0.020 0.018 0.004 0.006 0.018 0.003 0.003 0.004 
286 QAc-W-0009    (0)   :  0.021 0.003 0.029 0.010 0.086 0.406 0.020 0.015 0.006 0.082 0.004 0.105 0.077 0.073 0.005 0.008 0.019 0.004 0.012 0.015 
287 QAc-W-0010    (0)   :  0.016 0.003 0.640 0.007 0.007 0.011 0.061 0.033 0.013 0.018 0.002 0.028 0.019 0.023 0.008 0.080 0.007 0.016 0.004 0.004 
288 QAc-W-0011    (0)   :  0.010 0.005 0.497 0.006 0.019 0.091 0.038 0.006 0.010 0.038 0.004 0.020 0.040 0.049 0.053 0.017 0.040 0.010 0.008 0.041 
289 QAc-W-0012    (0)   :  0.012 0.006 0.396 0.004 0.007 0.050 0.246 0.010 0.010 0.014 0.006 0.006 0.027 0.021 0.042 0.009 0.107 0.004 0.003 0.021 
290 QAc-W-0013    (0)   :  0.006 0.039 0.025 0.046 0.011 0.128 0.031 0.006 0.005 0.014 0.006 0.482 0.017 0.022 0.015 0.006 0.090 0.004 0.038 0.008 
291 QAc-W-0014    (0)   :  0.004 0.005 0.757 0.005 0.003 0.014 0.085 0.043 0.005 0.008 0.002 0.005 0.008 0.008 0.007 0.010 0.016 0.008 0.004 0.003 
292 QAc-W-0015    (0)   :  0.003 0.013 0.010 0.055 0.008 0.014 0.009 0.016 0.003 0.011 0.012 0.030 0.014 0.011 0.027 0.006 0.676 0.047 0.020 0.013 
293 QAc-W-0016    (0)   :  0.050 0.017 0.714 0.008 0.010 0.006 0.027 0.010 0.003 0.012 0.003 0.003 0.015 0.018 0.010 0.066 0.003 0.013 0.009 0.004 
294 QAc-W-0017    (0)   :  0.009 0.004 0.017 0.061 0.017 0.008 0.016 0.098 0.009 0.129 0.012 0.022 0.179 0.102 0.018 0.032 0.160 0.071 0.028 0.009 
295 QAc-W-0018    (0)   :  0.033 0.009 0.286 0.008 0.010 0.013 0.041 0.009 0.007 0.035 0.009 0.014 0.053 0.052 0.057 0.318 0.009 0.003 0.032 0.003 
296 QAc-W-0019    (0)   :  0.004 0.008 0.863 0.006 0.012 0.004 0.018 0.009 0.004 0.008 0.003 0.006 0.009 0.006 0.010 0.008 0.009 0.003 0.006 0.004 
297 QAc-W-0020    (0)   :  0.007 0.003 0.743 0.002 0.006 0.004 0.039 0.004 0.052 0.025 0.002 0.005 0.052 0.025 0.003 0.013 0.005 0.003 0.004 0.002 
298 QAc-W-0021    (0)   :  0.007 0.117 0.307 0.004 0.032 0.013 0.058 0.009 0.007 0.037 0.007 0.007 0.038 0.051 0.056 0.223 0.008 0.003 0.006 0.009 
299 QAc-W-0022    (0)   :  0.006 0.016 0.030 0.012 0.009 0.010 0.068 0.062 0.005 0.078 0.002 0.018 0.103 0.104 0.045 0.218 0.167 0.032 0.007 0.007 
300 QAc-W-0023    (6)   :  0.006 0.016 0.183 0.004 0.028 0.021 0.116 0.057 0.045 0.069 0.005 0.108 0.161 0.079 0.007 0.012 0.063 0.004 0.013 0.003 
301 QAc-W-0024    (0)   :  0.005 0.030 0.494 0.077 0.009 0.003 0.021 0.011 0.005 0.032 0.007 0.006 0.072 0.048 0.068 0.026 0.015 0.005 0.033 0.032 
302 QAc-W-0025    (0)   :  0.009 0.004 0.288 0.004 0.006 0.088 0.275 0.008 0.004 0.014 0.010 0.005 0.022 0.020 0.040 0.011 0.178 0.003 0.004 0.005 
303 QAc-W-0026    (0)   :  0.013 0.017 0.310 0.011 0.007 0.004 0.198 0.032 0.030 0.022 0.004 0.010 0.031 0.045 0.143 0.013 0.021 0.020 0.029 0.041 
304 QAc-W-0027    (0)   :  0.008 0.003 0.304 0.004 0.008 0.010 0.011 0.012 0.003 0.008 0.003 0.010 0.012 0.012 0.006 0.010 0.563 0.003 0.004 0.007 
305 QAc-W-0028    (0)   :  0.004 0.003 0.731 0.002 0.011 0.025 0.017 0.008 0.004 0.018 0.003 0.034 0.039 0.013 0.007 0.004 0.060 0.007 0.003 0.006 
306 QAc-W-0029    (0)   :  0.012 0.005 0.159 0.002 0.006 0.050 0.560 0.004 0.007 0.014 0.020 0.023 0.013 0.015 0.007 0.012 0.081 0.003 0.004 0.003 
307 QAc-W-0030    (0)   :  0.028 0.004 0.052 0.004 0.006 0.251 0.462 0.005 0.018 0.016 0.004 0.011 0.022 0.020 0.005 0.007 0.056 0.008 0.006 0.016 
308 QAc-W-0031    (0)   :  0.004 0.036 0.753 0.052 0.005 0.010 0.034 0.004 0.004 0.007 0.002 0.012 0.008 0.009 0.011 0.005 0.027 0.003 0.012 0.005 
309 QAc-W-0032    (0)   :  0.005 0.004 0.509 0.004 0.003 0.021 0.334 0.008 0.034 0.007 0.002 0.003 0.010 0.009 0.006 0.008 0.023 0.002 0.007 0.003 
310 QAc-W-0033    (0)   :  0.032 0.006 0.097 0.008 0.003 0.007 0.489 0.022 0.014 0.049 0.011 0.016 0.102 0.087 0.007 0.021 0.013 0.007 0.005 0.006 
311 QAc-W-0034    (0)   :  0.012 0.004 0.285 0.005 0.022 0.018 0.294 0.010 0.005 0.010 0.002 0.031 0.015 0.013 0.053 0.006 0.202 0.003 0.004 0.005 
312 QAc-W-0035    (0)   :  0.051 0.007 0.082 0.009 0.005 0.116 0.082 0.039 0.005 0.039 0.002 0.005 0.052 0.078 0.036 0.120 0.220 0.011 0.027 0.014 
313 QAc-W-0036    (0)   :  0.005 0.004 0.533 0.003 0.008 0.007 0.066 0.008 0.051 0.009 0.002 0.023 0.015 0.013 0.011 0.007 0.222 0.004 0.004 0.004 
314 QAc-W-0037    (0)   :  0.008 0.015 0.026 0.006 0.003 0.008 0.022 0.005 0.015 0.010 0.008 0.005 0.010 0.010 0.022 0.007 0.783 0.004 0.010 0.023 
315 QAc-W-0038    (0)   :  0.009 0.004 0.323 0.003 0.009 0.013 0.049 0.007 0.017 0.131 0.004 0.006 0.211 0.057 0.013 0.010 0.100 0.021 0.005 0.010 
316 QAc-W-0039    (0)   :  0.004 0.004 0.342 0.021 0.005 0.006 0.263 0.008 0.010 0.008 0.003 0.025 0.010 0.011 0.141 0.004 0.070 0.013 0.019 0.032 
317 QAc-W-0040    (0)   :  0.005 0.003 0.642 0.006 0.004 0.004 0.019 0.157 0.014 0.027 0.006 0.003 0.035 0.024 0.006 0.007 0.010 0.006 0.013 0.008 
318 QAc-W-0041    (0)   :  0.030 0.006 0.171 0.049 0.020 0.029 0.133 0.010 0.004 0.026 0.009 0.082 0.033 0.031 0.254 0.012 0.047 0.005 0.034 0.015 
319 QAc-W-0042    (0)   :  0.006 0.002 0.005 0.008 0.005 0.004 0.006 0.005 0.035 0.005 0.004 0.875 0.005 0.005 0.006 0.004 0.007 0.004 0.004 0.005 
320 QAc-W-0043    (0)   :  0.005 0.002 0.004 0.005 0.010 0.003 0.003 0.004 0.004 0.006 0.004 0.900 0.005 0.004 0.004 0.003 0.016 0.008 0.004 0.006 
321 QAc-W-0044    (0)   :  0.006 0.003 0.008 0.005 0.006 0.008 0.008 0.030 0.049 0.007 0.005 0.759 0.006 0.009 0.006 0.009 0.016 0.042 0.003 0.013 
322 QAc-W-0045    (0)   :  0.081 0.003 0.004 0.004 0.009 0.006 0.004 0.005 0.010 0.008 0.004 0.809 0.006 0.008 0.005 0.008 0.015 0.003 0.005 0.004 
323 QAc-W-0046    (0)   :  0.004 0.005 0.004 0.004 0.005 0.005 0.004 0.003 0.007 0.004 0.004 0.910 0.004 0.004 0.006 0.005 0.009 0.003 0.006 0.005 
324 QAc-W-0047    (0)   :  0.005 0.004 0.005 0.002 0.009 0.005 0.004 0.007 0.006 0.006 0.002 0.870 0.006 0.005 0.003 0.004 0.014 0.036 0.003 0.005 
325 QAc-W-0048    (0)   :  0.006 0.008 0.014 0.003 0.032 0.003 0.006 0.004 0.017 0.010 0.002 0.835 0.013 0.013 0.009 0.012 0.005 0.004 0.002 0.003 
326 QAc-W-0049    (0)   :  0.004 0.007 0.004 0.004 0.058 0.003 0.005 0.004 0.068 0.010 0.003 0.783 0.010 0.011 0.008 0.006 0.005 0.002 0.002 0.003 
327 QAc-W-0050    (0)   :  0.756 0.006 0.004 0.002 0.065 0.006 0.005 0.008 0.006 0.014 0.002 0.044 0.013 0.014 0.003 0.029 0.011 0.004 0.004 0.004 
328 QAc-W-0051    (0)   :  0.868 0.004 0.005 0.004 0.005 0.005 0.012 0.004 0.021 0.006 0.004 0.015 0.007 0.005 0.003 0.005 0.005 0.010 0.005 0.007 
329 QAc-W-0052    (0)   :  0.003 0.002 0.005 0.003 0.003 0.005 0.005 0.003 0.936 0.003 0.002 0.005 0.003 0.003 0.002 0.004 0.005 0.003 0.003 0.004 
330 QAc-W-0053    (0)   :  0.017 0.003 0.007 0.003 0.259 0.006 0.011 0.008 0.006 0.007 0.002 0.624 0.009 0.008 0.005 0.008 0.005 0.004 0.004 0.003 
331 QAc-W-0054    (0)   :  0.246 0.004 0.005 0.003 0.003 0.006 0.008 0.011 0.015 0.013 0.003 0.082 0.015 0.013 0.012 0.451 0.004 0.035 0.004 0.068 
332 QAc-W-0055    (0)   :  0.530 0.034 0.005 0.007 0.003 0.003 0.008 0.011 0.004 0.010 0.003 0.024 0.007 0.010 0.010 0.015 0.004 0.027 0.010 0.272 
333 QAc-W-0056    (0)   :  0.650 0.006 0.061 0.004 0.004 0.034 0.022 0.010 0.010 0.036 0.002 0.005 0.043 0.031 0.013 0.014 0.021 0.009 0.019 0.005 
334 QAc-W-0057    (0)   :  0.620 0.029 0.005 0.010 0.031 0.003 0.007 0.011 0.008 0.023 0.003 0.021 0.029 0.023 0.007 0.013 0.015 0.129 0.008 0.005 
335 QAc-W-0058    (0)   :  0.655 0.097 0.005 0.011 0.029 0.006 0.005 0.003 0.015 0.022 0.005 0.051 0.014 0.016 0.014 0.008 0.004 0.009 0.022 0.009 
336 QAc-W-0059    (0)   :  0.003 0.003 0.003 0.002 0.886 0.002 0.003 0.003 0.003 0.003 0.002 0.059 0.004 0.003 0.003 0.003 0.004 0.004 0.002 0.004 
337 QAc-W-0060    (0)   :  0.010 0.002 0.004 0.002 0.008 0.009 0.004 0.008 0.038 0.009 0.003 0.006 0.011 0.009 0.003 0.003 0.050 0.805 0.006 0.010 
338 QAc-W-0061    (0)   :  0.009 0.013 0.015 0.004 0.020 0.003 0.009 0.024 0.004 0.020 0.043 0.015 0.019 0.018 0.004 0.011 0.046 0.674 0.003 0.046 
339 QAc-W-0062    (0)   :  0.003 0.003 0.004 0.006 0.003 0.003 0.003 0.010 0.014 0.007 0.006 0.003 0.007 0.004 0.005 0.003 0.005 0.886 0.016 0.008 
340 QAc-W-0063    (0)   :  0.008 0.006 0.016 0.004 0.004 0.008 0.016 0.014 0.016 0.017 0.004 0.005 0.019 0.017 0.011 0.012 0.006 0.787 0.021 0.009 
341 QAc-W-0064    (0)   :  0.011 0.004 0.011 0.005 0.004 0.021 0.008 0.009 0.005 0.010 0.006 0.004 0.011 0.010 0.007 0.008 0.008 0.833 0.012 0.013 
342 QAc-W-0065    (0)   :  0.100 0.007 0.008 0.004 0.007 0.005 0.005 0.019 0.005 0.015 0.003 0.006 0.016 0.019 0.008 0.022 0.022 0.720 0.006 0.005 
343 QAc-W-0066    (0)   :  0.002 0.004 0.003 0.003 0.002 0.003 0.003 0.002 0.002 0.002 0.002 0.003 0.002 0.002 0.006 0.002 0.003 0.004 0.003 0.944 
344 QAc-W-0067    (0)   :  0.002 0.003 0.002 0.003 0.002 0.002 0.002 0.003 0.003 0.002 0.003 0.003 0.002 0.003 0.003 0.002 0.003 0.003 0.003 0.951 
345 QAc-W-0068    (0)   :  0.002 0.003 0.003 0.003 0.002 0.003 0.003 0.002 0.002 0.002 0.002 0.002 0.003 0.003 0.004 0.003 0.004 0.005 0.003 0.947 
346 QAc-W-0069    (0)   :  0.002 0.004 0.003 0.004 0.002 0.003 0.003 0.002 0.002 0.003 0.002 0.003 0.003 0.003 0.004 0.003 0.004 0.005 0.003 0.944 
347 QAc-W-0070    (0)   :  0.003 0.003 0.002 0.002 0.002 0.002 0.002 0.003 0.003 0.002 0.003 0.003 0.003 0.003 0.003 0.002 0.003 0.390 0.003 0.563 
348 QAc-W-0071    (6)   :  0.004 0.012 0.004 0.005 0.004 0.005 0.004 0.004 0.004 0.005 0.005 0.006 0.006 0.006 0.005 0.007 0.007 0.679 0.006 0.223 
349 QAc-W-0072    (0)   :  0.018 0.005 0.022 0.006 0.003 0.003 0.017 0.109 0.003 0.011 0.003 0.004 0.013 0.011 0.005 0.024 0.006 0.724 0.009 0.004 
350 QAc-W-0073    (0)   :  0.009 0.005 0.009 0.003 0.060 0.006 0.005 0.007 0.005 0.015 0.007 0.014 0.013 0.010 0.012 0.007 0.007 0.799 0.003 0.004 
351 QAc-W-0074    (0)   :  0.003 0.005 0.005 0.005 0.003 0.003 0.003 0.004 0.003 0.003 0.002 0.003 0.003 0.003 0.004 0.004 0.005 0.931 0.005 0.004 
352 QAc-W-0075    (0)   :  0.003 0.006 0.003 0.004 0.003 0.003 0.004 0.003 0.002 0.003 0.003 0.003 0.003 0.003 0.005 0.005 0.003 0.925 0.004 0.013 
353 QAc-W-0076    (0)   :  0.004 0.010 0.003 0.003 0.004 0.003 0.006 0.023 0.002 0.005 0.002 0.003 0.005 0.005 0.004 0.007 0.004 0.896 0.006 0.003 
354 QAc-W-0077    (0)   :  0.023 0.002 0.007 0.004 0.004 0.004 0.005 0.006 0.004 0.006 0.003 0.039 0.007 0.007 0.007 0.003 0.008 0.734 0.005 0.122 
355 QAc-W-0078    (0)   :  0.012 0.178 0.022 0.027 0.004 0.012 0.095 0.051 0.008 0.050 0.011 0.005 0.085 0.137 0.087 0.032 0.013 0.005 0.123 0.043 
356 QAc-W-0079    (6)   :  0.006 0.892 0.008 0.003 0.005 0.004 0.006 0.006 0.004 0.004 0.003 0.006 0.004 0.005 0.007 0.004 0.009 0.006 0.006 0.014 
357 QAc-W-0080   (13)   :  0.003 0.882 0.022 0.004 0.007 0.004 0.027 0.003 0.002 0.005 0.003 0.003 0.005 0.006 0.009 0.004 0.003 0.003 0.005 0.003 
358 QAc-W-0081    (0)   :  0.004 0.025 0.005 0.009 0.003 0.006 0.004 0.004 0.005 0.004 0.375 0.004 0.004 0.004 0.013 0.003 0.003 0.004 0.519 0.003 
359 QAc-W-0082    (0)   :  0.501 0.006 0.004 0.381 0.005 0.005 0.006 0.004 0.002 0.005 0.006 0.003 0.005 0.005 0.009 0.005 0.005 0.004 0.035 0.003 
360 QAc-W-0083    (0)   :  0.006 0.006 0.007 0.015 0.004 0.004 0.005 0.010 0.005 0.004 0.002 0.005 0.005 0.005 0.007 0.004 0.006 0.013 0.879 0.008 
361 QAc-W-0084    (0)   :  0.003 0.007 0.004 0.024 0.003 0.003 0.003 0.003 0.003 0.004 0.021 0.003 0.003 0.004 0.006 0.003 0.003 0.003 0.890 0.006 
362 QAc-W-0085    (0)   :  0.003 0.006 0.006 0.033 0.002 0.002 0.003 0.004 0.004 0.004 0.851 0.004 0.004 0.004 0.021 0.003 0.003 0.004 0.021 0.017 
363 QAc-W-0086    (0)   :  0.003 0.003 0.003 0.947 0.002 0.002 0.002 0.003 0.002 0.003 0.004 0.002 0.002 0.003 0.003 0.003 0.003 0.002 0.006 0.003 
364 QAc-W-0087    (0)   :  0.005 0.017 0.004 0.598 0.010 0.002 0.010 0.013 0.003 0.008 0.031 0.007 0.008 0.008 0.048 0.005 0.005 0.003 0.210 0.005 
365 QAc-W-0088    (0)   :  0.006 0.014 0.003 0.042 0.015 0.003 0.003 0.003 0.002 0.007 0.004 0.003 0.010 0.010 0.332 0.007 0.004 0.003 0.527 0.003 
366 QAc-W-0089    (0)   :  0.008 0.066 0.004 0.585 0.002 0.006 0.009 0.003 0.003 0.005 0.004 0.004 0.004 0.004 0.162 0.005 0.005 0.004 0.111 0.006 
367 QAc-W-0090    (0)   :  0.006 0.023 0.003 0.802 0.002 0.004 0.005 0.002 0.002 0.004 0.003 0.003 0.003 0.003 0.054 0.004 0.004 0.003 0.066 0.005 
368 QAc-W-0091    (0)   :  0.010 0.086 0.006 0.168 0.008 0.002 0.015 0.013 0.009 0.024 0.015 0.006 0.027 0.025 0.111 0.020 0.004 0.004 0.444 0.003 
369 QAc-W-0092    (0)   :  0.005 0.008 0.026 0.079 0.006 0.007 0.020 0.007 0.115 0.007 0.013 0.008 0.010 0.009 0.614 0.004 0.016 0.004 0.036 0.007 
370 QAc-W-0093    (0)   :  0.014 0.152 0.011 0.059 0.019 0.062 0.013 0.013 0.004 0.187 0.006 0.004 0.103 0.054 0.006 0.006 0.006 0.004 0.275 0.002 
371 QAc-W-0094    (0)   :  0.006 0.004 0.013 0.006 0.003 0.006 0.012 0.006 0.027 0.009 0.002 0.004 0.008 0.007 0.008 0.009 0.004 0.006 0.858 0.003 
372 QAc-W-0095    (0)   :  0.003 0.013 0.006 0.004 0.003 0.004 0.005 0.003 0.006 0.003 0.002 0.004 0.003 0.003 0.005 0.004 0.003 0.004 0.919 0.003 
373 QAc-W-0096    (0)   :  0.012 0.007 0.010 0.023 0.007 0.005 0.018 0.006 0.052 0.014 0.003 0.009 0.011 0.009 0.016 0.013 0.003 0.014 0.763 0.005 
374 QAc-W-0097    (0)   :  0.025 0.049 0.023 0.115 0.044 0.008 0.015 0.005 0.005 0.104 0.015 0.028 0.073 0.053 0.031 0.008 0.066 0.005 0.322 0.006 
375 QAc-W-0098    (0)   :  0.004 0.168 0.004 0.007 0.006 0.004 0.004 0.003 0.004 0.004 0.003 0.003 0.005 0.005 0.272 0.007 0.004 0.003 0.488 0.003 
376 QAc-W-0099    (0)   :  0.013 0.004 0.004 0.007 0.005 0.009 0.020 0.010 0.009 0.016 0.393 0.017 0.012 0.014 0.331 0.109 0.010 0.003 0.010 0.004 
377 QAc-W-0100    (0)   :  0.005 0.015 0.003 0.033 0.003 0.003 0.003 0.003 0.003 0.005 0.004 0.002 0.006 0.006 0.380 0.022 0.003 0.003 0.497 0.003 
378 QAc-W-0101    (0)   :  0.005 0.009 0.005 0.819 0.003 0.002 0.004 0.006 0.003 0.005 0.005 0.003 0.005 0.005 0.053 0.006 0.004 0.007 0.033 0.016 
379 QAc-W-0104    (0)   :  0.004 0.014 0.003 0.890 0.007 0.002 0.006 0.011 0.002 0.005 0.009 0.005 0.006 0.005 0.005 0.010 0.003 0.003 0.007 0.002 
380 QAc-W-0105    (0)   :  0.003 0.019 0.003 0.067 0.002 0.004 0.003 0.003 0.003 0.003 0.014 0.003 0.003 0.003 0.817 0.006 0.003 0.004 0.032 0.004 
381 QAc-W-0106    (0)   :  0.003 0.006 0.004 0.041 0.002 0.005 0.004 0.004 0.008 0.005 0.017 0.004 0.005 0.005 0.831 0.027 0.004 0.003 0.019 0.005 
382 QAc-W-0107    (0)   :  0.004 0.929 0.003 0.011 0.003 0.002 0.003 0.003 0.003 0.003 0.004 0.002 0.003 0.003 0.004 0.003 0.003 0.005 0.004 0.004 
383 QAc-W-0108    (0)   :  0.002 0.948 0.003 0.005 0.002 0.003 0.003 0.002 0.002 0.002 0.003 0.002 0.002 0.002 0.003 0.002 0.002 0.003 0.004 0.003 
384 QAc-W-0109    (0)   :  0.006 0.082 0.006 0.547 0.016 0.007 0.016 0.005 0.011 0.014 0.012 0.023 0.014 0.013 0.026 0.006 0.005 0.011 0.156 0.023 
385 QAc-W-0110   (13)   :  0.004 0.003 0.377 0.495 0.004 0.003 0.034 0.005 0.003 0.004 0.005 0.003 0.006 0.005 0.029 0.004 0.003 0.003 0.006 0.004 
386 QAc-W-0111    (6)   :  0.003 0.584 0.003 0.012 0.003 0.006 0.004 0.003 0.003 0.004 0.008 0.005 0.004 0.005 0.324 0.008 0.005 0.003 0.008 0.005 
387 QAc-W-0112   (13)   :  0.012 0.037 0.005 0.023 0.009 0.005 0.004 0.006 0.005 0.007 0.010 0.003 0.008 0.006 0.284 0.011 0.007 0.003 0.552 0.004 
388 QAc-W-0113   (13)   :  0.007 0.005 0.012 0.004 0.004 0.010 0.009 0.864 0.003 0.007 0.005 0.006 0.014 0.010 0.004 0.011 0.009 0.004 0.008 0.004 
389 QAc-W-0114   (13)   :  0.005 0.030 0.005 0.007 0.016 0.003 0.005 0.837 0.008 0.009 0.004 0.017 0.010 0.009 0.006 0.008 0.005 0.004 0.007 0.005 
390 QAc-W-0115    (0)   :  0.004 0.004 0.010 0.006 0.003 0.006 0.010 0.844 0.004 0.008 0.003 0.003 0.009 0.011 0.007 0.037 0.010 0.005 0.010 0.005 
391 QAc-W-0116    (0)   :  0.006 0.004 0.010 0.004 0.012 0.022 0.009 0.834 0.012 0.015 0.003 0.012 0.010 0.010 0.006 0.010 0.014 0.003 0.004 0.002 
392 QAc-W-0117    (0)   :  0.003 0.003 0.004 0.003 0.011 0.005 0.007 0.901 0.003 0.007 0.003 0.005 0.008 0.006 0.002 0.008 0.008 0.004 0.002 0.004 
393 QAc-W-0118    (0)   :  0.007 0.018 0.005 0.025 0.006 0.004 0.007 0.776 0.005 0.010 0.010 0.004 0.009 0.010 0.007 0.020 0.005 0.039 0.009 0.025 
394 QAc-W-0119    (0)   :  0.009 0.005 0.006 0.003 0.003 0.007 0.006 0.864 0.007 0.011 0.002 0.006 0.011 0.009 0.005 0.026 0.007 0.003 0.003 0.009 
395 QAc-W-0120    (0)   :  0.004 0.003 0.007 0.004 0.008 0.028 0.012 0.803 0.003 0.017 0.013 0.005 0.017 0.017 0.014 0.013 0.004 0.010 0.005 0.013 
396 QAc-W-0121    (0)   :  0.025 0.005 0.005 0.003 0.005 0.008 0.010 0.804 0.002 0.009 0.003 0.018 0.010 0.012 0.003 0.008 0.005 0.011 0.002 0.053 
397 QAc-W-0122    (0)   :  0.008 0.005 0.021 0.005 0.016 0.009 0.022 0.769 0.004 0.027 0.004 0.009 0.038 0.025 0.005 0.014 0.006 0.007 0.003 0.003 
398 QAc-W-0123    (6)   :  0.010 0.006 0.004 0.004 0.009 0.005 0.007 0.766 0.009 0.021 0.059 0.006 0.022 0.022 0.007 0.012 0.014 0.006 0.005 0.006 
399 QAc-W-0124    (0)   :  0.005 0.007 0.017 0.007 0.003 0.010 0.020 0.528 0.009 0.012 0.040 0.004 0.013 0.014 0.111 0.009 0.029 0.132 0.020 0.009 
400 QAc-W-0125    (0)   :  0.006 0.012 0.007 0.016 0.009 0.002 0.006 0.824 0.008 0.009 0.008 0.005 0.011 0.011 0.007 0.024 0.009 0.007 0.009 0.009 
401 QAc-W-0126   (13)   :  0.010 0.007 0.006 0.226 0.006 0.003 0.011 0.566 0.007 0.035 0.006 0.011 0.029 0.024 0.007 0.019 0.009 0.007 0.007 0.005 
402 QAc-W-0127    (6)   :  0.007 0.003 0.010 0.003 0.004 0.004 0.007 0.713 0.005 0.012 0.003 0.007 0.009 0.011 0.017 0.169 0.005 0.006 0.003 0.004 
403 QAc-W-0128   (13)   :  0.006 0.019 0.014 0.066 0.013 0.006 0.011 0.718 0.003 0.012 0.004 0.007 0.014 0.017 0.012 0.016 0.006 0.005 0.039 0.012 
404 QAc-W-0129   (13)   :  0.005 0.005 0.033 0.004 0.023 0.014 0.037 0.742 0.004 0.022 0.003 0.005 0.023 0.027 0.011 0.015 0.005 0.011 0.006 0.006 
405 QAc-W-0130   (13)   :  0.004 0.005 0.044 0.006 0.012 0.035 0.026 0.718 0.003 0.011 0.009 0.006 0.012 0.015 0.006 0.070 0.004 0.003 0.006 0.006 
406 QAc-W-0131    (0)   :  0.009 0.006 0.007 0.004 0.005 0.004 0.018 0.200 0.038 0.015 0.003 0.003 0.024 0.019 0.011 0.618 0.004 0.006 0.004 0.003 
407 QAc-W-0132    (6)   :  0.007 0.008 0.010 0.014 0.005 0.018 0.020 0.624 0.020 0.012 0.015 0.005 0.013 0.013 0.012 0.095 0.029 0.021 0.013 0.045 
408 QAc-W-0133    (6)   :  0.007 0.004 0.005 0.008 0.004 0.004 0.005 0.043 0.003 0.018 0.005 0.007 0.016 0.027 0.070 0.707 0.004 0.009 0.010 0.043 
409 QAc-W-0134    (0)   :  0.004 0.004 0.003 0.003 0.004 0.003 0.003 0.925 0.004 0.005 0.003 0.005 0.005 0.005 0.004 0.004 0.005 0.005 0.004 0.003 
410 QAc-W-0135    (0)   :  0.004 0.007 0.078 0.003 0.007 0.011 0.010 0.758 0.003 0.010 0.007 0.008 0.009 0.011 0.009 0.008 0.026 0.017 0.004 0.011 
411 QAc-W-0136    (0)   :  0.004 0.002 0.004 0.004 0.003 0.004 0.003 0.918 0.009 0.005 0.006 0.003 0.005 0.004 0.003 0.010 0.006 0.003 0.003 0.003 
412 QAc-W-0137    (0)   :  0.003 0.002 0.003 0.002 0.002 0.005 0.004 0.939 0.005 0.004 0.003 0.003 0.003 0.004 0.003 0.004 0.004 0.004 0.002 0.003 
413 QAc-W-0138    (0)   :  0.003 0.002 0.005 0.002 0.003 0.005 0.005 0.899 0.005 0.004 0.003 0.002 0.004 0.004 0.003 0.037 0.005 0.003 0.003 0.003 
414 QAc-W-0139    (0)   :  0.011 0.025 0.033 0.012 0.004 0.007 0.038 0.370 0.007 0.015 0.002 0.005 0.020 0.025 0.019 0.223 0.008 0.131 0.038 0.006 
415 QAc-W-0140    (0)   :  0.015 0.003 0.009 0.005 0.028 0.008 0.018 0.774 0.002 0.015 0.002 0.043 0.021 0.013 0.008 0.006 0.019 0.004 0.004 0.004 
416 QAc-W-0141    (6)   :  0.019 0.005 0.020 0.005 0.028 0.020 0.193 0.131 0.004 0.088 0.003 0.011 0.071 0.038 0.008 0.250 0.074 0.008 0.006 0.018 
417 QAc-W-0142    (0)   :  0.008 0.006 0.004 0.005 0.004 0.004 0.003 0.898 0.003 0.005 0.002 0.005 0.005 0.006 0.004 0.015 0.003 0.011 0.003 0.007 
418 QAc-W-0143    (0)   :  0.007 0.003 0.006 0.004 0.007 0.005 0.007 0.839 0.003 0.009 0.034 0.011 0.012 0.016 0.005 0.014 0.003 0.005 0.006 0.002 
419 QAc-W-0144    (0)   :  0.013 0.003 0.005 0.007 0.025 0.004 0.007 0.678 0.005 0.026 0.006 0.166 0.012 0.015 0.003 0.007 0.006 0.004 0.005 0.002 
420 QAc-W-0145    (0)   :  0.009 0.002 0.003 0.003 0.004 0.003 0.004 0.886 0.004 0.017 0.009 0.003 0.017 0.014 0.003 0.004 0.005 0.005 0.002 0.003 
421 QAc-W-0146    (0)   :  0.004 0.005 0.005 0.003 0.003 0.023 0.012 0.867 0.004 0.005 0.004 0.005 0.005 0.006 0.008 0.011 0.015 0.004 0.008 0.004 
422 QAc-W-0147    (0)   :  0.003 0.004 0.005 0.005 0.003 0.005 0.005 0.923 0.002 0.004 0.005 0.003 0.004 0.004 0.003 0.008 0.003 0.007 0.003 0.002 
423 QAc-W-0148    (0)   :  0.004 0.003 0.005 0.002 0.003 0.004 0.005 0.917 0.006 0.004 0.002 0.004 0.004 0.004 0.003 0.009 0.010 0.006 0.003 0.003 
424 QAc-W-0149    (0)   :  0.006 0.004 0.014 0.011 0.017 0.005 0.039 0.587 0.011 0.018 0.056 0.051 0.015 0.022 0.004 0.122 0.005 0.006 0.004 0.003 
425 QAc-W-0150    (0)   :  0.005 0.022 0.032 0.005 0.005 0.039 0.034 0.610 0.010 0.018 0.007 0.007 0.020 0.019 0.016 0.109 0.015 0.005 0.016 0.006 
426 QAc-W-0151    (0)   :  0.005 0.007 0.007 0.003 0.005 0.004 0.005 0.833 0.006 0.008 0.002 0.004 0.009 0.008 0.012 0.023 0.043 0.005 0.006 0.004 
427 QAc-W-0152    (0)   :  0.008 0.002 0.004 0.004 0.004 0.004 0.004 0.906 0.003 0.004 0.011 0.012 0.004 0.004 0.003 0.003 0.005 0.009 0.003 0.004 
428 QAc-W-0153    (0)   :  0.004 0.035 0.005 0.009 0.009 0.019 0.026 0.013 0.004 0.146 0.003 0.004 0.245 0.398 0.016 0.010 0.021 0.019 0.008 0.005 
429 QAc-W-0154    (0)   :  0.006 0.002 0.062 0.002 0.008 0.022 0.027 0.700 0.003 0.038 0.006 0.003 0.035 0.030 0.013 0.030 0.004 0.003 0.004 0.003 
430 QAc-W-0155    (0)   :  0.007 0.003 0.005 0.002 0.003 0.003 0.005 0.922 0.003 0.005 0.002 0.006 0.004 0.004 0.003 0.006 0.005 0.006 0.004 0.003 
431 QAc-W-0156    (0)   :  0.007 0.064 0.044 0.012 0.004 0.014 0.035 0.606 0.010 0.012 0.012 0.004 0.023 0.018 0.013 0.047 0.030 0.003 0.042 0.004 
432 QAc-W-0157    (0)   :  0.009 0.003 0.004 0.003 0.010 0.010 0.005 0.711 0.027 0.043 0.008 0.010 0.055 0.052 0.004 0.010 0.014 0.013 0.003 0.009 
433 QAc-W-0158    (0)   :  0.004 0.010 0.027 0.061 0.003 0.025 0.023 0.686 0.004 0.007 0.004 0.004 0.008 0.008 0.016 0.014 0.016 0.006 0.053 0.021 
434 QAc-W-0159    (0)   :  0.006 0.005 0.007 0.003 0.004 0.004 0.010 0.888 0.006 0.008 0.013 0.005 0.008 0.008 0.004 0.006 0.005 0.003 0.002 0.006 
435 QAc-W-0160    (0)   :  0.004 0.004 0.021 0.004 0.003 0.019 0.028 0.746 0.005 0.027 0.004 0.005 0.023 0.035 0.004 0.034 0.016 0.006 0.008 0.003 
436 QAc-W-0161    (0)   :  0.010 0.003 0.012 0.002 0.006 0.016 0.022 0.677 0.092 0.009 0.002 0.011 0.014 0.017 0.006 0.066 0.022 0.002 0.004 0.004 
437 QAc-W-0162    (0)   :  0.013 0.002 0.003 0.003 0.018 0.004 0.005 0.742 0.018 0.010 0.002 0.008 0.011 0.009 0.006 0.012 0.003 0.122 0.008 0.005 
438 QAc-W-0163    (0)   :  0.117 0.003 0.004 0.004 0.006 0.005 0.004 0.783 0.004 0.008 0.003 0.018 0.008 0.008 0.003 0.005 0.006 0.004 0.004 0.004 
439 QAc-W-0164    (0)   :  0.010 0.004 0.005 0.003 0.004 0.003 0.004 0.750 0.007 0.008 0.003 0.006 0.008 0.012 0.010 0.130 0.006 0.015 0.005 0.005 
440 QAc-W-0165    (0)   :  0.007 0.002 0.004 0.002 0.006 0.011 0.010 0.729 0.008 0.063 0.002 0.002 0.057 0.032 0.003 0.020 0.003 0.010 0.005 0.024 
441 QAc-W-0166    (0)   :  0.012 0.003 0.053 0.003 0.003 0.003 0.006 0.823 0.005 0.007 0.003 0.009 0.009 0.009 0.008 0.012 0.016 0.005 0.007 0.004 


Estimated Allele Frequencies in each cluster
First column gives estimated ancestral frequencies


Locus 1 : 
21 alleles
0.5% missing data
 210   (0.124) 0.100 0.320 0.026 0.238 0.369 0.011 0.040 0.170 0.003 0.132 0.192 0.186 0.120 0.124 0.044 0.125 0.069 0.011 0.090 0.001 
 212   (0.127) 0.124 0.230 0.034 0.095 0.041 0.107 0.100 0.067 0.003 0.094 0.008 0.015 0.107 0.127 0.617 0.245 0.397 0.012 0.256 0.277 
 202   (0.054) 0.025 0.246 0.050 0.003 0.009 0.035 0.048 0.005 0.368 0.045 0.002 0.006 0.063 0.054 0.008 0.091 0.011 0.003 0.209 0.000 
 226   (0.059) 0.029 0.001 0.004 0.142 0.009 0.004 0.009 0.004 0.203 0.066 0.249 0.008 0.054 0.059 0.158 0.039 0.002 0.059 0.173 0.211 
 216   (0.062) 0.021 0.001 0.013 0.059 0.042 0.005 0.022 0.102 0.328 0.064 0.522 0.009 0.067 0.062 0.031 0.021 0.003 0.045 0.029 0.001 
 200   (0.248) 0.129 0.196 0.562 0.294 0.281 0.760 0.605 0.166 0.086 0.268 0.009 0.318 0.256 0.249 0.067 0.317 0.354 0.166 0.017 0.437 
 224   (0.046) 0.015 0.001 0.014 0.003 0.005 0.015 0.047 0.003 0.001 0.057 0.003 0.006 0.064 0.046 0.014 0.014 0.147 0.350 0.002 0.071 
 218   (0.044) 0.018 0.001 0.051 0.158 0.005 0.003 0.079 0.168 0.001 0.033 0.001 0.004 0.035 0.044 0.033 0.044 0.002 0.007 0.121 0.000 
 222   (0.023) 0.007 0.000 0.005 0.001 0.003 0.002 0.004 0.241 0.001 0.036 0.001 0.002 0.024 0.023 0.003 0.010 0.001 0.001 0.001 0.000 
 228   (0.010) 0.002 0.000 0.001 0.000 0.001 0.001 0.001 0.001 0.000 0.006 0.000 0.001 0.007 0.010 0.001 0.003 0.000 0.216 0.000 0.000 
 214   (0.036) 0.477 0.000 0.003 0.002 0.005 0.002 0.005 0.044 0.001 0.026 0.001 0.262 0.029 0.036 0.004 0.015 0.001 0.121 0.002 0.000 
 208   (0.045) 0.012 0.002 0.217 0.002 0.074 0.049 0.017 0.003 0.001 0.073 0.007 0.005 0.060 0.046 0.007 0.014 0.005 0.002 0.094 0.000 
 220   (0.017) 0.004 0.000 0.001 0.001 0.002 0.001 0.003 0.007 0.000 0.021 0.000 0.002 0.024 0.017 0.002 0.005 0.001 0.001 0.001 0.000 
 206   (0.033) 0.019 0.000 0.014 0.001 0.091 0.002 0.007 0.016 0.001 0.026 0.001 0.004 0.029 0.033 0.004 0.040 0.001 0.002 0.002 0.000 
 196   (0.010) 0.003 0.000 0.001 0.000 0.001 0.001 0.001 0.001 0.000 0.008 0.001 0.001 0.008 0.010 0.001 0.002 0.000 0.000 0.000 0.000 
 238   (0.010) 0.002 0.000 0.001 0.000 0.001 0.001 0.001 0.001 0.000 0.010 0.000 0.001 0.010 0.010 0.001 0.003 0.000 0.001 0.000 0.000 
 121   (0.009) 0.003 0.000 0.003 0.000 0.001 0.001 0.006 0.001 0.001 0.008 0.000 0.001 0.010 0.009 0.001 0.003 0.001 0.000 0.000 0.000 
 204   (0.011) 0.003 0.000 0.001 0.000 0.047 0.001 0.001 0.001 0.000 0.007 0.000 0.001 0.008 0.011 0.001 0.003 0.000 0.001 0.001 0.000 
 190   (0.009) 0.002 0.000 0.001 0.000 0.001 0.000 0.001 0.000 0.000 0.006 0.000 0.001 0.007 0.009 0.001 0.002 0.000 0.000 0.000 0.000 
 198   (0.010) 0.002 0.000 0.001 0.000 0.012 0.001 0.001 0.001 0.000 0.008 0.000 0.003 0.008 0.010 0.001 0.002 0.001 0.001 0.001 0.000 
 232   (0.011) 0.002 0.000 0.001 0.000 0.001 0.001 0.001 0.001 0.000 0.007 0.000 0.165 0.008 0.011 0.001 0.003 0.000 0.001 0.000 0.000 

Locus 2 : 
15 alleles
1.6% missing data
 171   (0.229) 0.268 0.256 0.336 0.020 0.604 0.207 0.195 0.055 0.419 0.306 0.031 0.389 0.299 0.229 0.079 0.113 0.453 0.023 0.125 0.002 
 175   (0.092) 0.190 0.448 0.025 0.008 0.023 0.011 0.076 0.015 0.129 0.096 0.660 0.014 0.085 0.092 0.033 0.046 0.021 0.017 0.013 0.150 
 185   (0.059) 0.037 0.287 0.004 0.004 0.006 0.010 0.110 0.251 0.002 0.071 0.019 0.007 0.051 0.059 0.014 0.044 0.002 0.033 0.111 0.001 
 181   (0.095) 0.031 0.002 0.018 0.602 0.011 0.054 0.134 0.006 0.002 0.071 0.258 0.319 0.078 0.095 0.728 0.057 0.115 0.037 0.570 0.442 
 179   (0.059) 0.017 0.001 0.005 0.002 0.015 0.011 0.014 0.305 0.345 0.043 0.002 0.016 0.047 0.059 0.009 0.189 0.003 0.429 0.003 0.003 
 173   (0.202) 0.268 0.003 0.115 0.352 0.041 0.653 0.365 0.176 0.092 0.170 0.014 0.208 0.181 0.202 0.049 0.276 0.343 0.098 0.012 0.399 
 177   (0.028) 0.020 0.000 0.002 0.001 0.003 0.002 0.007 0.068 0.004 0.024 0.001 0.003 0.022 0.028 0.003 0.017 0.001 0.344 0.001 0.000 
 183   (0.058) 0.014 0.001 0.004 0.003 0.205 0.004 0.015 0.082 0.001 0.077 0.003 0.007 0.062 0.058 0.058 0.096 0.003 0.003 0.036 0.001 
 187   (0.098) 0.139 0.001 0.100 0.004 0.061 0.043 0.056 0.015 0.003 0.085 0.009 0.029 0.111 0.098 0.018 0.140 0.051 0.012 0.005 0.001 
 189   (0.021) 0.005 0.000 0.388 0.001 0.002 0.002 0.019 0.020 0.001 0.014 0.001 0.002 0.017 0.021 0.003 0.007 0.004 0.001 0.001 0.000 
 191   (0.015) 0.004 0.000 0.001 0.001 0.023 0.001 0.002 0.001 0.001 0.011 0.001 0.003 0.012 0.015 0.002 0.004 0.001 0.001 0.119 0.000 
 163   (0.010) 0.002 0.000 0.001 0.000 0.001 0.001 0.001 0.001 0.000 0.007 0.000 0.001 0.008 0.010 0.001 0.002 0.000 0.000 0.000 0.000 
 165   (0.012) 0.002 0.000 0.001 0.000 0.001 0.001 0.001 0.001 0.000 0.007 0.000 0.001 0.009 0.012 0.001 0.003 0.000 0.001 0.001 0.000 
 193   (0.010) 0.002 0.000 0.001 0.000 0.001 0.001 0.001 0.001 0.000 0.008 0.000 0.001 0.009 0.010 0.001 0.002 0.000 0.000 0.000 0.000 
 169   (0.011) 0.003 0.000 0.001 0.000 0.001 0.001 0.002 0.006 0.000 0.009 0.000 0.001 0.009 0.011 0.001 0.004 0.000 0.001 0.001 0.000 

Locus 3 : 
7 alleles
2.5% missing data
 206   (0.846) 0.921 0.989 0.745 0.991 0.919 0.990 0.934 0.988 0.991 0.857 0.995 0.965 0.850 0.846 0.960 0.861 0.993 0.923 0.981 0.994 
 208   (0.058) 0.041 0.001 0.247 0.003 0.019 0.004 0.045 0.004 0.002 0.059 0.002 0.023 0.059 0.058 0.010 0.060 0.003 0.040 0.003 0.000 
 198   (0.011) 0.003 0.008 0.001 0.001 0.001 0.001 0.002 0.001 0.000 0.007 0.000 0.001 0.008 0.011 0.002 0.003 0.000 0.001 0.001 0.000 
 204   (0.042) 0.023 0.001 0.004 0.004 0.039 0.003 0.012 0.005 0.006 0.047 0.002 0.006 0.047 0.042 0.022 0.046 0.002 0.034 0.013 0.005 
 218   (0.017) 0.005 0.000 0.001 0.001 0.013 0.001 0.003 0.001 0.000 0.011 0.001 0.003 0.013 0.017 0.002 0.022 0.001 0.001 0.001 0.000 
 230   (0.011) 0.005 0.000 0.001 0.000 0.007 0.001 0.001 0.001 0.000 0.008 0.000 0.001 0.009 0.011 0.002 0.004 0.000 0.001 0.001 0.000 
 212   (0.015) 0.003 0.000 0.001 0.001 0.002 0.001 0.003 0.001 0.000 0.012 0.000 0.001 0.014 0.015 0.002 0.004 0.001 0.001 0.001 0.000 

Locus 4 : 
15 alleles
3.6% missing data
 165   (0.105) 0.147 0.983 0.015 0.436 0.027 0.384 0.227 0.007 0.003 0.088 0.023 0.011 0.091 0.105 0.372 0.053 0.006 0.342 0.427 0.002 
 173   (0.037) 0.013 0.001 0.002 0.505 0.006 0.002 0.005 0.002 0.001 0.029 0.903 0.004 0.031 0.037 0.009 0.010 0.001 0.002 0.466 0.000 
 163   (0.178) 0.119 0.003 0.120 0.026 0.375 0.022 0.128 0.300 0.005 0.193 0.007 0.180 0.204 0.178 0.034 0.383 0.096 0.095 0.010 0.002 
 167   (0.165) 0.144 0.002 0.143 0.009 0.045 0.351 0.231 0.152 0.557 0.200 0.036 0.116 0.195 0.165 0.150 0.167 0.094 0.011 0.043 0.001 
 161   (0.302) 0.514 0.008 0.573 0.014 0.316 0.213 0.323 0.484 0.428 0.258 0.018 0.658 0.285 0.302 0.199 0.140 0.789 0.539 0.030 0.983 
 153   (0.014) 0.003 0.000 0.013 0.001 0.002 0.013 0.006 0.001 0.000 0.011 0.001 0.003 0.011 0.014 0.004 0.004 0.001 0.001 0.001 0.000 
 171   (0.046) 0.017 0.001 0.003 0.002 0.044 0.005 0.020 0.003 0.001 0.113 0.007 0.006 0.055 0.046 0.006 0.058 0.002 0.003 0.003 0.000 
 179   (0.011) 0.002 0.000 0.001 0.000 0.001 0.001 0.002 0.001 0.000 0.010 0.000 0.001 0.012 0.011 0.001 0.002 0.001 0.001 0.001 0.000 
 157   (0.029) 0.011 0.000 0.120 0.001 0.056 0.002 0.016 0.002 0.001 0.020 0.001 0.003 0.024 0.029 0.005 0.014 0.005 0.002 0.002 0.000 
 149   (0.012) 0.003 0.000 0.001 0.000 0.013 0.001 0.002 0.001 0.000 0.008 0.000 0.001 0.009 0.012 0.001 0.003 0.000 0.001 0.001 0.000 
 177   (0.025) 0.009 0.000 0.002 0.001 0.006 0.002 0.005 0.002 0.001 0.018 0.001 0.002 0.020 0.025 0.186 0.109 0.001 0.002 0.006 0.000 
 155   (0.018) 0.004 0.000 0.001 0.001 0.002 0.001 0.025 0.001 0.000 0.011 0.001 0.002 0.014 0.018 0.002 0.004 0.001 0.001 0.001 0.000 
 175   (0.013) 0.003 0.000 0.001 0.001 0.026 0.001 0.002 0.001 0.000 0.010 0.000 0.002 0.012 0.013 0.002 0.003 0.001 0.001 0.001 0.000 
 169   (0.023) 0.006 0.000 0.002 0.001 0.078 0.001 0.004 0.001 0.001 0.017 0.001 0.011 0.020 0.023 0.017 0.006 0.001 0.001 0.009 0.000 
 159   (0.023) 0.006 0.000 0.002 0.001 0.002 0.002 0.004 0.043 0.001 0.015 0.001 0.002 0.018 0.023 0.010 0.045 0.001 0.001 0.001 0.010 

Locus 5 : 
16 alleles
0.0% missing data
 148   (0.135) 0.038 0.483 0.117 0.521 0.062 0.011 0.218 0.034 0.004 0.102 0.010 0.023 0.112 0.135 0.364 0.211 0.189 0.162 0.387 0.428 
 160   (0.028) 0.006 0.208 0.003 0.002 0.014 0.002 0.006 0.002 0.037 0.019 0.001 0.054 0.024 0.028 0.003 0.007 0.001 0.002 0.001 0.000 
 146   (0.134) 0.129 0.299 0.020 0.114 0.036 0.147 0.042 0.011 0.014 0.146 0.563 0.113 0.127 0.134 0.313 0.055 0.007 0.229 0.132 0.370 
 154   (0.042) 0.020 0.001 0.008 0.002 0.012 0.003 0.008 0.171 0.002 0.032 0.005 0.005 0.036 0.041 0.007 0.302 0.002 0.179 0.002 0.000 
 150   (0.064) 0.398 0.001 0.099 0.003 0.060 0.009 0.155 0.004 0.002 0.058 0.002 0.009 0.061 0.064 0.019 0.043 0.007 0.005 0.003 0.002 
 138   (0.101) 0.056 0.002 0.015 0.007 0.020 0.208 0.044 0.316 0.159 0.144 0.004 0.018 0.136 0.101 0.071 0.032 0.021 0.088 0.411 0.001 
 166   (0.037) 0.008 0.000 0.030 0.002 0.208 0.002 0.019 0.002 0.343 0.026 0.001 0.141 0.028 0.036 0.038 0.009 0.002 0.002 0.002 0.000 
 164   (0.017) 0.012 0.000 0.001 0.001 0.003 0.001 0.003 0.002 0.065 0.011 0.000 0.002 0.013 0.017 0.002 0.021 0.001 0.001 0.001 0.000 
 142   (0.022) 0.170 0.000 0.001 0.001 0.008 0.001 0.003 0.013 0.001 0.016 0.002 0.006 0.017 0.022 0.004 0.007 0.001 0.001 0.001 0.000 
 144   (0.161) 0.088 0.003 0.071 0.009 0.366 0.316 0.106 0.150 0.039 0.158 0.012 0.406 0.166 0.161 0.061 0.074 0.463 0.311 0.024 0.172 
 140   (0.078) 0.016 0.001 0.195 0.004 0.015 0.048 0.111 0.201 0.330 0.065 0.002 0.009 0.095 0.078 0.070 0.042 0.296 0.004 0.004 0.001 
 158   (0.034) 0.008 0.000 0.005 0.002 0.013 0.014 0.028 0.011 0.001 0.023 0.387 0.194 0.026 0.034 0.006 0.011 0.002 0.002 0.002 0.000 
 162   (0.023) 0.008 0.000 0.002 0.326 0.003 0.002 0.004 0.001 0.001 0.053 0.005 0.006 0.037 0.023 0.004 0.006 0.001 0.001 0.002 0.000 
 152   (0.095) 0.032 0.001 0.432 0.005 0.094 0.234 0.249 0.082 0.003 0.091 0.005 0.010 0.089 0.095 0.028 0.173 0.005 0.012 0.005 0.024 
 134   (0.010) 0.002 0.000 0.001 0.000 0.083 0.001 0.001 0.001 0.000 0.006 0.000 0.001 0.008 0.010 0.001 0.002 0.000 0.000 0.000 0.000 
 156   (0.020) 0.009 0.000 0.001 0.003 0.003 0.001 0.003 0.001 0.001 0.049 0.001 0.003 0.025 0.020 0.008 0.006 0.001 0.001 0.021 0.000 

Locus 6 : 
12 alleles
0.0% missing data
 225   (0.040) 0.017 0.288 0.010 0.002 0.004 0.002 0.007 0.025 0.001 0.029 0.002 0.004 0.033 0.040 0.014 0.052 0.002 0.026 0.003 0.246 
 239   (0.128) 0.111 0.003 0.013 0.012 0.059 0.214 0.060 0.021 0.212 0.144 0.006 0.043 0.137 0.128 0.016 0.064 0.026 0.303 0.110 0.534 
 229   (0.026) 0.005 0.483 0.005 0.487 0.003 0.002 0.004 0.001 0.001 0.016 0.002 0.005 0.020 0.026 0.029 0.006 0.001 0.001 0.225 0.000 
 235   (0.285) 0.496 0.217 0.276 0.467 0.103 0.343 0.336 0.464 0.009 0.240 0.929 0.056 0.269 0.285 0.397 0.166 0.311 0.351 0.394 0.215 
 237   (0.193) 0.092 0.003 0.204 0.009 0.253 0.205 0.168 0.235 0.009 0.307 0.020 0.137 0.249 0.193 0.025 0.163 0.469 0.212 0.011 0.002 
 233   (0.103) 0.126 0.002 0.457 0.006 0.013 0.048 0.353 0.009 0.275 0.076 0.007 0.183 0.089 0.103 0.092 0.047 0.181 0.095 0.201 0.001 
 227   (0.035) 0.068 0.000 0.002 0.001 0.495 0.002 0.005 0.002 0.341 0.028 0.001 0.300 0.030 0.035 0.003 0.008 0.001 0.002 0.002 0.000 
 245   (0.047) 0.014 0.001 0.021 0.002 0.006 0.008 0.040 0.109 0.001 0.043 0.002 0.211 0.050 0.047 0.005 0.014 0.003 0.003 0.002 0.000 
 241   (0.066) 0.027 0.002 0.007 0.011 0.016 0.004 0.012 0.035 0.150 0.055 0.025 0.053 0.059 0.066 0.412 0.213 0.003 0.005 0.049 0.001 
 231   (0.038) 0.033 0.001 0.003 0.002 0.036 0.002 0.008 0.043 0.001 0.035 0.001 0.004 0.032 0.038 0.003 0.254 0.001 0.002 0.002 0.000 
 243   (0.029) 0.008 0.000 0.002 0.001 0.012 0.168 0.006 0.055 0.001 0.021 0.005 0.004 0.025 0.029 0.003 0.009 0.001 0.001 0.001 0.000 
 251   (0.010) 0.002 0.000 0.001 0.000 0.001 0.001 0.001 0.001 0.000 0.006 0.000 0.001 0.008 0.010 0.001 0.002 0.000 0.000 0.000 0.000 

Locus 7 : 
7 alleles
0.0% missing data
 118   (0.875) 0.677 0.992 0.981 0.941 0.944 0.768 0.837 0.993 0.574 0.894 0.965 0.970 0.895 0.875 0.962 0.966 0.826 0.968 0.947 0.994 
 124   (0.041) 0.008 0.001 0.012 0.001 0.019 0.226 0.137 0.002 0.423 0.028 0.001 0.004 0.032 0.041 0.005 0.010 0.159 0.002 0.002 0.000 
 116   (0.010) 0.293 0.000 0.001 0.000 0.002 0.001 0.001 0.001 0.000 0.006 0.000 0.001 0.008 0.010 0.001 0.002 0.000 0.000 0.000 0.000 
 114   (0.038) 0.011 0.006 0.004 0.022 0.016 0.003 0.019 0.002 0.001 0.049 0.022 0.005 0.038 0.038 0.022 0.012 0.013 0.002 0.043 0.003 
 122   (0.010) 0.002 0.000 0.001 0.000 0.015 0.001 0.001 0.001 0.000 0.006 0.000 0.001 0.007 0.010 0.001 0.002 0.000 0.000 0.000 0.000 
 112   (0.016) 0.005 0.001 0.001 0.035 0.003 0.001 0.002 0.001 0.000 0.010 0.011 0.018 0.012 0.016 0.007 0.004 0.001 0.001 0.006 0.000 
 120   (0.011) 0.004 0.000 0.001 0.000 0.001 0.001 0.002 0.001 0.000 0.007 0.000 0.001 0.008 0.011 0.002 0.003 0.000 0.026 0.001 0.002 

Locus 8 : 
5 alleles
0.5% missing data
 135   (0.051) 0.012 0.001 0.005 0.002 0.005 0.347 0.246 0.012 0.001 0.102 0.009 0.005 0.056 0.051 0.006 0.049 0.004 0.012 0.018 0.001 
 139   (0.720) 0.675 0.994 0.952 0.752 0.700 0.429 0.621 0.636 0.951 0.681 0.950 0.833 0.734 0.720 0.901 0.724 0.975 0.958 0.884 0.991 
 137   (0.178) 0.302 0.003 0.039 0.244 0.290 0.221 0.126 0.271 0.046 0.182 0.036 0.158 0.169 0.178 0.087 0.083 0.020 0.027 0.095 0.008 
 143   (0.032) 0.007 0.000 0.002 0.001 0.003 0.002 0.005 0.063 0.001 0.021 0.001 0.003 0.025 0.032 0.004 0.063 0.001 0.002 0.002 0.000 
 141   (0.019) 0.004 0.000 0.001 0.001 0.002 0.001 0.003 0.018 0.000 0.014 0.005 0.002 0.015 0.019 0.002 0.081 0.001 0.001 0.001 0.000 

Locus 9 : 
15 alleles
1.6% missing data
 116   (0.264) 0.142 0.529 0.558 0.016 0.069 0.748 0.628 0.347 0.008 0.304 0.022 0.061 0.275 0.264 0.462 0.501 0.174 0.160 0.540 0.170 
 112   (0.079) 0.022 0.206 0.021 0.004 0.028 0.005 0.020 0.180 0.002 0.079 0.003 0.034 0.074 0.079 0.021 0.061 0.081 0.377 0.004 0.001 
 118   (0.107) 0.031 0.257 0.020 0.908 0.089 0.007 0.019 0.150 0.078 0.108 0.919 0.020 0.107 0.107 0.427 0.086 0.022 0.007 0.408 0.001 
 122   (0.079) 0.090 0.001 0.008 0.003 0.398 0.005 0.011 0.006 0.469 0.075 0.002 0.314 0.075 0.079 0.009 0.028 0.003 0.366 0.004 0.614 
 114   (0.208) 0.068 0.004 0.363 0.057 0.251 0.061 0.280 0.250 0.006 0.223 0.041 0.249 0.244 0.208 0.048 0.212 0.304 0.050 0.018 0.142 
 120   (0.058) 0.064 0.001 0.004 0.002 0.044 0.025 0.009 0.020 0.206 0.042 0.005 0.013 0.049 0.058 0.006 0.018 0.251 0.008 0.003 0.000 
 130   (0.038) 0.007 0.001 0.003 0.001 0.009 0.141 0.007 0.002 0.127 0.028 0.001 0.169 0.031 0.038 0.004 0.009 0.145 0.002 0.002 0.000 
 124   (0.050) 0.260 0.001 0.004 0.003 0.026 0.003 0.007 0.038 0.001 0.037 0.003 0.025 0.042 0.050 0.005 0.015 0.002 0.023 0.003 0.071 
 110   (0.011) 0.002 0.000 0.001 0.000 0.001 0.001 0.002 0.001 0.000 0.020 0.000 0.001 0.012 0.011 0.001 0.003 0.000 0.001 0.001 0.000 
 134   (0.011) 0.003 0.000 0.001 0.000 0.001 0.001 0.002 0.001 0.000 0.007 0.000 0.001 0.008 0.011 0.001 0.019 0.000 0.000 0.000 0.000 
 128   (0.026) 0.006 0.000 0.010 0.001 0.036 0.002 0.004 0.001 0.100 0.018 0.001 0.023 0.022 0.026 0.003 0.007 0.009 0.001 0.001 0.000 
 126   (0.032) 0.293 0.000 0.005 0.002 0.040 0.002 0.006 0.002 0.001 0.029 0.001 0.085 0.026 0.032 0.006 0.029 0.006 0.002 0.002 0.000 
 108   (0.015) 0.003 0.000 0.001 0.001 0.002 0.001 0.002 0.001 0.000 0.013 0.000 0.001 0.016 0.015 0.001 0.003 0.001 0.001 0.001 0.000 
 106   (0.011) 0.006 0.000 0.001 0.000 0.004 0.001 0.001 0.001 0.000 0.008 0.000 0.001 0.009 0.011 0.001 0.004 0.000 0.001 0.001 0.000 
 138   (0.012) 0.002 0.000 0.001 0.001 0.001 0.001 0.002 0.001 0.000 0.009 0.000 0.001 0.010 0.012 0.006 0.003 0.001 0.001 0.012 0.000 

Locus 10 : 
8 alleles
0.0% missing data
 232   (0.791) 0.873 0.997 0.936 0.991 0.515 0.784 0.964 0.856 0.994 0.819 0.974 0.487 0.815 0.791 0.921 0.842 0.985 0.989 0.937 0.998 
 238   (0.116) 0.102 0.002 0.058 0.005 0.384 0.013 0.022 0.139 0.003 0.113 0.013 0.505 0.108 0.116 0.019 0.130 0.011 0.006 0.006 0.001 
 220   (0.012) 0.002 0.000 0.001 0.000 0.001 0.152 0.001 0.001 0.000 0.007 0.000 0.001 0.009 0.012 0.001 0.002 0.000 0.001 0.001 0.000 
 226   (0.012) 0.003 0.000 0.001 0.001 0.001 0.001 0.002 0.001 0.000 0.008 0.010 0.001 0.009 0.012 0.001 0.003 0.000 0.001 0.035 0.000 
 234   (0.021) 0.004 0.000 0.001 0.001 0.002 0.047 0.005 0.001 0.001 0.017 0.001 0.002 0.021 0.021 0.002 0.005 0.001 0.001 0.001 0.000 
 240   (0.011) 0.002 0.000 0.001 0.000 0.032 0.001 0.002 0.001 0.000 0.007 0.000 0.001 0.009 0.011 0.001 0.003 0.000 0.001 0.001 0.000 
 236   (0.019) 0.009 0.000 0.002 0.001 0.012 0.001 0.003 0.001 0.000 0.018 0.001 0.002 0.017 0.019 0.012 0.012 0.001 0.002 0.001 0.000 
 244   (0.018) 0.003 0.000 0.001 0.001 0.052 0.001 0.002 0.001 0.000 0.011 0.001 0.002 0.013 0.018 0.042 0.004 0.001 0.001 0.020 0.000 

Locus 11 : 
8 alleles
0.0% missing data
 165   (0.732) 0.504 0.794 0.925 0.902 0.815 0.796 0.930 0.942 0.958 0.712 0.956 0.863 0.741 0.732 0.866 0.633 0.674 0.711 0.953 0.802 
 167   (0.106) 0.419 0.203 0.013 0.091 0.056 0.006 0.017 0.030 0.003 0.075 0.005 0.011 0.083 0.106 0.113 0.292 0.005 0.279 0.039 0.197 
 161   (0.106) 0.063 0.002 0.057 0.005 0.123 0.194 0.044 0.006 0.038 0.172 0.037 0.122 0.130 0.106 0.013 0.058 0.319 0.006 0.005 0.001 
 153   (0.010) 0.003 0.001 0.001 0.000 0.001 0.001 0.003 0.001 0.000 0.008 0.000 0.001 0.009 0.010 0.001 0.003 0.000 0.002 0.001 0.000 
 169   (0.012) 0.004 0.000 0.001 0.000 0.001 0.001 0.002 0.001 0.000 0.008 0.000 0.001 0.010 0.012 0.004 0.006 0.000 0.001 0.001 0.000 
 155   (0.010) 0.002 0.000 0.001 0.000 0.001 0.001 0.001 0.001 0.000 0.006 0.000 0.001 0.007 0.010 0.001 0.002 0.000 0.000 0.000 0.000 
 173   (0.012) 0.002 0.000 0.001 0.000 0.001 0.001 0.002 0.001 0.000 0.009 0.000 0.001 0.011 0.012 0.001 0.003 0.000 0.001 0.001 0.000 
 163   (0.012) 0.004 0.000 0.001 0.001 0.001 0.001 0.002 0.019 0.000 0.008 0.001 0.001 0.010 0.012 0.001 0.003 0.000 0.001 0.001 0.000 

Locus 12 : 
9 alleles
0.0% missing data
 137   (0.518) 0.756 0.180 0.409 0.482 0.402 0.079 0.431 0.847 0.881 0.549 0.107 0.593 0.544 0.519 0.659 0.719 0.347 0.404 0.339 0.443 
 140   (0.180) 0.083 0.325 0.541 0.352 0.074 0.519 0.377 0.067 0.070 0.149 0.008 0.020 0.181 0.179 0.270 0.112 0.298 0.075 0.586 0.002 
 134   (0.230) 0.145 0.494 0.034 0.163 0.454 0.398 0.178 0.050 0.048 0.238 0.877 0.378 0.216 0.230 0.064 0.150 0.352 0.517 0.071 0.555 
 149   (0.011) 0.003 0.000 0.001 0.000 0.001 0.001 0.001 0.001 0.000 0.008 0.001 0.001 0.009 0.011 0.001 0.002 0.000 0.000 0.001 0.000 
 131   (0.011) 0.002 0.000 0.001 0.000 0.001 0.001 0.005 0.001 0.000 0.016 0.006 0.001 0.009 0.011 0.001 0.004 0.000 0.001 0.001 0.000 
 143   (0.017) 0.004 0.000 0.001 0.001 0.055 0.001 0.002 0.001 0.000 0.017 0.000 0.003 0.013 0.016 0.001 0.004 0.001 0.001 0.001 0.000 
 128   (0.009) 0.002 0.000 0.001 0.000 0.010 0.001 0.001 0.001 0.000 0.007 0.000 0.001 0.008 0.009 0.001 0.002 0.000 0.000 0.001 0.000 
 125   (0.015) 0.004 0.000 0.013 0.001 0.002 0.001 0.003 0.033 0.000 0.010 0.000 0.001 0.011 0.015 0.002 0.004 0.001 0.001 0.001 0.000 
 146   (0.009) 0.002 0.000 0.001 0.000 0.001 0.001 0.002 0.001 0.000 0.007 0.000 0.001 0.008 0.009 0.001 0.002 0.000 0.000 0.000 0.000 

Locus 13 : 
20 alleles
0.2% missing data
 206   (0.144) 0.133 0.576 0.199 0.263 0.019 0.009 0.037 0.178 0.263 0.120 0.026 0.057 0.124 0.144 0.377 0.352 0.229 0.029 0.450 0.005 
 210   (0.111) 0.031 0.242 0.205 0.430 0.017 0.192 0.091 0.024 0.003 0.096 0.066 0.017 0.108 0.111 0.234 0.040 0.071 0.057 0.343 0.466 
 190   (0.062) 0.017 0.001 0.030 0.002 0.016 0.009 0.228 0.146 0.003 0.076 0.003 0.006 0.074 0.062 0.007 0.074 0.006 0.008 0.003 0.001 
 202   (0.101) 0.261 0.002 0.017 0.239 0.094 0.025 0.233 0.013 0.438 0.161 0.038 0.488 0.110 0.101 0.030 0.114 0.004 0.006 0.013 0.001 
 214   (0.040) 0.012 0.001 0.072 0.002 0.011 0.002 0.013 0.003 0.001 0.044 0.001 0.004 0.059 0.040 0.005 0.013 0.013 0.107 0.002 0.191 
 212   (0.021) 0.005 0.000 0.002 0.001 0.002 0.003 0.005 0.325 0.001 0.013 0.001 0.002 0.017 0.021 0.002 0.006 0.001 0.001 0.001 0.192 
 192   (0.092) 0.050 0.002 0.161 0.006 0.016 0.411 0.092 0.025 0.271 0.092 0.023 0.131 0.113 0.092 0.256 0.029 0.265 0.005 0.005 0.001 
 204   (0.041) 0.010 0.001 0.070 0.004 0.104 0.003 0.016 0.033 0.005 0.029 0.002 0.008 0.034 0.041 0.008 0.035 0.008 0.033 0.002 0.001 
 184   (0.045) 0.010 0.001 0.005 0.003 0.005 0.225 0.047 0.108 0.001 0.030 0.805 0.004 0.035 0.045 0.009 0.015 0.003 0.003 0.002 0.001 
 216   (0.023) 0.006 0.000 0.009 0.001 0.002 0.077 0.026 0.001 0.001 0.016 0.001 0.002 0.018 0.023 0.006 0.007 0.290 0.002 0.001 0.001 
 208   (0.045) 0.011 0.001 0.193 0.002 0.005 0.019 0.052 0.061 0.001 0.032 0.001 0.006 0.038 0.045 0.008 0.049 0.097 0.002 0.002 0.024 
 200   (0.078) 0.086 0.172 0.017 0.037 0.359 0.009 0.062 0.046 0.006 0.066 0.006 0.160 0.069 0.078 0.034 0.030 0.004 0.007 0.030 0.001 
 198   (0.035) 0.091 0.000 0.003 0.001 0.028 0.002 0.013 0.003 0.001 0.046 0.001 0.004 0.033 0.035 0.006 0.154 0.002 0.003 0.002 0.000 
 194   (0.058) 0.231 0.001 0.010 0.003 0.262 0.003 0.009 0.005 0.002 0.073 0.002 0.097 0.067 0.058 0.007 0.016 0.003 0.724 0.139 0.001 
 186   (0.019) 0.006 0.000 0.001 0.001 0.012 0.001 0.003 0.001 0.000 0.015 0.001 0.003 0.015 0.019 0.002 0.005 0.001 0.008 0.001 0.115 
 188   (0.019) 0.019 0.000 0.002 0.001 0.033 0.001 0.004 0.001 0.001 0.017 0.001 0.002 0.019 0.019 0.002 0.005 0.001 0.001 0.001 0.000 
 196   (0.031) 0.010 0.000 0.002 0.003 0.013 0.002 0.005 0.026 0.001 0.038 0.021 0.005 0.029 0.031 0.003 0.048 0.001 0.002 0.002 0.000 
 220   (0.009) 0.002 0.000 0.001 0.000 0.001 0.000 0.001 0.001 0.000 0.011 0.000 0.002 0.009 0.009 0.001 0.002 0.000 0.000 0.000 0.000 
 180   (0.013) 0.003 0.000 0.001 0.000 0.001 0.001 0.002 0.001 0.000 0.011 0.000 0.001 0.015 0.013 0.001 0.003 0.000 0.001 0.001 0.000 
 182   (0.015) 0.005 0.000 0.002 0.001 0.001 0.004 0.062 0.001 0.000 0.013 0.000 0.001 0.014 0.015 0.002 0.003 0.001 0.001 0.001 0.000 

Locus 14 : 
8 alleles
1.6% missing data
 139   (0.086) 0.045 0.278 0.040 0.443 0.010 0.013 0.085 0.005 0.026 0.060 0.008 0.152 0.070 0.086 0.260 0.031 0.209 0.148 0.007 0.127 
 145   (0.065) 0.018 0.003 0.006 0.088 0.016 0.005 0.150 0.172 0.002 0.053 0.745 0.007 0.059 0.065 0.025 0.064 0.008 0.004 0.033 0.002 
 151   (0.325) 0.205 0.711 0.613 0.443 0.302 0.069 0.179 0.412 0.369 0.266 0.129 0.639 0.292 0.325 0.460 0.329 0.181 0.556 0.689 0.441 
 157   (0.316) 0.388 0.005 0.316 0.017 0.274 0.896 0.538 0.256 0.596 0.352 0.041 0.100 0.359 0.316 0.209 0.439 0.538 0.081 0.257 0.143 
 154   (0.095) 0.137 0.001 0.016 0.004 0.041 0.010 0.030 0.132 0.002 0.077 0.007 0.014 0.085 0.096 0.030 0.103 0.058 0.206 0.005 0.285 
 163   (0.047) 0.110 0.001 0.004 0.003 0.059 0.004 0.008 0.003 0.003 0.117 0.060 0.009 0.070 0.047 0.010 0.016 0.003 0.002 0.007 0.000 
 142   (0.030) 0.087 0.000 0.002 0.001 0.010 0.002 0.005 0.018 0.001 0.048 0.008 0.004 0.035 0.030 0.003 0.009 0.001 0.001 0.001 0.000 
 160   (0.036) 0.009 0.000 0.002 0.001 0.287 0.002 0.005 0.002 0.001 0.027 0.002 0.076 0.030 0.036 0.003 0.009 0.002 0.002 0.002 0.000 

Locus 15 : 
14 alleles
1.1% missing data
 256   (0.165) 0.173 0.004 0.265 0.182 0.083 0.016 0.056 0.123 0.233 0.133 0.415 0.097 0.144 0.165 0.073 0.086 0.232 0.078 0.173 0.181 
 262   (0.031) 0.143 0.671 0.002 0.252 0.003 0.002 0.004 0.002 0.001 0.020 0.002 0.003 0.024 0.031 0.041 0.008 0.001 0.002 0.450 0.000 
 246   (0.116) 0.180 0.084 0.082 0.114 0.149 0.051 0.094 0.016 0.003 0.100 0.009 0.120 0.132 0.116 0.159 0.052 0.109 0.007 0.076 0.001 
 258   (0.146) 0.127 0.002 0.179 0.006 0.049 0.440 0.402 0.245 0.467 0.121 0.005 0.307 0.133 0.146 0.022 0.435 0.262 0.009 0.144 0.001 
 254   (0.099) 0.046 0.002 0.157 0.004 0.089 0.006 0.052 0.051 0.284 0.099 0.003 0.010 0.105 0.099 0.019 0.083 0.010 0.312 0.012 0.133 
 250   (0.036) 0.025 0.000 0.002 0.001 0.004 0.002 0.006 0.021 0.001 0.034 0.001 0.004 0.031 0.036 0.004 0.049 0.001 0.133 0.002 0.674 
 242   (0.097) 0.035 0.228 0.008 0.407 0.164 0.007 0.026 0.153 0.002 0.137 0.010 0.016 0.129 0.097 0.014 0.066 0.005 0.308 0.124 0.006 
 252   (0.076) 0.046 0.002 0.025 0.024 0.091 0.237 0.022 0.016 0.002 0.127 0.539 0.011 0.079 0.076 0.568 0.076 0.008 0.034 0.007 0.001 
 248   (0.133) 0.199 0.002 0.041 0.005 0.298 0.214 0.061 0.316 0.004 0.152 0.013 0.422 0.135 0.133 0.050 0.067 0.366 0.112 0.007 0.001 
 260   (0.049) 0.013 0.004 0.236 0.003 0.063 0.022 0.266 0.006 0.001 0.035 0.001 0.005 0.045 0.049 0.041 0.015 0.003 0.002 0.003 0.000 
 264   (0.010) 0.002 0.000 0.001 0.000 0.001 0.001 0.001 0.001 0.000 0.007 0.000 0.001 0.007 0.010 0.001 0.030 0.000 0.000 0.001 0.000 
 244   (0.022) 0.007 0.000 0.002 0.001 0.003 0.001 0.007 0.049 0.001 0.019 0.001 0.002 0.018 0.022 0.006 0.023 0.001 0.001 0.002 0.000 
 276   (0.010) 0.002 0.000 0.001 0.000 0.001 0.001 0.001 0.001 0.000 0.007 0.000 0.001 0.008 0.011 0.001 0.003 0.000 0.000 0.000 0.000 
 240   (0.010) 0.003 0.000 0.001 0.000 0.002 0.001 0.002 0.001 0.001 0.009 0.000 0.001 0.009 0.010 0.001 0.005 0.000 0.000 0.001 0.000 

Values of parameters used in structure:
DATAFILE=C:\Users\eschumacher\Documents\GitHub\GCC_QUAC_ZAIN\Data_Files\Structure_Files\QUAC\QUAC_woK_nopopinfo_garden_wild\QUAC_woK_nopopinfo_garden_wild\project_data,	OUTFILE=C:\Users\eschumacher\Documents\GitHub\GCC_QUAC_ZAIN\Data_Files\Structure_Files\QUAC\QUAC_woK_nopopinfo_garden_wild\QUAC_woK_nopopinfo_garden_wild\50-50\Results\50-50_run_100,	NUMINDS=441,	NUMLOCI=15,	MISSING=-9,	LABEL=1,	POPDATA=0,	POPFLAG=0,	PHENOTYPE=0,	EXTRACOLS=0,	MAXPOPS=20,	BURNIN=50000,	NUMREPS=50000,	USEPOPINFO=0,	INFERALPHA=1,	INFERLAMBDA=0,	POPSPECIFICLAMBDA=0,	POPALPHAS=0,	COMPUTEPROB=1,	NOADMIX=0,	ADMBURNIN=2500,	UPDATEFREQ=1,	PRINTLIKES=0,	INTERMEDSAVE=0,	PRINTKLD=0,	PRINTNET=0,	PRINTLAMBDA=0,	ANCESTDIST=0,	NUMBOXES=1000,	ANCESTPINT=0.90000,	GENSBACK=2,	MIGRPRIOR=0.05000,	PRINTQHAT=0,	PRINTQSUM=0,	ALPHA=1.0000,	FREQSCORR=1,	FPRIORMEAN=0.0100,	FPRIORSD=0.0500,	ONEFST=0,	LAMBDA=1.0000,	UNIFPRIORALPHA=1,	ALPHAMAX=10.0000,	ALPHAPRIORA=1.0000,	ALPHAPRIORB=2.0000,	ALPHAPROPSD=0.0250,	STARTATPOPINFO=0,	RANDOMIZE=1,	LINKAGE=0,	METROFREQ=10,	REPORTHITRATE=0,	MARKOVPHASE=-1,	PHASED=0,	PLOIDY=2,	PHASEINFO=0	LOCPRIOR=0, 	LOCPRIORINIT=1.000000, 	LOCDATA=0, 	LOCISPOP=0, 	LOCPRIORSTEP=0.100000, 	MAXLOCPRIOR=20.000000, 	SEED=1670381518,	
[STRAT parameters]:    NUMSIMSTATS=1000,	PHENOTYPECOL=-9,	POOLFREQ=10,	LOCUSxONLY=0,	EMERROR=0.00100,	MISSINGPHENO=-9,	