

----------------------------------------------------
STRUCTURE by Pritchard, Stephens and Donnelly (2000)
     and Falush, Stephens and Pritchard (2003)
       Code by Pritchard, Falush and Hubisz
             Version 2.3.4 (Jul 2012)
----------------------------------------------------



Command line arguments:   bin\structure -m C:\Users\eschumacher\Documents\GitHub\GCC_QUAC_ZAIN\Data_Files\Structure_Files\QUAC\QUAC_woK_nopopinfo_garden_wild\QUAC_woK_nopopinfo_garden_wild\50-50\mainparams -e C:\Users\eschumacher\Documents\GitHub\GCC_QUAC_ZAIN\Data_Files\Structure_Files\QUAC\QUAC_woK_nopopinfo_garden_wild\QUAC_woK_nopopinfo_garden_wild\50-50\extraparams 
Input File:    C:\Users\eschumacher\Documents\GitHub\GCC_QUAC_ZAIN\Data_Files\Structure_Files\QUAC\QUAC_woK_nopopinfo_garden_wild\QUAC_woK_nopopinfo_garden_wild\project_data

Run parameters:
   441 individuals
   15 loci
   20 populations assumed
   50000 Burn-in period
   50000 Reps


--------------------------------------------
Overall proportion of membership of the
sample in each of the 20 clusters

Inferred Clusters
  1      2      3      4      5      6      7      8      9     10     11     12     13     14     15     16     17     18     19     20    
0.060  0.025  0.024  0.050  0.034  0.054  0.033  0.028  0.068  0.119  0.022  0.074  0.038  0.099  0.020  0.063  0.044  0.053  0.026  0.065  

--------------------------------------------

Allele-freq. divergence among pops (Net nucleotide distance),
computed using point estimates of P.

      1       2       3       4       5       6       7       8       9      10      11      12      13      14      15      16      17      18      19      20      
 1      -    0.0846  0.1337  0.0952  0.1444  0.1453  0.1163  0.1051  0.1450  0.1690  0.0953  0.0782  0.1592  0.1195  0.0878  0.1626  0.1688  0.1136  0.0824  0.1761  
 2   0.0846     -    0.0492  0.1206  0.0581  0.0855  0.0391  0.0347  0.0420  0.0993  0.0126  0.1279  0.0593  0.0382  0.0985  0.0585  0.0821  0.0360  0.0050  0.0886  
 3   0.1337  0.0492     -    0.1612  0.0904  0.1066  0.0895  0.0655  0.0920  0.1425  0.0468  0.1704  0.0886  0.0757  0.1441  0.0947  0.1401  0.1076  0.0422  0.1152  
 4   0.0952  0.1206  0.1612     -    0.1697  0.1706  0.1639  0.1543  0.1838  0.1870  0.1198  0.1534  0.1769  0.1465  0.1320  0.1720  0.2109  0.1872  0.1122  0.2133  
 5   0.1444  0.0581  0.0904  0.1697     -    0.1021  0.0949  0.0824  0.0994  0.0643  0.0686  0.1782  0.1158  0.0875  0.1370  0.1200  0.1420  0.1056  0.0580  0.1517  
 6   0.1453  0.0855  0.1066  0.1706  0.1021     -    0.1412  0.1110  0.1243  0.1148  0.0852  0.1530  0.1190  0.1041  0.1716  0.1146  0.1877  0.1338  0.0776  0.1621  
 7   0.1163  0.0391  0.0895  0.1639  0.0949  0.1412     -    0.0511  0.0814  0.1553  0.0447  0.1560  0.1122  0.0770  0.1386  0.1137  0.0476  0.0579  0.0398  0.1230  
 8   0.1051  0.0347  0.0655  0.1543  0.0824  0.1110  0.0511     -    0.0816  0.1410  0.0285  0.1418  0.0911  0.0462  0.1065  0.0865  0.1045  0.0721  0.0248  0.1030  
 9   0.1450  0.0420  0.0920  0.1838  0.0994  0.1243  0.0814  0.0816     -    0.1277  0.0557  0.1855  0.0902  0.0892  0.1550  0.0982  0.0987  0.0774  0.0462  0.1206  
10   0.1690  0.0993  0.1425  0.1870  0.0643  0.1148  0.1553  0.1410  0.1277     -    0.1147  0.1996  0.1282  0.1457  0.1641  0.1577  0.1972  0.1441  0.1033  0.1811  
11   0.0953  0.0126  0.0468  0.1198  0.0686  0.0852  0.0447  0.0285  0.0557  0.1147     -    0.1334  0.0604  0.0383  0.1052  0.0509  0.0838  0.0588  0.0044  0.0856  
12   0.0782  0.1279  0.1704  0.1534  0.1782  0.1530  0.1560  0.1418  0.1855  0.1996  0.1334     -    0.1956  0.1725  0.1537  0.1833  0.2080  0.1625  0.1205  0.2322  
13   0.1592  0.0593  0.0886  0.1769  0.1158  0.1190  0.1122  0.0911  0.0902  0.1282  0.0604  0.1956     -    0.0860  0.1596  0.0484  0.1623  0.1055  0.0572  0.1138  
14   0.1195  0.0382  0.0757  0.1465  0.0875  0.1041  0.0770  0.0462  0.0892  0.1457  0.0383  0.1725  0.0860     -    0.1302  0.0914  0.1349  0.0844  0.0347  0.1134  
15   0.0878  0.0985  0.1441  0.1320  0.1370  0.1716  0.1386  0.1065  0.1550  0.1641  0.1052  0.1537  0.1596  0.1302     -    0.1804  0.1935  0.1519  0.0966  0.1802  
16   0.1626  0.0585  0.0947  0.1720  0.1200  0.1146  0.1137  0.0865  0.0982  0.1577  0.0509  0.1833  0.0484  0.0914  0.1804     -    0.1501  0.1140  0.0490  0.1315  
17   0.1688  0.0821  0.1401  0.2109  0.1420  0.1877  0.0476  0.1045  0.0987  0.1972  0.0838  0.2080  0.1623  0.1349  0.1935  0.1501     -    0.1167  0.0802  0.1767  
18   0.1136  0.0360  0.1076  0.1872  0.1056  0.1338  0.0579  0.0721  0.0774  0.1441  0.0588  0.1625  0.1055  0.0844  0.1519  0.1140  0.1167     -    0.0464  0.1297  
19   0.0824  0.0050  0.0422  0.1122  0.0580  0.0776  0.0398  0.0248  0.0462  0.1033  0.0044  0.1205  0.0572  0.0347  0.0966  0.0490  0.0802  0.0464     -    0.0838  
20   0.1761  0.0886  0.1152  0.2133  0.1517  0.1621  0.1230  0.1030  0.1206  0.1811  0.0856  0.2322  0.1138  0.1134  0.1802  0.1315  0.1767  0.1297  0.0838     -    

Average distances (expected heterozygosity) between individuals in same cluster:
cluster  1  : 0.4600 
cluster  2  : 0.6408 
cluster  3  : 0.6118 
cluster  4  : 0.4264 
cluster  5  : 0.5135 
cluster  6  : 0.4802 
cluster  7  : 0.5391 
cluster  8  : 0.6046 
cluster  9  : 0.4962 
cluster 10  : 0.3809 
cluster 11  : 0.6544 
cluster 12  : 0.3877 
cluster 13  : 0.5331 
cluster 14  : 0.5389 
cluster 15  : 0.4118 
cluster 16  : 0.5922 
cluster 17  : 0.5010 
cluster 18  : 0.4984 
cluster 19  : 0.6662 
cluster 20  : 0.4530 

--------------------------------------------
Estimated Ln Prob of Data   = -15730.1
Mean value of ln likelihood = -14034.3
Variance of ln likelihood   = 3391.6
Mean value of alpha         = 0.0331

Mean value of Fst_1         = 0.3163
Mean value of Fst_2         = 0.1063
Mean value of Fst_3         = 0.1885
Mean value of Fst_4         = 0.4187
Mean value of Fst_5         = 0.3615
Mean value of Fst_6         = 0.3195
Mean value of Fst_7         = 0.2161
Mean value of Fst_8         = 0.1424
Mean value of Fst_9         = 0.3011
Mean value of Fst_10         = 0.5188
Mean value of Fst_11         = 0.1180
Mean value of Fst_12         = 0.5552
Mean value of Fst_13         = 0.2540
Mean value of Fst_14         = 0.1695
Mean value of Fst_15         = 0.4497
Mean value of Fst_16         = 0.1460
Mean value of Fst_17         = 0.3294
Mean value of Fst_18         = 0.2486
Mean value of Fst_19         = 0.0255
Mean value of Fst_20         = 0.4277


Inferred ancestry of individuals:
        Label (%Miss) :  Inferred clusters
  1 QAc-G-0029    (0)   :  0.057 0.018 0.006 0.025 0.022 0.005 0.085 0.012 0.007 0.025 0.021 0.628 0.003 0.011 0.013 0.004 0.025 0.006 0.023 0.006 
  2 QAc-G-0030    (0)   :  0.004 0.002 0.002 0.002 0.002 0.002 0.002 0.002 0.002 0.002 0.002 0.955 0.002 0.002 0.002 0.002 0.002 0.002 0.002 0.002 
  3 QAc-G-0031    (0)   :  0.006 0.003 0.003 0.004 0.004 0.004 0.002 0.003 0.003 0.003 0.002 0.942 0.002 0.003 0.005 0.002 0.002 0.003 0.003 0.002 
  4 QAc-G-0061    (0)   :  0.903 0.003 0.002 0.006 0.002 0.002 0.004 0.003 0.003 0.003 0.003 0.041 0.002 0.003 0.006 0.002 0.003 0.003 0.003 0.003 
  5 QAc-G-0062    (0)   :  0.003 0.016 0.012 0.014 0.022 0.245 0.025 0.154 0.004 0.021 0.033 0.006 0.006 0.039 0.006 0.005 0.003 0.003 0.022 0.363 
  6 QAc-G-0063    (0)   :  0.003 0.015 0.012 0.004 0.592 0.035 0.073 0.021 0.012 0.137 0.018 0.005 0.007 0.007 0.007 0.007 0.010 0.013 0.016 0.006 
  7 QAc-G-0064    (0)   :  0.003 0.003 0.003 0.004 0.004 0.007 0.003 0.003 0.006 0.006 0.006 0.003 0.005 0.004 0.002 0.003 0.005 0.003 0.004 0.924 
  8 QAc-G-0065    (0)   :  0.002 0.003 0.002 0.002 0.003 0.002 0.003 0.003 0.003 0.002 0.003 0.009 0.008 0.002 0.003 0.002 0.002 0.003 0.004 0.937 
  9 QAc-G-0066    (0)   :  0.005 0.003 0.003 0.003 0.109 0.004 0.003 0.003 0.003 0.834 0.003 0.004 0.002 0.003 0.005 0.002 0.004 0.004 0.003 0.002 
 10 QAc-G-0067    (0)   :  0.007 0.003 0.003 0.010 0.003 0.002 0.002 0.003 0.003 0.003 0.003 0.006 0.003 0.004 0.006 0.003 0.002 0.003 0.003 0.926 
 11 QAc-G-0068    (0)   :  0.003 0.017 0.387 0.004 0.138 0.004 0.003 0.003 0.003 0.399 0.004 0.002 0.003 0.006 0.003 0.003 0.003 0.003 0.006 0.006 
 12 QAc-G-0070    (0)   :  0.003 0.011 0.005 0.006 0.683 0.018 0.009 0.021 0.005 0.099 0.011 0.003 0.003 0.091 0.005 0.005 0.004 0.006 0.008 0.005 
 13 QAc-G-0071   (13)   :  0.007 0.006 0.004 0.017 0.088 0.054 0.003 0.004 0.006 0.754 0.005 0.015 0.004 0.006 0.006 0.008 0.004 0.003 0.006 0.002 
 14 QAc-G-0072    (0)   :  0.004 0.003 0.004 0.002 0.039 0.003 0.004 0.004 0.004 0.897 0.004 0.003 0.003 0.004 0.006 0.002 0.004 0.004 0.003 0.003 
 15 QAc-G-0073    (0)   :  0.004 0.022 0.004 0.006 0.006 0.004 0.046 0.004 0.082 0.007 0.006 0.005 0.006 0.004 0.022 0.004 0.748 0.009 0.008 0.003 
 16 QAc-G-0074    (0)   :  0.003 0.040 0.004 0.004 0.192 0.020 0.024 0.021 0.514 0.056 0.013 0.004 0.012 0.016 0.006 0.006 0.007 0.033 0.021 0.004 
 17 QAc-G-0075    (0)   :  0.009 0.045 0.006 0.004 0.021 0.008 0.021 0.015 0.662 0.015 0.021 0.034 0.005 0.005 0.004 0.008 0.008 0.050 0.051 0.009 
 18 QAc-G-0076    (0)   :  0.007 0.059 0.005 0.010 0.010 0.004 0.106 0.009 0.015 0.015 0.047 0.008 0.090 0.012 0.004 0.003 0.418 0.101 0.071 0.006 
 19 QAc-G-0077    (0)   :  0.872 0.006 0.003 0.010 0.004 0.004 0.006 0.003 0.002 0.006 0.005 0.035 0.004 0.004 0.010 0.005 0.003 0.005 0.005 0.008 
 20 QAc-G-0078    (0)   :  0.004 0.002 0.002 0.002 0.002 0.002 0.002 0.002 0.002 0.003 0.002 0.958 0.002 0.002 0.002 0.002 0.002 0.002 0.002 0.002 
 21 QAc-G-0079    (0)   :  0.004 0.002 0.002 0.003 0.003 0.003 0.003 0.002 0.003 0.003 0.002 0.950 0.003 0.002 0.003 0.003 0.003 0.003 0.003 0.002 
 22 QAc-G-0080    (0)   :  0.005 0.040 0.009 0.604 0.004 0.009 0.007 0.009 0.051 0.004 0.072 0.003 0.007 0.003 0.068 0.006 0.012 0.005 0.052 0.028 
 23 QAc-G-0081    (0)   :  0.005 0.029 0.006 0.003 0.022 0.065 0.293 0.295 0.003 0.003 0.121 0.006 0.004 0.080 0.003 0.011 0.010 0.008 0.030 0.003 
 24 QAc-G-0082    (0)   :  0.002 0.109 0.026 0.008 0.066 0.007 0.052 0.023 0.003 0.002 0.311 0.002 0.003 0.018 0.007 0.016 0.065 0.006 0.271 0.002 
 25 QAc-G-0083    (0)   :  0.011 0.049 0.004 0.009 0.015 0.654 0.021 0.006 0.007 0.014 0.012 0.007 0.005 0.008 0.005 0.005 0.020 0.122 0.014 0.012 
 26 QAc-G-0001   (13)   :  0.006 0.002 0.002 0.005 0.003 0.003 0.002 0.002 0.002 0.003 0.002 0.945 0.003 0.003 0.004 0.003 0.002 0.003 0.002 0.002 
 27 QAc-G-0002    (0)   :  0.005 0.002 0.002 0.004 0.002 0.002 0.002 0.002 0.002 0.003 0.002 0.953 0.002 0.002 0.003 0.002 0.002 0.002 0.002 0.002 
 28 QAc-G-0285    (0)   :  0.005 0.005 0.005 0.004 0.032 0.864 0.005 0.004 0.003 0.018 0.006 0.006 0.006 0.006 0.005 0.008 0.006 0.004 0.005 0.003 
 29 QAc-G-0286    (0)   :  0.003 0.003 0.003 0.002 0.113 0.005 0.002 0.003 0.003 0.835 0.002 0.003 0.003 0.003 0.004 0.003 0.002 0.003 0.003 0.002 
 30 QAc-G-0287    (0)   :  0.003 0.003 0.002 0.002 0.005 0.003 0.002 0.002 0.003 0.951 0.002 0.003 0.003 0.003 0.004 0.002 0.002 0.002 0.002 0.002 
 31 QAc-G-0288    (6)   :  0.006 0.005 0.003 0.004 0.752 0.004 0.004 0.006 0.003 0.167 0.004 0.007 0.003 0.005 0.007 0.003 0.004 0.004 0.004 0.003 
 32 QAc-G-0289    (0)   :  0.003 0.003 0.002 0.004 0.009 0.003 0.003 0.003 0.003 0.934 0.003 0.002 0.003 0.004 0.007 0.002 0.002 0.003 0.003 0.003 
 33 QAc-G-0290    (0)   :  0.004 0.003 0.003 0.002 0.102 0.004 0.003 0.003 0.003 0.839 0.003 0.003 0.003 0.004 0.004 0.003 0.003 0.003 0.003 0.006 
 34 QAc-G-0291    (0)   :  0.010 0.003 0.004 0.008 0.005 0.012 0.006 0.003 0.003 0.879 0.004 0.021 0.003 0.002 0.019 0.002 0.007 0.003 0.004 0.002 
 35 QAc-G-0292    (0)   :  0.003 0.006 0.005 0.003 0.018 0.628 0.006 0.015 0.005 0.255 0.007 0.003 0.008 0.010 0.007 0.005 0.003 0.005 0.006 0.003 
 36 QAc-G-0293    (0)   :  0.004 0.003 0.002 0.004 0.005 0.451 0.002 0.002 0.002 0.491 0.003 0.010 0.002 0.002 0.004 0.002 0.003 0.002 0.003 0.002 
 37 QAc-G-0294    (0)   :  0.011 0.029 0.028 0.004 0.009 0.003 0.504 0.019 0.029 0.005 0.037 0.011 0.043 0.007 0.012 0.012 0.161 0.032 0.038 0.006 
 38 QAc-G-0295    (0)   :  0.014 0.010 0.005 0.003 0.004 0.004 0.019 0.004 0.022 0.006 0.014 0.005 0.004 0.003 0.004 0.005 0.847 0.015 0.011 0.003 
 39 QAc-G-0296    (0)   :  0.006 0.005 0.003 0.003 0.004 0.004 0.007 0.004 0.910 0.005 0.003 0.002 0.006 0.004 0.006 0.003 0.009 0.007 0.004 0.006 
 40 QAc-G-0297    (0)   :  0.002 0.303 0.010 0.006 0.008 0.003 0.018 0.006 0.129 0.002 0.102 0.002 0.007 0.006 0.004 0.022 0.010 0.052 0.305 0.003 
 41 QAc-G-0298    (6)   :  0.034 0.011 0.005 0.004 0.005 0.007 0.011 0.004 0.690 0.003 0.017 0.009 0.003 0.004 0.006 0.004 0.153 0.014 0.012 0.004 
 42 QAc-G-0299    (0)   :  0.008 0.044 0.012 0.003 0.016 0.005 0.028 0.008 0.564 0.011 0.018 0.003 0.014 0.003 0.006 0.013 0.015 0.197 0.028 0.004 
 43 QAc-G-0300    (0)   :  0.004 0.008 0.005 0.003 0.004 0.003 0.034 0.015 0.782 0.003 0.007 0.002 0.007 0.011 0.007 0.003 0.029 0.040 0.011 0.021 
 44 QAc-G-0301    (0)   :  0.009 0.100 0.004 0.004 0.012 0.008 0.009 0.006 0.540 0.017 0.013 0.008 0.004 0.004 0.008 0.005 0.032 0.024 0.035 0.159 
 45 QAc-G-0302    (0)   :  0.004 0.012 0.042 0.003 0.005 0.005 0.006 0.012 0.006 0.007 0.014 0.003 0.011 0.005 0.003 0.802 0.003 0.037 0.019 0.003 
 46 QAc-G-0303    (0)   :  0.003 0.018 0.013 0.009 0.006 0.008 0.012 0.007 0.003 0.003 0.013 0.003 0.012 0.034 0.004 0.816 0.010 0.004 0.019 0.005 
 47 QAc-G-0304    (0)   :  0.003 0.003 0.002 0.003 0.003 0.005 0.003 0.002 0.004 0.945 0.003 0.003 0.002 0.003 0.003 0.002 0.003 0.003 0.002 0.002 
 48 QAc-G-0305    (0)   :  0.020 0.016 0.054 0.052 0.393 0.097 0.007 0.008 0.004 0.188 0.014 0.029 0.032 0.022 0.018 0.014 0.006 0.004 0.020 0.003 
 49 QAc-G-0306    (0)   :  0.004 0.003 0.003 0.004 0.138 0.005 0.003 0.002 0.003 0.811 0.002 0.003 0.002 0.003 0.004 0.002 0.002 0.003 0.002 0.002 
 50 QAc-G-0307    (0)   :  0.039 0.015 0.008 0.625 0.005 0.015 0.008 0.049 0.013 0.004 0.016 0.111 0.006 0.029 0.005 0.011 0.007 0.011 0.018 0.006 
 51 QAc-G-0308    (0)   :  0.313 0.009 0.004 0.529 0.011 0.005 0.007 0.004 0.012 0.011 0.005 0.015 0.008 0.006 0.027 0.005 0.015 0.006 0.006 0.002 
 52 QAc-G-0309    (0)   :  0.007 0.010 0.006 0.004 0.006 0.004 0.005 0.006 0.003 0.003 0.007 0.905 0.003 0.003 0.006 0.003 0.003 0.004 0.011 0.003 
 53 QAc-G-0310    (0)   :  0.007 0.003 0.003 0.003 0.003 0.003 0.003 0.003 0.003 0.003 0.003 0.941 0.003 0.002 0.004 0.002 0.003 0.004 0.003 0.002 
 54 QAc-G-0311    (0)   :  0.040 0.002 0.002 0.896 0.003 0.002 0.002 0.002 0.003 0.002 0.002 0.022 0.002 0.002 0.006 0.002 0.003 0.002 0.002 0.002 
 55 QAc-G-0312    (0)   :  0.005 0.052 0.020 0.514 0.008 0.004 0.012 0.019 0.020 0.005 0.078 0.004 0.017 0.024 0.057 0.026 0.035 0.039 0.044 0.015 
 56 QAc-G-0313    (0)   :  0.006 0.029 0.013 0.003 0.015 0.074 0.012 0.637 0.011 0.008 0.051 0.026 0.003 0.014 0.006 0.006 0.009 0.008 0.063 0.005 
 57 QAc-G-0314    (0)   :  0.011 0.024 0.005 0.003 0.006 0.002 0.014 0.746 0.036 0.003 0.028 0.005 0.005 0.012 0.007 0.013 0.012 0.026 0.037 0.006 
 58 QAc-G-0315    (0)   :  0.005 0.051 0.046 0.002 0.009 0.004 0.020 0.631 0.004 0.008 0.029 0.003 0.009 0.005 0.005 0.012 0.003 0.018 0.130 0.005 
 59 QAc-G-0316    (0)   :  0.013 0.015 0.006 0.010 0.011 0.004 0.006 0.796 0.004 0.007 0.023 0.020 0.003 0.012 0.017 0.004 0.002 0.010 0.032 0.005 
 60 QAc-G-0032    (6)   :  0.003 0.087 0.357 0.004 0.014 0.003 0.005 0.010 0.019 0.006 0.034 0.006 0.068 0.006 0.005 0.168 0.010 0.004 0.075 0.112 
 61 QAc-G-0033    (0)   :  0.008 0.017 0.004 0.002 0.006 0.003 0.020 0.005 0.811 0.004 0.005 0.007 0.005 0.005 0.005 0.004 0.007 0.070 0.006 0.007 
 62 QAc-G-0034    (0)   :  0.012 0.020 0.005 0.024 0.007 0.003 0.034 0.011 0.785 0.003 0.007 0.012 0.007 0.017 0.012 0.006 0.009 0.009 0.012 0.006 
 63 QAc-G-0035    (0)   :  0.004 0.014 0.004 0.004 0.024 0.007 0.686 0.004 0.009 0.008 0.008 0.003 0.007 0.005 0.005 0.005 0.046 0.145 0.007 0.008 
 64 QAc-G-0036    (0)   :  0.005 0.008 0.006 0.003 0.013 0.005 0.004 0.009 0.896 0.007 0.005 0.003 0.004 0.006 0.007 0.003 0.004 0.004 0.006 0.003 
 65 QAc-G-0037    (0)   :  0.008 0.003 0.002 0.007 0.005 0.002 0.009 0.003 0.003 0.008 0.003 0.003 0.004 0.002 0.014 0.002 0.912 0.003 0.003 0.003 
 66 QAc-G-0038    (0)   :  0.002 0.007 0.002 0.002 0.005 0.002 0.166 0.006 0.555 0.003 0.010 0.002 0.003 0.008 0.002 0.003 0.203 0.010 0.006 0.003 
 67 QAc-G-0039    (0)   :  0.021 0.013 0.009 0.007 0.011 0.003 0.618 0.102 0.039 0.006 0.021 0.009 0.009 0.016 0.038 0.007 0.035 0.016 0.018 0.003 
 68 QAc-G-0040    (0)   :  0.004 0.039 0.004 0.009 0.005 0.025 0.110 0.006 0.057 0.090 0.013 0.005 0.065 0.060 0.004 0.005 0.441 0.027 0.026 0.004 
 69 QAc-G-0041    (0)   :  0.002 0.005 0.003 0.002 0.008 0.010 0.008 0.006 0.083 0.002 0.003 0.003 0.003 0.014 0.002 0.002 0.776 0.004 0.005 0.059 
 70 QAc-G-0042    (0)   :  0.004 0.004 0.003 0.003 0.004 0.003 0.005 0.003 0.917 0.006 0.004 0.002 0.009 0.003 0.004 0.003 0.007 0.008 0.004 0.004 
 71 QAc-G-0043    (0)   :  0.015 0.024 0.003 0.004 0.005 0.004 0.073 0.004 0.017 0.013 0.005 0.004 0.008 0.004 0.013 0.004 0.768 0.020 0.007 0.003 
 72 QAc-G-0044    (0)   :  0.003 0.006 0.003 0.002 0.005 0.003 0.008 0.006 0.872 0.007 0.006 0.003 0.012 0.004 0.003 0.009 0.006 0.009 0.008 0.024 
 73 QAc-G-0045    (0)   :  0.028 0.038 0.004 0.018 0.007 0.003 0.025 0.007 0.703 0.006 0.005 0.010 0.011 0.006 0.026 0.003 0.033 0.046 0.011 0.010 
 74 QAc-G-0046    (0)   :  0.007 0.007 0.008 0.005 0.004 0.003 0.569 0.014 0.007 0.003 0.008 0.008 0.005 0.006 0.004 0.003 0.324 0.007 0.006 0.004 
 75 QAc-G-0047    (0)   :  0.018 0.008 0.004 0.004 0.005 0.004 0.800 0.009 0.005 0.005 0.007 0.011 0.010 0.005 0.015 0.006 0.057 0.017 0.006 0.004 
 76 QAc-G-0048    (0)   :  0.004 0.029 0.006 0.002 0.007 0.010 0.167 0.015 0.099 0.004 0.041 0.002 0.005 0.009 0.003 0.006 0.525 0.020 0.039 0.005 
 77 QAc-G-0049    (0)   :  0.010 0.003 0.003 0.004 0.003 0.003 0.003 0.003 0.002 0.004 0.003 0.937 0.002 0.003 0.006 0.002 0.002 0.003 0.003 0.002 
 78 QAc-G-0050    (0)   :  0.015 0.180 0.037 0.097 0.034 0.005 0.006 0.026 0.003 0.019 0.144 0.009 0.005 0.011 0.005 0.045 0.004 0.004 0.348 0.004 
 79 QAc-G-0051    (0)   :  0.004 0.002 0.002 0.004 0.002 0.004 0.002 0.002 0.002 0.003 0.002 0.953 0.002 0.002 0.003 0.002 0.002 0.002 0.002 0.002 
 80 QAc-G-0052    (0)   :  0.267 0.010 0.008 0.524 0.005 0.003 0.011 0.013 0.007 0.004 0.010 0.017 0.004 0.008 0.063 0.004 0.015 0.005 0.013 0.011 
 81 QAc-G-0053    (0)   :  0.906 0.004 0.002 0.004 0.006 0.003 0.019 0.004 0.002 0.004 0.005 0.005 0.002 0.002 0.006 0.002 0.014 0.003 0.004 0.003 
 82 QAc-G-0054    (0)   :  0.003 0.061 0.012 0.575 0.005 0.002 0.005 0.052 0.005 0.003 0.071 0.002 0.016 0.018 0.012 0.017 0.051 0.006 0.080 0.004 
 83 QAc-G-0055    (0)   :  0.004 0.044 0.017 0.661 0.020 0.004 0.006 0.013 0.021 0.003 0.085 0.004 0.010 0.009 0.006 0.027 0.007 0.005 0.051 0.002 
 84 QAc-G-0056    (0)   :  0.007 0.238 0.017 0.118 0.007 0.004 0.009 0.007 0.006 0.008 0.100 0.003 0.007 0.039 0.005 0.008 0.003 0.006 0.401 0.005 
 85 QAc-G-0057    (0)   :  0.005 0.003 0.002 0.005 0.003 0.003 0.003 0.002 0.003 0.003 0.002 0.946 0.002 0.002 0.003 0.003 0.003 0.003 0.002 0.002 
 86 QAc-G-0058    (6)   :  0.004 0.002 0.003 0.004 0.003 0.004 0.002 0.002 0.003 0.003 0.003 0.949 0.002 0.002 0.003 0.003 0.002 0.002 0.003 0.002 
 87 QAc-G-0059    (0)   :  0.003 0.025 0.004 0.551 0.034 0.002 0.090 0.026 0.004 0.002 0.144 0.004 0.003 0.005 0.005 0.005 0.053 0.002 0.035 0.003 
 88 QAc-G-0060    (6)   :  0.565 0.020 0.005 0.182 0.012 0.007 0.011 0.012 0.004 0.023 0.038 0.039 0.005 0.005 0.007 0.004 0.010 0.013 0.031 0.007 
 89 QAc-G-0276    (0)   :  0.010 0.018 0.004 0.011 0.050 0.580 0.011 0.005 0.008 0.227 0.006 0.005 0.004 0.004 0.010 0.004 0.015 0.017 0.008 0.003 
 90 QAc-G-0279    (0)   :  0.004 0.003 0.005 0.005 0.120 0.004 0.003 0.003 0.003 0.820 0.003 0.005 0.002 0.003 0.005 0.002 0.002 0.003 0.003 0.002 
 91 QAc-G-0280    (6)   :  0.003 0.005 0.006 0.003 0.078 0.005 0.005 0.004 0.007 0.840 0.004 0.004 0.003 0.004 0.004 0.003 0.004 0.012 0.004 0.003 
 92 QAc-G-0281    (0)   :  0.013 0.003 0.002 0.930 0.003 0.003 0.004 0.002 0.003 0.005 0.003 0.007 0.002 0.002 0.005 0.002 0.003 0.003 0.003 0.002 
 93 QAc-G-0018    (0)   :  0.017 0.017 0.045 0.020 0.005 0.003 0.011 0.014 0.744 0.004 0.010 0.013 0.014 0.007 0.024 0.008 0.018 0.006 0.013 0.006 
 94 QAc-G-0019    (0)   :  0.004 0.025 0.005 0.003 0.011 0.016 0.016 0.011 0.676 0.011 0.008 0.003 0.010 0.007 0.009 0.003 0.011 0.053 0.010 0.109 
 95 QAc-G-0020    (0)   :  0.003 0.008 0.004 0.003 0.004 0.003 0.047 0.005 0.006 0.002 0.006 0.003 0.005 0.003 0.005 0.002 0.870 0.008 0.005 0.007 
 96 QAc-G-0021    (6)   :  0.011 0.007 0.003 0.003 0.003 0.002 0.010 0.006 0.007 0.003 0.007 0.014 0.002 0.002 0.004 0.003 0.867 0.008 0.007 0.031 
 97 QAc-G-0022    (6)   :  0.016 0.138 0.006 0.009 0.008 0.007 0.097 0.033 0.056 0.003 0.098 0.006 0.004 0.053 0.006 0.006 0.136 0.070 0.178 0.068 
 98 QAc-G-0023    (0)   :  0.020 0.003 0.003 0.311 0.004 0.004 0.003 0.003 0.003 0.003 0.003 0.618 0.003 0.002 0.004 0.003 0.002 0.003 0.004 0.002 
 99 QAc-G-0024    (0)   :  0.010 0.003 0.003 0.003 0.003 0.002 0.004 0.003 0.004 0.003 0.003 0.926 0.003 0.003 0.007 0.003 0.003 0.005 0.004 0.003 
100 QAc-G-0016    (0)   :  0.004 0.043 0.098 0.438 0.010 0.005 0.005 0.005 0.034 0.007 0.027 0.003 0.139 0.010 0.006 0.106 0.005 0.004 0.045 0.004 
101 QAc-G-0017    (0)   :  0.004 0.012 0.007 0.002 0.008 0.006 0.008 0.104 0.006 0.006 0.085 0.003 0.026 0.006 0.003 0.512 0.008 0.004 0.019 0.171 
102 QAc-G-0250    (0)   :  0.003 0.058 0.196 0.015 0.090 0.225 0.035 0.039 0.006 0.100 0.060 0.008 0.008 0.013 0.026 0.027 0.019 0.007 0.059 0.007 
103 QAc-G-0003    (6)   :  0.005 0.004 0.006 0.005 0.225 0.009 0.004 0.004 0.005 0.687 0.004 0.004 0.004 0.006 0.008 0.003 0.004 0.006 0.005 0.003 
104 QAc-G-0004    (0)   :  0.004 0.017 0.008 0.003 0.005 0.005 0.029 0.030 0.007 0.003 0.052 0.010 0.009 0.004 0.014 0.730 0.035 0.017 0.014 0.006 
105 QAc-G-0005    (0)   :  0.003 0.003 0.003 0.002 0.003 0.002 0.002 0.003 0.003 0.003 0.003 0.003 0.005 0.002 0.003 0.003 0.002 0.003 0.003 0.945 
106 QAc-G-0006    (6)   :  0.002 0.012 0.010 0.005 0.017 0.007 0.016 0.012 0.004 0.004 0.054 0.002 0.004 0.009 0.009 0.804 0.004 0.007 0.016 0.002 
107 QAc-G-0283    (0)   :  0.004 0.155 0.010 0.004 0.031 0.117 0.011 0.024 0.007 0.003 0.130 0.003 0.004 0.157 0.003 0.033 0.005 0.004 0.293 0.003 
108 QAc-G-0265    (0)   :  0.007 0.076 0.014 0.003 0.020 0.200 0.029 0.017 0.007 0.004 0.054 0.380 0.007 0.006 0.006 0.005 0.003 0.032 0.127 0.004 
109 QAc-G-0266    (0)   :  0.007 0.003 0.002 0.005 0.003 0.003 0.002 0.002 0.002 0.003 0.002 0.946 0.002 0.002 0.005 0.002 0.002 0.002 0.002 0.002 
110 QAc-G-0267    (0)   :  0.007 0.042 0.005 0.005 0.009 0.539 0.017 0.006 0.103 0.004 0.018 0.003 0.006 0.009 0.005 0.004 0.121 0.022 0.013 0.062 
111 QAc-G-0268   (20)   :  0.004 0.068 0.026 0.004 0.082 0.008 0.009 0.047 0.005 0.435 0.052 0.003 0.007 0.004 0.073 0.012 0.003 0.010 0.138 0.008 
112 QAc-G-0269    (0)   :  0.004 0.003 0.003 0.003 0.012 0.003 0.004 0.003 0.004 0.931 0.003 0.004 0.003 0.003 0.004 0.002 0.004 0.003 0.003 0.003 
113 QAc-G-0270    (6)   :  0.004 0.004 0.003 0.002 0.003 0.003 0.003 0.003 0.938 0.004 0.003 0.003 0.003 0.004 0.003 0.002 0.003 0.004 0.004 0.004 
114 QAc-G-0271    (0)   :  0.005 0.143 0.016 0.002 0.020 0.005 0.180 0.025 0.022 0.003 0.055 0.003 0.006 0.007 0.004 0.009 0.033 0.139 0.182 0.140 
115 QAc-G-0272    (6)   :  0.006 0.007 0.004 0.003 0.012 0.004 0.006 0.005 0.892 0.008 0.005 0.004 0.006 0.004 0.010 0.004 0.006 0.006 0.006 0.003 
116 QAc-G-0273    (0)   :  0.006 0.003 0.003 0.931 0.003 0.004 0.003 0.003 0.003 0.004 0.003 0.012 0.003 0.003 0.005 0.002 0.002 0.003 0.003 0.003 
117 QAc-G-0274    (0)   :  0.003 0.002 0.002 0.002 0.002 0.002 0.002 0.002 0.003 0.002 0.003 0.002 0.003 0.003 0.002 0.002 0.002 0.003 0.003 0.954 
118 QAc-G-0251    (6)   :  0.003 0.003 0.003 0.004 0.003 0.003 0.003 0.003 0.934 0.003 0.003 0.004 0.005 0.004 0.003 0.005 0.003 0.003 0.004 0.005 
119 QAc-G-0252    (0)   :  0.010 0.024 0.008 0.006 0.008 0.003 0.006 0.005 0.727 0.005 0.014 0.003 0.007 0.025 0.004 0.011 0.109 0.005 0.014 0.005 
120 QAc-G-0253    (0)   :  0.010 0.004 0.003 0.906 0.004 0.003 0.005 0.003 0.004 0.003 0.009 0.014 0.002 0.002 0.009 0.003 0.005 0.003 0.005 0.002 
121 QAc-G-0254    (0)   :  0.046 0.005 0.003 0.015 0.003 0.003 0.005 0.004 0.003 0.003 0.009 0.869 0.002 0.003 0.009 0.003 0.002 0.003 0.006 0.003 
122 QAc-G-0255    (0)   :  0.006 0.011 0.012 0.003 0.015 0.005 0.010 0.008 0.005 0.003 0.025 0.003 0.006 0.006 0.003 0.826 0.005 0.030 0.012 0.005 
123 QAc-G-0256    (0)   :  0.003 0.004 0.004 0.003 0.003 0.004 0.004 0.003 0.004 0.005 0.004 0.003 0.882 0.003 0.003 0.052 0.002 0.004 0.004 0.005 
124 QAc-G-0257    (0)   :  0.030 0.016 0.010 0.004 0.006 0.004 0.006 0.004 0.015 0.003 0.052 0.002 0.046 0.030 0.003 0.646 0.018 0.004 0.021 0.079 
125 QAc-G-0258    (0)   :  0.003 0.008 0.004 0.002 0.004 0.004 0.004 0.004 0.005 0.002 0.008 0.002 0.010 0.003 0.002 0.914 0.003 0.004 0.009 0.006 
126 QAc-G-0259    (0)   :  0.002 0.301 0.004 0.004 0.003 0.002 0.008 0.014 0.002 0.002 0.048 0.002 0.007 0.008 0.002 0.010 0.004 0.006 0.571 0.002 
127 QAc-G-0260    (0)   :  0.019 0.170 0.008 0.003 0.024 0.007 0.008 0.011 0.008 0.037 0.271 0.004 0.125 0.024 0.003 0.007 0.007 0.011 0.233 0.021 
128 QAc-G-0261    (0)   :  0.004 0.065 0.019 0.003 0.023 0.003 0.008 0.021 0.007 0.003 0.431 0.002 0.005 0.005 0.004 0.012 0.010 0.003 0.063 0.308 
129 QAc-G-0262    (0)   :  0.005 0.092 0.015 0.005 0.029 0.014 0.006 0.015 0.005 0.012 0.528 0.004 0.080 0.013 0.004 0.029 0.004 0.003 0.116 0.022 
130 QAc-G-0010    (0)   :  0.008 0.005 0.004 0.003 0.198 0.670 0.022 0.009 0.004 0.017 0.007 0.010 0.003 0.004 0.006 0.003 0.011 0.004 0.006 0.004 
131 QAc-G-0011    (0)   :  0.003 0.004 0.003 0.003 0.004 0.002 0.007 0.913 0.005 0.003 0.005 0.003 0.003 0.015 0.005 0.003 0.005 0.003 0.005 0.005 
132 QAc-G-0015    (0)   :  0.013 0.017 0.006 0.251 0.018 0.008 0.014 0.021 0.008 0.002 0.037 0.432 0.013 0.024 0.013 0.078 0.005 0.003 0.028 0.006 
133 QAc-G-0106    (0)   :  0.004 0.020 0.006 0.002 0.003 0.003 0.003 0.003 0.030 0.003 0.017 0.002 0.067 0.006 0.002 0.782 0.003 0.005 0.020 0.021 
134 QAc-G-0107    (0)   :  0.006 0.010 0.043 0.009 0.005 0.012 0.005 0.011 0.007 0.005 0.008 0.005 0.757 0.004 0.007 0.080 0.002 0.005 0.015 0.003 
135 QAc-G-0108    (0)   :  0.002 0.006 0.004 0.002 0.007 0.004 0.004 0.004 0.006 0.006 0.007 0.002 0.843 0.003 0.002 0.078 0.006 0.003 0.007 0.004 
136 QAc-G-0109    (0)   :  0.007 0.039 0.027 0.017 0.016 0.006 0.005 0.029 0.017 0.005 0.116 0.006 0.026 0.024 0.007 0.560 0.007 0.004 0.063 0.021 
137 QAc-G-0110    (0)   :  0.005 0.028 0.008 0.005 0.054 0.010 0.007 0.008 0.034 0.027 0.024 0.005 0.051 0.009 0.005 0.655 0.009 0.019 0.034 0.002 
138 QAc-G-0111    (0)   :  0.004 0.012 0.011 0.004 0.006 0.021 0.010 0.012 0.006 0.006 0.021 0.006 0.035 0.006 0.008 0.781 0.021 0.008 0.017 0.005 
139 QAc-G-0112    (0)   :  0.008 0.015 0.007 0.004 0.004 0.013 0.004 0.011 0.004 0.027 0.013 0.010 0.083 0.003 0.005 0.757 0.004 0.004 0.020 0.003 
140 QAc-G-0113    (0)   :  0.022 0.019 0.083 0.077 0.008 0.013 0.008 0.007 0.011 0.008 0.022 0.002 0.105 0.009 0.003 0.557 0.006 0.005 0.019 0.016 
141 QAc-G-0114    (0)   :  0.013 0.019 0.020 0.005 0.015 0.007 0.027 0.006 0.011 0.011 0.008 0.007 0.005 0.004 0.008 0.787 0.007 0.025 0.014 0.003 
142 QAc-G-0115    (0)   :  0.004 0.010 0.010 0.006 0.008 0.004 0.004 0.013 0.005 0.009 0.010 0.003 0.039 0.004 0.012 0.829 0.005 0.003 0.015 0.007 
143 QAc-G-0116    (0)   :  0.006 0.005 0.012 0.006 0.009 0.016 0.004 0.009 0.004 0.012 0.010 0.006 0.016 0.005 0.004 0.852 0.003 0.005 0.008 0.009 
144 QAc-G-0117    (0)   :  0.010 0.030 0.107 0.014 0.025 0.021 0.040 0.020 0.037 0.004 0.126 0.005 0.325 0.009 0.055 0.023 0.039 0.029 0.053 0.027 
145 QAc-G-0118    (0)   :  0.002 0.006 0.004 0.002 0.011 0.011 0.003 0.007 0.007 0.004 0.005 0.002 0.012 0.008 0.002 0.868 0.004 0.007 0.007 0.028 
146 QAc-G-0119    (0)   :  0.004 0.012 0.004 0.003 0.004 0.002 0.011 0.014 0.007 0.002 0.022 0.011 0.008 0.003 0.002 0.827 0.012 0.008 0.018 0.026 
147 QAc-G-0120    (0)   :  0.009 0.044 0.011 0.004 0.007 0.006 0.007 0.012 0.011 0.006 0.015 0.004 0.006 0.008 0.011 0.751 0.004 0.011 0.070 0.004 
148 QAc-G-0121    (0)   :  0.002 0.004 0.004 0.005 0.005 0.004 0.007 0.005 0.008 0.008 0.005 0.004 0.013 0.003 0.003 0.006 0.012 0.004 0.004 0.895 
149 QAc-G-0122    (0)   :  0.003 0.005 0.004 0.004 0.011 0.008 0.008 0.007 0.010 0.042 0.006 0.004 0.017 0.004 0.003 0.005 0.012 0.005 0.005 0.835 
150 QAc-G-0123    (0)   :  0.003 0.003 0.002 0.002 0.002 0.002 0.003 0.002 0.005 0.002 0.003 0.002 0.002 0.002 0.002 0.002 0.003 0.004 0.003 0.951 
151 QAc-G-0124    (6)   :  0.003 0.004 0.003 0.003 0.003 0.003 0.003 0.003 0.005 0.003 0.003 0.003 0.004 0.003 0.005 0.003 0.003 0.005 0.004 0.935 
152 QAc-G-0125    (0)   :  0.013 0.056 0.039 0.006 0.014 0.019 0.017 0.031 0.003 0.010 0.154 0.031 0.007 0.027 0.023 0.015 0.017 0.004 0.068 0.446 
153 QAc-G-0126    (0)   :  0.024 0.144 0.021 0.035 0.017 0.005 0.015 0.102 0.009 0.006 0.110 0.003 0.039 0.012 0.005 0.077 0.013 0.004 0.214 0.144 
154 QAc-G-0127    (0)   :  0.005 0.018 0.012 0.008 0.010 0.004 0.005 0.003 0.007 0.003 0.008 0.004 0.019 0.015 0.008 0.008 0.005 0.004 0.010 0.845 
155 QAc-G-0128    (0)   :  0.003 0.003 0.003 0.003 0.003 0.003 0.003 0.003 0.004 0.006 0.003 0.003 0.004 0.003 0.003 0.003 0.003 0.004 0.003 0.939 
156 QAc-G-0129    (0)   :  0.002 0.003 0.002 0.002 0.003 0.002 0.002 0.002 0.003 0.003 0.002 0.002 0.003 0.002 0.003 0.003 0.002 0.003 0.003 0.953 
157 QAc-G-0130    (0)   :  0.003 0.011 0.009 0.003 0.027 0.007 0.006 0.004 0.008 0.003 0.007 0.002 0.067 0.016 0.004 0.031 0.012 0.004 0.007 0.770 
158 QAc-G-0131    (0)   :  0.004 0.005 0.004 0.006 0.003 0.003 0.006 0.004 0.005 0.005 0.005 0.003 0.006 0.004 0.004 0.004 0.006 0.007 0.005 0.910 
159 QAc-G-0132    (0)   :  0.006 0.013 0.012 0.006 0.011 0.010 0.005 0.007 0.004 0.014 0.017 0.014 0.050 0.005 0.018 0.058 0.006 0.007 0.017 0.719 
160 QAc-G-0133    (0)   :  0.003 0.006 0.004 0.004 0.004 0.006 0.004 0.004 0.024 0.006 0.008 0.004 0.011 0.004 0.005 0.002 0.006 0.004 0.006 0.886 
161 QAc-G-0134    (0)   :  0.002 0.004 0.003 0.003 0.004 0.002 0.004 0.004 0.004 0.003 0.005 0.009 0.009 0.003 0.005 0.003 0.004 0.005 0.005 0.918 
162 QAc-G-0135    (0)   :  0.007 0.007 0.003 0.003 0.006 0.003 0.010 0.007 0.008 0.005 0.006 0.007 0.004 0.004 0.005 0.892 0.005 0.008 0.007 0.003 
163 QAc-G-0136    (0)   :  0.004 0.009 0.016 0.009 0.009 0.128 0.003 0.009 0.008 0.005 0.013 0.007 0.016 0.013 0.008 0.720 0.004 0.004 0.010 0.006 
164 QAc-G-0137    (0)   :  0.003 0.012 0.037 0.003 0.005 0.005 0.012 0.034 0.010 0.005 0.013 0.003 0.028 0.005 0.013 0.747 0.003 0.011 0.011 0.040 
165 QAc-G-0138    (0)   :  0.005 0.007 0.004 0.012 0.004 0.035 0.003 0.020 0.003 0.003 0.016 0.004 0.009 0.035 0.004 0.818 0.002 0.004 0.009 0.006 
166 QAc-G-0139    (0)   :  0.002 0.005 0.006 0.003 0.003 0.003 0.026 0.008 0.036 0.003 0.005 0.002 0.009 0.006 0.002 0.791 0.059 0.004 0.007 0.020 
167 QAc-G-0140    (6)   :  0.003 0.005 0.006 0.002 0.003 0.004 0.004 0.003 0.004 0.003 0.004 0.002 0.919 0.003 0.005 0.010 0.003 0.005 0.004 0.006 
168 QAc-G-0141    (0)   :  0.007 0.045 0.064 0.071 0.007 0.015 0.018 0.007 0.011 0.010 0.039 0.005 0.570 0.024 0.010 0.008 0.008 0.010 0.060 0.008 
169 QAc-G-0142    (0)   :  0.003 0.005 0.003 0.002 0.003 0.003 0.004 0.003 0.004 0.003 0.003 0.002 0.006 0.004 0.002 0.932 0.003 0.008 0.005 0.003 
170 QAc-G-0143    (0)   :  0.006 0.286 0.003 0.004 0.008 0.004 0.002 0.004 0.006 0.004 0.071 0.002 0.002 0.003 0.003 0.004 0.003 0.003 0.576 0.003 
171 QAc-G-0144    (6)   :  0.003 0.069 0.086 0.004 0.010 0.009 0.005 0.039 0.005 0.004 0.064 0.003 0.005 0.004 0.039 0.517 0.008 0.004 0.120 0.002 
172 QAc-G-0145    (0)   :  0.003 0.004 0.003 0.003 0.145 0.005 0.003 0.003 0.006 0.796 0.003 0.003 0.004 0.003 0.003 0.003 0.003 0.003 0.003 0.002 
173 QAc-G-0146    (0)   :  0.004 0.003 0.002 0.004 0.003 0.003 0.002 0.003 0.004 0.003 0.003 0.002 0.003 0.003 0.004 0.002 0.002 0.004 0.003 0.944 
174 QAc-G-0147    (0)   :  0.011 0.054 0.106 0.005 0.009 0.013 0.008 0.021 0.035 0.006 0.297 0.003 0.048 0.150 0.005 0.012 0.006 0.007 0.068 0.138 
175 QAc-G-0148    (0)   :  0.004 0.009 0.857 0.003 0.003 0.007 0.005 0.009 0.016 0.003 0.022 0.003 0.015 0.005 0.003 0.010 0.004 0.006 0.009 0.007 
176 QAc-G-0149    (0)   :  0.002 0.004 0.003 0.002 0.004 0.003 0.006 0.004 0.004 0.004 0.003 0.002 0.004 0.003 0.002 0.003 0.006 0.004 0.003 0.933 
177 QAc-G-0150    (0)   :  0.004 0.003 0.004 0.005 0.110 0.004 0.004 0.003 0.003 0.832 0.003 0.004 0.002 0.003 0.004 0.002 0.003 0.003 0.003 0.003 
178 QAc-G-0151    (0)   :  0.003 0.004 0.002 0.002 0.003 0.003 0.003 0.003 0.005 0.003 0.003 0.002 0.003 0.003 0.003 0.003 0.004 0.006 0.003 0.940 
179 QAc-G-0152    (0)   :  0.008 0.004 0.003 0.005 0.003 0.002 0.003 0.003 0.005 0.002 0.003 0.003 0.002 0.003 0.005 0.002 0.004 0.005 0.003 0.933 
180 QAc-G-0153    (0)   :  0.002 0.006 0.005 0.002 0.004 0.060 0.004 0.005 0.021 0.003 0.010 0.001 0.006 0.015 0.002 0.005 0.006 0.005 0.008 0.831 
181 QAc-G-0154    (0)   :  0.003 0.005 0.004 0.003 0.010 0.014 0.005 0.004 0.091 0.008 0.007 0.003 0.050 0.004 0.002 0.015 0.013 0.004 0.007 0.748 
182 QAc-G-0155    (0)   :  0.004 0.004 0.002 0.002 0.002 0.003 0.003 0.003 0.005 0.003 0.003 0.002 0.003 0.003 0.002 0.002 0.004 0.006 0.003 0.941 
183 QAc-G-0158    (0)   :  0.003 0.003 0.003 0.003 0.003 0.003 0.003 0.003 0.002 0.003 0.003 0.003 0.003 0.003 0.002 0.003 0.002 0.003 0.002 0.950 
184 QAc-G-0159    (0)   :  0.005 0.027 0.012 0.006 0.013 0.004 0.010 0.075 0.010 0.013 0.036 0.010 0.091 0.008 0.007 0.619 0.009 0.005 0.026 0.013 
185 QAc-G-0160    (0)   :  0.003 0.002 0.002 0.002 0.005 0.003 0.002 0.002 0.002 0.953 0.002 0.002 0.003 0.002 0.004 0.002 0.002 0.002 0.002 0.002 
186 QAc-G-0161    (0)   :  0.002 0.003 0.002 0.002 0.005 0.003 0.002 0.002 0.003 0.952 0.002 0.003 0.003 0.002 0.003 0.002 0.002 0.003 0.002 0.002 
187 QAc-G-0162    (0)   :  0.003 0.022 0.018 0.011 0.063 0.433 0.020 0.031 0.196 0.049 0.019 0.007 0.004 0.008 0.007 0.005 0.071 0.006 0.023 0.004 
188 QAc-G-0163    (0)   :  0.002 0.012 0.019 0.002 0.006 0.011 0.031 0.009 0.013 0.797 0.013 0.002 0.003 0.005 0.003 0.011 0.007 0.037 0.014 0.002 
189 QAc-G-0164    (0)   :  0.004 0.009 0.003 0.012 0.089 0.003 0.007 0.010 0.003 0.792 0.006 0.003 0.003 0.028 0.007 0.003 0.002 0.003 0.011 0.002 
190 QAc-G-0165    (0)   :  0.003 0.005 0.003 0.003 0.196 0.005 0.004 0.004 0.007 0.723 0.005 0.002 0.006 0.005 0.003 0.004 0.004 0.005 0.005 0.007 
191 QAc-G-0166    (0)   :  0.003 0.004 0.002 0.003 0.056 0.003 0.004 0.003 0.007 0.881 0.003 0.003 0.003 0.003 0.002 0.002 0.002 0.009 0.004 0.003 
192 QAc-G-0167    (0)   :  0.004 0.004 0.005 0.003 0.045 0.003 0.005 0.004 0.003 0.887 0.004 0.004 0.003 0.004 0.005 0.002 0.004 0.004 0.004 0.004 
193 QAc-G-0168    (0)   :  0.003 0.003 0.002 0.003 0.008 0.003 0.002 0.002 0.003 0.947 0.002 0.003 0.003 0.002 0.003 0.002 0.002 0.003 0.003 0.002 
194 QAc-G-0169    (6)   :  0.003 0.035 0.035 0.003 0.623 0.017 0.007 0.018 0.003 0.033 0.017 0.003 0.004 0.005 0.004 0.135 0.003 0.013 0.034 0.003 
195 QAc-G-0170    (0)   :  0.004 0.004 0.005 0.003 0.110 0.006 0.004 0.004 0.006 0.818 0.004 0.003 0.003 0.003 0.004 0.003 0.004 0.004 0.004 0.005 
196 QAc-G-0171    (0)   :  0.003 0.003 0.002 0.003 0.004 0.005 0.003 0.003 0.004 0.941 0.003 0.004 0.003 0.004 0.004 0.002 0.003 0.003 0.003 0.002 
197 QAc-G-0172    (0)   :  0.004 0.043 0.014 0.011 0.021 0.012 0.008 0.034 0.005 0.011 0.063 0.009 0.015 0.012 0.005 0.639 0.004 0.016 0.061 0.013 
198 QAc-G-0173    (0)   :  0.004 0.002 0.002 0.003 0.011 0.490 0.002 0.003 0.003 0.448 0.003 0.008 0.003 0.002 0.004 0.003 0.003 0.002 0.003 0.002 
199 QAc-G-0174    (0)   :  0.005 0.009 0.005 0.004 0.013 0.884 0.003 0.003 0.007 0.023 0.003 0.005 0.008 0.003 0.005 0.003 0.004 0.006 0.004 0.003 
200 QAc-G-0175    (0)   :  0.004 0.003 0.003 0.004 0.170 0.006 0.003 0.003 0.003 0.772 0.003 0.003 0.003 0.003 0.005 0.002 0.003 0.003 0.003 0.002 
201 QAc-G-0176    (0)   :  0.004 0.009 0.004 0.008 0.016 0.004 0.006 0.007 0.064 0.760 0.006 0.003 0.004 0.004 0.034 0.004 0.049 0.004 0.008 0.003 
202 QAc-G-0177    (0)   :  0.004 0.003 0.004 0.004 0.121 0.005 0.003 0.003 0.003 0.820 0.003 0.003 0.003 0.003 0.004 0.002 0.002 0.003 0.003 0.002 
203 QAc-G-0178    (0)   :  0.006 0.007 0.004 0.028 0.463 0.009 0.004 0.013 0.003 0.368 0.006 0.007 0.004 0.048 0.006 0.003 0.003 0.003 0.008 0.008 
204 QAc-G-0179    (6)   :  0.003 0.003 0.002 0.003 0.004 0.005 0.002 0.002 0.003 0.947 0.003 0.003 0.003 0.002 0.003 0.002 0.003 0.003 0.002 0.002 
205 QAc-G-0180    (0)   :  0.003 0.003 0.002 0.002 0.010 0.003 0.003 0.002 0.003 0.944 0.003 0.002 0.003 0.003 0.003 0.002 0.002 0.003 0.003 0.002 
206 QAc-G-0181    (0)   :  0.003 0.006 0.003 0.002 0.043 0.003 0.012 0.008 0.003 0.846 0.005 0.002 0.003 0.005 0.004 0.004 0.006 0.034 0.005 0.003 
207 QAc-G-0182    (0)   :  0.003 0.012 0.007 0.003 0.017 0.418 0.004 0.006 0.006 0.458 0.020 0.002 0.009 0.005 0.004 0.005 0.004 0.005 0.006 0.005 
208 QAc-G-0183    (6)   :  0.008 0.007 0.006 0.004 0.021 0.007 0.005 0.009 0.003 0.874 0.014 0.003 0.003 0.003 0.012 0.005 0.003 0.004 0.008 0.003 
209 QAc-G-0184    (0)   :  0.003 0.003 0.003 0.003 0.159 0.004 0.003 0.002 0.004 0.786 0.003 0.003 0.005 0.003 0.003 0.003 0.003 0.003 0.003 0.002 
210 QAc-G-0185    (0)   :  0.003 0.007 0.003 0.003 0.795 0.010 0.003 0.008 0.005 0.112 0.005 0.003 0.005 0.014 0.004 0.004 0.003 0.004 0.004 0.006 
211 QAc-G-0186    (0)   :  0.002 0.008 0.002 0.002 0.006 0.005 0.010 0.008 0.003 0.894 0.004 0.002 0.002 0.006 0.003 0.004 0.007 0.026 0.004 0.002 
212 QAc-G-0187    (0)   :  0.006 0.006 0.005 0.004 0.780 0.003 0.006 0.015 0.004 0.114 0.006 0.010 0.002 0.009 0.009 0.003 0.006 0.004 0.005 0.003 
213 QAc-G-0188    (0)   :  0.004 0.041 0.014 0.003 0.279 0.005 0.028 0.018 0.004 0.059 0.099 0.002 0.010 0.004 0.004 0.333 0.018 0.010 0.062 0.004 
214 QAc-G-0189    (0)   :  0.007 0.004 0.005 0.017 0.171 0.034 0.003 0.004 0.003 0.708 0.004 0.009 0.003 0.005 0.007 0.004 0.002 0.002 0.005 0.002 
215 QAc-G-0190    (0)   :  0.003 0.003 0.004 0.003 0.105 0.005 0.004 0.003 0.004 0.833 0.003 0.004 0.002 0.003 0.003 0.003 0.003 0.004 0.003 0.004 
216 QAc-G-0191    (0)   :  0.004 0.003 0.004 0.003 0.114 0.004 0.004 0.004 0.004 0.823 0.003 0.004 0.002 0.003 0.004 0.003 0.003 0.004 0.003 0.004 
217 QAc-G-0192    (0)   :  0.002 0.002 0.002 0.003 0.004 0.003 0.002 0.002 0.002 0.953 0.002 0.003 0.003 0.002 0.004 0.002 0.002 0.002 0.002 0.002 
218 QAc-G-0193    (0)   :  0.005 0.004 0.003 0.003 0.010 0.003 0.004 0.003 0.005 0.926 0.003 0.002 0.003 0.004 0.006 0.003 0.003 0.004 0.003 0.004 
219 QAc-G-0194    (0)   :  0.006 0.004 0.005 0.004 0.102 0.004 0.004 0.004 0.007 0.821 0.004 0.003 0.003 0.005 0.007 0.003 0.003 0.005 0.004 0.003 
220 QAc-G-0195    (0)   :  0.016 0.011 0.003 0.006 0.025 0.784 0.009 0.004 0.005 0.059 0.006 0.023 0.003 0.004 0.006 0.004 0.010 0.012 0.009 0.002 
221 QAc-G-0196    (0)   :  0.004 0.005 0.004 0.004 0.296 0.303 0.005 0.004 0.004 0.334 0.003 0.009 0.002 0.003 0.005 0.002 0.003 0.004 0.003 0.002 
222 QAc-G-0197    (0)   :  0.002 0.002 0.002 0.003 0.003 0.003 0.002 0.002 0.003 0.954 0.002 0.003 0.003 0.002 0.003 0.002 0.002 0.002 0.002 0.002 
223 QAc-G-0198    (0)   :  0.002 0.004 0.002 0.003 0.025 0.005 0.004 0.003 0.006 0.915 0.003 0.003 0.003 0.003 0.003 0.002 0.003 0.003 0.004 0.003 
224 QAc-G-0199    (0)   :  0.003 0.006 0.004 0.014 0.760 0.020 0.006 0.007 0.004 0.102 0.005 0.002 0.005 0.024 0.003 0.004 0.012 0.004 0.006 0.007 
225 QAc-G-0200    (0)   :  0.004 0.005 0.006 0.003 0.117 0.005 0.005 0.004 0.016 0.788 0.005 0.003 0.004 0.006 0.005 0.003 0.005 0.010 0.004 0.002 
226 QAc-G-0201    (0)   :  0.003 0.004 0.009 0.003 0.406 0.346 0.005 0.004 0.003 0.174 0.006 0.003 0.002 0.003 0.012 0.002 0.003 0.003 0.006 0.002 
227 QAc-G-0202    (6)   :  0.009 0.004 0.005 0.007 0.061 0.397 0.003 0.003 0.005 0.455 0.003 0.012 0.006 0.003 0.008 0.005 0.004 0.003 0.004 0.003 
228 QAc-G-0203    (0)   :  0.009 0.005 0.003 0.007 0.008 0.003 0.004 0.003 0.004 0.913 0.009 0.004 0.003 0.002 0.008 0.003 0.002 0.003 0.006 0.002 
229 QAc-G-0204    (0)   :  0.004 0.004 0.006 0.003 0.118 0.006 0.004 0.003 0.004 0.810 0.003 0.006 0.003 0.003 0.004 0.003 0.006 0.004 0.004 0.003 
230 QAc-G-0205    (0)   :  0.004 0.002 0.002 0.004 0.002 0.002 0.002 0.002 0.002 0.002 0.002 0.957 0.002 0.002 0.003 0.002 0.002 0.002 0.002 0.002 
231 QAc-G-0206    (0)   :  0.010 0.038 0.013 0.018 0.025 0.003 0.031 0.023 0.005 0.003 0.136 0.536 0.005 0.005 0.013 0.038 0.042 0.007 0.047 0.003 
232 QAc-G-0207    (0)   :  0.006 0.004 0.003 0.919 0.005 0.004 0.004 0.003 0.003 0.004 0.004 0.008 0.004 0.005 0.006 0.002 0.005 0.004 0.004 0.003 
233 QAc-G-0208    (0)   :  0.009 0.003 0.003 0.003 0.003 0.003 0.003 0.003 0.002 0.003 0.002 0.939 0.002 0.003 0.006 0.002 0.002 0.003 0.003 0.003 
234 QAc-G-0209    (0)   :  0.004 0.003 0.003 0.007 0.004 0.004 0.003 0.003 0.003 0.004 0.003 0.937 0.003 0.003 0.004 0.002 0.002 0.003 0.003 0.002 
235 QAc-G-0210    (0)   :  0.402 0.008 0.004 0.140 0.005 0.003 0.005 0.006 0.003 0.003 0.005 0.294 0.010 0.004 0.087 0.004 0.003 0.003 0.009 0.003 
236 QAc-G-0211    (0)   :  0.014 0.004 0.003 0.916 0.003 0.002 0.004 0.003 0.002 0.003 0.004 0.006 0.006 0.002 0.013 0.002 0.002 0.003 0.005 0.002 
237 QAc-G-0212    (0)   :  0.432 0.003 0.003 0.039 0.004 0.004 0.003 0.003 0.005 0.006 0.003 0.466 0.003 0.003 0.008 0.002 0.003 0.003 0.004 0.003 
238 QAc-G-0213    (0)   :  0.561 0.005 0.004 0.331 0.004 0.003 0.007 0.005 0.004 0.006 0.005 0.029 0.004 0.004 0.004 0.002 0.007 0.008 0.005 0.003 
239 QAc-G-0214    (0)   :  0.005 0.002 0.002 0.003 0.002 0.003 0.002 0.002 0.003 0.003 0.002 0.952 0.002 0.002 0.004 0.002 0.002 0.002 0.002 0.002 
240 QAc-G-0215    (0)   :  0.106 0.009 0.005 0.742 0.004 0.003 0.008 0.004 0.004 0.003 0.014 0.046 0.003 0.007 0.006 0.006 0.004 0.013 0.011 0.002 
241 QAc-G-0216    (0)   :  0.016 0.052 0.045 0.038 0.033 0.258 0.008 0.028 0.006 0.016 0.115 0.063 0.015 0.004 0.063 0.115 0.009 0.027 0.086 0.003 
242 QAc-G-0217    (0)   :  0.874 0.006 0.005 0.029 0.004 0.005 0.007 0.005 0.004 0.002 0.005 0.010 0.003 0.010 0.007 0.004 0.003 0.004 0.006 0.008 
243 QAc-G-0218    (0)   :  0.910 0.004 0.003 0.014 0.003 0.003 0.006 0.003 0.003 0.003 0.006 0.005 0.002 0.004 0.012 0.002 0.003 0.004 0.005 0.003 
244 QAc-G-0219    (0)   :  0.459 0.009 0.004 0.099 0.007 0.005 0.006 0.005 0.011 0.006 0.011 0.008 0.006 0.003 0.315 0.009 0.018 0.004 0.011 0.005 
245 QAc-G-0220    (0)   :  0.866 0.009 0.004 0.004 0.004 0.002 0.004 0.008 0.003 0.003 0.022 0.005 0.003 0.003 0.034 0.002 0.003 0.003 0.015 0.004 
246 QAc-G-0221    (0)   :  0.914 0.003 0.003 0.005 0.003 0.006 0.006 0.005 0.003 0.003 0.005 0.010 0.003 0.009 0.003 0.003 0.006 0.003 0.004 0.003 
247 QAc-G-0222    (0)   :  0.010 0.004 0.003 0.004 0.003 0.003 0.003 0.003 0.003 0.003 0.003 0.931 0.003 0.003 0.009 0.002 0.002 0.003 0.003 0.002 
248 QAc-G-0223    (0)   :  0.909 0.004 0.003 0.013 0.003 0.003 0.003 0.003 0.003 0.002 0.004 0.020 0.003 0.005 0.005 0.004 0.003 0.003 0.004 0.003 
249 QAc-G-0224    (0)   :  0.186 0.006 0.017 0.498 0.011 0.005 0.004 0.007 0.003 0.008 0.004 0.029 0.003 0.004 0.197 0.003 0.003 0.003 0.006 0.002 
250 QAc-G-0226    (0)   :  0.007 0.003 0.002 0.003 0.003 0.003 0.003 0.003 0.003 0.003 0.003 0.940 0.003 0.003 0.005 0.003 0.002 0.004 0.003 0.003 
251 QAc-G-0227    (0)   :  0.003 0.003 0.003 0.002 0.003 0.003 0.004 0.004 0.937 0.003 0.003 0.003 0.004 0.003 0.003 0.003 0.004 0.004 0.003 0.005 
252 QAc-G-0228    (6)   :  0.003 0.010 0.004 0.009 0.004 0.004 0.015 0.004 0.268 0.004 0.004 0.004 0.003 0.007 0.007 0.005 0.630 0.005 0.006 0.004 
253 QAc-G-0229    (0)   :  0.004 0.019 0.006 0.006 0.005 0.005 0.005 0.007 0.865 0.005 0.008 0.006 0.006 0.008 0.006 0.007 0.006 0.009 0.013 0.004 
254 QAc-G-0230    (0)   :  0.010 0.015 0.004 0.005 0.006 0.006 0.421 0.008 0.014 0.008 0.009 0.024 0.008 0.006 0.010 0.015 0.208 0.211 0.010 0.004 
255 QAc-G-0231    (0)   :  0.112 0.003 0.003 0.764 0.004 0.003 0.003 0.003 0.003 0.007 0.003 0.063 0.004 0.003 0.010 0.002 0.002 0.003 0.003 0.003 
256 QAc-G-0232    (0)   :  0.005 0.022 0.011 0.002 0.004 0.002 0.016 0.015 0.026 0.003 0.017 0.003 0.005 0.007 0.007 0.005 0.808 0.012 0.023 0.006 
257 QAc-G-0233    (0)   :  0.011 0.061 0.006 0.023 0.006 0.003 0.712 0.007 0.004 0.004 0.013 0.005 0.003 0.035 0.007 0.003 0.035 0.015 0.043 0.004 
258 QAc-G-0234    (0)   :  0.003 0.025 0.004 0.003 0.011 0.007 0.007 0.006 0.879 0.007 0.004 0.004 0.004 0.007 0.003 0.003 0.005 0.008 0.005 0.004 
259 QAc-G-0235    (0)   :  0.004 0.018 0.007 0.009 0.006 0.031 0.008 0.005 0.006 0.003 0.056 0.008 0.023 0.009 0.004 0.779 0.004 0.005 0.013 0.003 
260 QAc-G-0236    (0)   :  0.006 0.005 0.004 0.003 0.004 0.007 0.006 0.003 0.019 0.007 0.006 0.005 0.011 0.006 0.004 0.005 0.878 0.008 0.005 0.009 
261 QAc-G-0237    (0)   :  0.071 0.016 0.007 0.004 0.008 0.007 0.009 0.008 0.717 0.015 0.029 0.007 0.012 0.012 0.005 0.006 0.012 0.018 0.016 0.021 
262 QAc-G-0238    (0)   :  0.007 0.014 0.004 0.008 0.007 0.004 0.028 0.004 0.187 0.007 0.006 0.004 0.005 0.006 0.024 0.003 0.656 0.011 0.007 0.008 
263 QAc-G-0239    (0)   :  0.002 0.003 0.003 0.003 0.002 0.002 0.004 0.003 0.004 0.003 0.004 0.002 0.003 0.003 0.003 0.003 0.943 0.003 0.004 0.002 
264 QAc-G-0240    (0)   :  0.002 0.003 0.003 0.002 0.003 0.002 0.004 0.005 0.938 0.003 0.004 0.002 0.003 0.004 0.003 0.004 0.004 0.004 0.004 0.004 
265 QAc-G-0241    (0)   :  0.008 0.192 0.016 0.003 0.010 0.017 0.116 0.008 0.048 0.008 0.164 0.004 0.008 0.015 0.004 0.017 0.071 0.039 0.247 0.005 
266 QAc-G-0242    (0)   :  0.003 0.006 0.005 0.004 0.003 0.003 0.913 0.005 0.004 0.003 0.003 0.003 0.003 0.004 0.004 0.002 0.013 0.008 0.005 0.006 
267 QAc-G-0243    (0)   :  0.018 0.034 0.007 0.007 0.010 0.005 0.468 0.034 0.014 0.003 0.129 0.004 0.009 0.045 0.012 0.005 0.048 0.050 0.052 0.047 
268 QAc-G-0244    (0)   :  0.006 0.007 0.004 0.004 0.004 0.003 0.005 0.006 0.903 0.004 0.012 0.004 0.005 0.003 0.007 0.006 0.003 0.003 0.008 0.003 
269 QAc-G-0245    (0)   :  0.004 0.006 0.003 0.003 0.003 0.005 0.005 0.003 0.911 0.005 0.004 0.003 0.005 0.004 0.004 0.003 0.004 0.012 0.004 0.008 
270 QAc-G-0246    (0)   :  0.002 0.003 0.002 0.002 0.003 0.002 0.003 0.002 0.003 0.003 0.003 0.002 0.003 0.003 0.002 0.003 0.948 0.002 0.003 0.003 
271 QAc-G-0247    (0)   :  0.002 0.003 0.003 0.002 0.003 0.003 0.004 0.002 0.005 0.002 0.003 0.002 0.003 0.003 0.003 0.002 0.948 0.003 0.003 0.002 
272 QAc-G-0248    (0)   :  0.002 0.015 0.007 0.004 0.004 0.003 0.015 0.004 0.306 0.003 0.009 0.003 0.004 0.004 0.008 0.007 0.188 0.402 0.008 0.004 
273 QAc-G-0249    (0)   :  0.008 0.039 0.006 0.003 0.036 0.005 0.008 0.115 0.008 0.013 0.025 0.012 0.004 0.618 0.005 0.016 0.003 0.036 0.036 0.002 
274 QAc-G-0025    (0)   :  0.004 0.002 0.002 0.003 0.003 0.002 0.003 0.002 0.003 0.003 0.002 0.951 0.002 0.002 0.003 0.002 0.003 0.003 0.002 0.002 
275 QAc-G-0028    (0)   :  0.006 0.037 0.003 0.011 0.009 0.004 0.768 0.006 0.035 0.008 0.008 0.008 0.007 0.013 0.012 0.002 0.023 0.017 0.016 0.006 
276 QAc-G-0275    (0)   :  0.008 0.003 0.003 0.919 0.004 0.004 0.004 0.002 0.002 0.008 0.003 0.009 0.003 0.002 0.008 0.003 0.006 0.003 0.003 0.002 
277 QAc-G-0263    (0)   :  0.006 0.013 0.021 0.005 0.090 0.401 0.007 0.237 0.004 0.009 0.025 0.008 0.004 0.025 0.104 0.008 0.004 0.005 0.020 0.003 
278 QAc-W-0001    (0)   :  0.004 0.012 0.003 0.002 0.003 0.002 0.005 0.005 0.010 0.002 0.005 0.003 0.008 0.004 0.003 0.008 0.004 0.891 0.007 0.018 
279 QAc-W-0002    (0)   :  0.003 0.083 0.011 0.004 0.028 0.006 0.015 0.008 0.252 0.018 0.022 0.003 0.037 0.025 0.004 0.019 0.387 0.028 0.042 0.003 
280 QAc-W-0003    (0)   :  0.061 0.014 0.012 0.016 0.005 0.022 0.011 0.007 0.005 0.006 0.015 0.007 0.009 0.004 0.011 0.010 0.011 0.755 0.014 0.008 
281 QAc-W-0004    (0)   :  0.008 0.004 0.003 0.003 0.005 0.003 0.008 0.004 0.008 0.005 0.003 0.007 0.003 0.004 0.004 0.003 0.004 0.915 0.003 0.003 
282 QAc-W-0005    (0)   :  0.004 0.006 0.002 0.002 0.005 0.004 0.004 0.006 0.005 0.003 0.005 0.003 0.004 0.005 0.003 0.004 0.003 0.923 0.005 0.004 
283 QAc-W-0006    (0)   :  0.006 0.005 0.004 0.003 0.005 0.002 0.006 0.006 0.006 0.004 0.005 0.004 0.008 0.005 0.004 0.005 0.003 0.911 0.004 0.004 
284 QAc-W-0007   (13)   :  0.005 0.005 0.004 0.003 0.006 0.003 0.008 0.007 0.011 0.003 0.005 0.003 0.005 0.006 0.004 0.004 0.007 0.904 0.005 0.004 
285 QAc-W-0008    (6)   :  0.003 0.022 0.013 0.003 0.006 0.003 0.016 0.006 0.014 0.004 0.013 0.002 0.006 0.017 0.003 0.006 0.006 0.835 0.020 0.002 
286 QAc-W-0009    (0)   :  0.009 0.043 0.020 0.006 0.010 0.004 0.022 0.008 0.020 0.014 0.089 0.003 0.123 0.017 0.003 0.077 0.427 0.034 0.063 0.006 
287 QAc-W-0010    (0)   :  0.004 0.020 0.014 0.005 0.007 0.013 0.044 0.077 0.007 0.004 0.022 0.003 0.025 0.034 0.006 0.008 0.011 0.663 0.019 0.015 
288 QAc-W-0011    (0)   :  0.011 0.071 0.012 0.005 0.017 0.012 0.033 0.017 0.038 0.039 0.033 0.005 0.017 0.005 0.040 0.018 0.079 0.498 0.042 0.009 
289 QAc-W-0012    (0)   :  0.003 0.212 0.009 0.005 0.018 0.004 0.084 0.008 0.094 0.019 0.011 0.005 0.006 0.008 0.004 0.007 0.053 0.415 0.025 0.010 
290 QAc-W-0013    (0)   :  0.045 0.043 0.005 0.050 0.011 0.004 0.024 0.006 0.120 0.008 0.015 0.036 0.431 0.006 0.008 0.013 0.120 0.031 0.020 0.004 
291 QAc-W-0014    (0)   :  0.004 0.023 0.004 0.003 0.003 0.010 0.052 0.012 0.015 0.003 0.009 0.005 0.005 0.031 0.005 0.003 0.013 0.786 0.009 0.005 
292 QAc-W-0015    (0)   :  0.038 0.026 0.003 0.026 0.007 0.054 0.007 0.007 0.668 0.014 0.013 0.013 0.027 0.016 0.030 0.008 0.017 0.012 0.013 0.003 
293 QAc-W-0016    (0)   :  0.011 0.012 0.048 0.004 0.010 0.012 0.027 0.078 0.003 0.004 0.011 0.017 0.003 0.012 0.010 0.010 0.006 0.707 0.015 0.002 
294 QAc-W-0017    (0)   :  0.044 0.102 0.010 0.039 0.015 0.087 0.019 0.039 0.154 0.010 0.115 0.004 0.026 0.104 0.022 0.019 0.007 0.027 0.147 0.009 
295 QAc-W-0018    (0)   :  0.026 0.036 0.047 0.012 0.010 0.003 0.035 0.364 0.009 0.003 0.026 0.011 0.013 0.009 0.060 0.009 0.014 0.255 0.050 0.007 
296 QAc-W-0019    (0)   :  0.005 0.019 0.004 0.005 0.005 0.004 0.011 0.010 0.008 0.004 0.008 0.008 0.005 0.010 0.004 0.013 0.004 0.859 0.010 0.004 
297 QAc-W-0020    (0)   :  0.003 0.040 0.006 0.002 0.006 0.003 0.056 0.012 0.006 0.003 0.020 0.003 0.005 0.004 0.003 0.006 0.004 0.727 0.042 0.050 
298 QAc-W-0021    (0)   :  0.007 0.035 0.006 0.005 0.026 0.003 0.048 0.218 0.006 0.008 0.040 0.107 0.008 0.008 0.069 0.030 0.013 0.280 0.075 0.008 
299 QAc-W-0022    (0)   :  0.007 0.059 0.006 0.004 0.035 0.032 0.071 0.216 0.154 0.007 0.075 0.015 0.016 0.067 0.064 0.010 0.013 0.026 0.118 0.005 
300 QAc-W-0023    (6)   :  0.014 0.101 0.006 0.004 0.005 0.004 0.103 0.015 0.057 0.003 0.120 0.015 0.093 0.055 0.004 0.023 0.018 0.147 0.178 0.036 
301 QAc-W-0024    (0)   :  0.061 0.055 0.005 0.019 0.046 0.004 0.016 0.027 0.014 0.029 0.039 0.025 0.006 0.012 0.068 0.009 0.003 0.487 0.070 0.005 
302 QAc-W-0025    (0)   :  0.005 0.120 0.008 0.008 0.008 0.003 0.175 0.010 0.169 0.005 0.009 0.004 0.005 0.008 0.006 0.006 0.097 0.319 0.031 0.004 
303 QAc-W-0026    (0)   :  0.023 0.295 0.008 0.005 0.084 0.012 0.040 0.009 0.015 0.028 0.009 0.018 0.008 0.025 0.022 0.005 0.003 0.352 0.018 0.020 
304 QAc-W-0027    (0)   :  0.004 0.032 0.007 0.003 0.006 0.003 0.008 0.010 0.523 0.005 0.009 0.003 0.009 0.011 0.006 0.008 0.008 0.331 0.011 0.003 
305 QAc-W-0028    (0)   :  0.003 0.046 0.003 0.003 0.008 0.007 0.011 0.005 0.061 0.006 0.017 0.003 0.034 0.008 0.003 0.008 0.018 0.710 0.042 0.004 
306 QAc-W-0029    (0)   :  0.004 0.031 0.010 0.012 0.005 0.002 0.566 0.011 0.085 0.003 0.018 0.005 0.023 0.004 0.003 0.006 0.051 0.128 0.026 0.007 
307 QAc-W-0030    (0)   :  0.004 0.036 0.017 0.004 0.012 0.008 0.486 0.009 0.070 0.017 0.022 0.004 0.009 0.004 0.005 0.005 0.196 0.043 0.028 0.020 
308 QAc-W-0031    (0)   :  0.017 0.048 0.004 0.021 0.005 0.003 0.010 0.005 0.025 0.005 0.005 0.044 0.012 0.004 0.009 0.006 0.009 0.757 0.009 0.003 
309 QAc-W-0032    (0)   :  0.007 0.029 0.004 0.002 0.003 0.002 0.265 0.009 0.020 0.002 0.006 0.004 0.003 0.008 0.002 0.003 0.026 0.552 0.016 0.035 
310 QAc-W-0033    (0)   :  0.004 0.117 0.035 0.018 0.009 0.009 0.385 0.023 0.012 0.006 0.039 0.006 0.016 0.023 0.006 0.003 0.007 0.120 0.145 0.015 
311 QAc-W-0034    (0)   :  0.003 0.259 0.008 0.002 0.005 0.003 0.093 0.006 0.146 0.005 0.008 0.005 0.028 0.009 0.009 0.024 0.017 0.351 0.014 0.005 
312 QAc-W-0035    (0)   :  0.052 0.060 0.067 0.003 0.019 0.010 0.045 0.118 0.223 0.014 0.024 0.008 0.005 0.026 0.013 0.005 0.143 0.102 0.056 0.005 
313 QAc-W-0036    (0)   :  0.003 0.113 0.005 0.003 0.006 0.004 0.018 0.008 0.162 0.004 0.012 0.004 0.018 0.009 0.006 0.009 0.009 0.539 0.017 0.053 
314 QAc-W-0037    (0)   :  0.010 0.056 0.007 0.008 0.009 0.004 0.010 0.006 0.765 0.019 0.009 0.014 0.005 0.006 0.013 0.003 0.008 0.022 0.011 0.014 
315 QAc-W-0038    (0)   :  0.005 0.130 0.009 0.004 0.010 0.021 0.053 0.011 0.077 0.009 0.118 0.003 0.005 0.008 0.009 0.009 0.018 0.289 0.195 0.017 
316 QAc-W-0039    (0)   :  0.013 0.300 0.004 0.005 0.006 0.016 0.049 0.004 0.056 0.037 0.007 0.004 0.020 0.006 0.026 0.004 0.005 0.418 0.011 0.007 
317 QAc-W-0040    (0)   :  0.014 0.031 0.005 0.007 0.012 0.005 0.015 0.006 0.010 0.007 0.041 0.004 0.004 0.159 0.004 0.004 0.005 0.624 0.031 0.012 
318 QAc-W-0041    (0)   :  0.029 0.132 0.030 0.018 0.013 0.004 0.051 0.010 0.032 0.013 0.016 0.005 0.071 0.010 0.255 0.020 0.025 0.216 0.045 0.005 
319 QAc-W-0042    (0)   :  0.004 0.006 0.006 0.006 0.004 0.003 0.006 0.004 0.008 0.006 0.006 0.002 0.875 0.005 0.007 0.007 0.005 0.005 0.005 0.030 
320 QAc-W-0043    (0)   :  0.004 0.005 0.005 0.005 0.004 0.010 0.003 0.003 0.013 0.005 0.006 0.002 0.902 0.004 0.004 0.010 0.003 0.004 0.005 0.004 
321 QAc-W-0044    (0)   :  0.003 0.008 0.006 0.005 0.027 0.039 0.009 0.009 0.016 0.010 0.006 0.003 0.750 0.027 0.008 0.006 0.008 0.008 0.009 0.042 
322 QAc-W-0045    (0)   :  0.005 0.006 0.087 0.005 0.005 0.003 0.003 0.008 0.013 0.005 0.007 0.003 0.803 0.005 0.004 0.011 0.005 0.005 0.008 0.010 
323 QAc-W-0046    (0)   :  0.007 0.004 0.004 0.005 0.006 0.003 0.004 0.004 0.011 0.006 0.004 0.004 0.904 0.004 0.005 0.005 0.005 0.004 0.004 0.007 
324 QAc-W-0047    (0)   :  0.002 0.006 0.004 0.002 0.004 0.043 0.004 0.005 0.015 0.005 0.005 0.005 0.860 0.007 0.003 0.010 0.006 0.005 0.004 0.006 
325 QAc-W-0048    (0)   :  0.003 0.010 0.007 0.003 0.003 0.003 0.005 0.009 0.005 0.003 0.010 0.007 0.838 0.004 0.012 0.029 0.003 0.013 0.012 0.020 
326 QAc-W-0049    (0)   :  0.003 0.009 0.005 0.003 0.003 0.002 0.004 0.006 0.006 0.003 0.007 0.007 0.794 0.004 0.010 0.045 0.003 0.004 0.009 0.073 
327 QAc-W-0050    (0)   :  0.003 0.015 0.731 0.002 0.009 0.003 0.006 0.029 0.010 0.004 0.013 0.006 0.047 0.010 0.003 0.082 0.006 0.003 0.010 0.005 
328 QAc-W-0051    (0)   :  0.005 0.007 0.859 0.004 0.005 0.011 0.011 0.005 0.004 0.008 0.013 0.004 0.013 0.003 0.003 0.005 0.005 0.005 0.006 0.023 
329 QAc-W-0052    (0)   :  0.002 0.003 0.003 0.002 0.003 0.003 0.006 0.004 0.004 0.004 0.004 0.002 0.005 0.003 0.002 0.003 0.005 0.004 0.003 0.934 
330 QAc-W-0053    (0)   :  0.004 0.008 0.014 0.002 0.004 0.004 0.012 0.008 0.005 0.003 0.008 0.003 0.642 0.007 0.004 0.248 0.006 0.006 0.009 0.005 
331 QAc-W-0054    (0)   :  0.004 0.012 0.251 0.003 0.011 0.034 0.010 0.423 0.004 0.082 0.014 0.004 0.082 0.014 0.012 0.003 0.005 0.005 0.015 0.014 
332 QAc-W-0055    (0)   :  0.012 0.007 0.567 0.004 0.031 0.022 0.007 0.011 0.004 0.239 0.008 0.032 0.016 0.012 0.006 0.002 0.003 0.005 0.008 0.004 
333 QAc-W-0056    (0)   :  0.021 0.028 0.676 0.002 0.008 0.007 0.016 0.016 0.022 0.005 0.025 0.006 0.005 0.011 0.008 0.004 0.045 0.048 0.036 0.010 
334 QAc-W-0057    (0)   :  0.007 0.010 0.638 0.007 0.005 0.146 0.007 0.013 0.018 0.004 0.015 0.030 0.015 0.012 0.007 0.032 0.004 0.005 0.017 0.008 
335 QAc-W-0058    (0)   :  0.024 0.011 0.693 0.006 0.006 0.008 0.004 0.006 0.004 0.009 0.021 0.098 0.037 0.003 0.005 0.031 0.005 0.004 0.009 0.014 
336 QAc-W-0059    (0)   :  0.002 0.003 0.003 0.002 0.003 0.004 0.003 0.003 0.004 0.003 0.003 0.003 0.049 0.003 0.002 0.895 0.002 0.004 0.003 0.004 
337 QAc-W-0060    (0)   :  0.005 0.009 0.008 0.003 0.007 0.801 0.004 0.004 0.047 0.013 0.018 0.003 0.006 0.008 0.003 0.007 0.008 0.004 0.009 0.037 
338 QAc-W-0061    (0)   :  0.003 0.021 0.008 0.017 0.093 0.635 0.005 0.010 0.039 0.037 0.019 0.011 0.015 0.022 0.003 0.023 0.002 0.013 0.020 0.003 
339 QAc-W-0062    (0)   :  0.013 0.005 0.004 0.008 0.006 0.885 0.003 0.003 0.004 0.007 0.013 0.003 0.003 0.009 0.006 0.003 0.003 0.003 0.005 0.015 
340 QAc-W-0063    (0)   :  0.016 0.019 0.009 0.005 0.022 0.732 0.019 0.015 0.006 0.010 0.052 0.006 0.005 0.015 0.009 0.003 0.008 0.017 0.017 0.012 
341 QAc-W-0064    (0)   :  0.010 0.010 0.011 0.007 0.020 0.808 0.008 0.008 0.006 0.016 0.019 0.005 0.004 0.009 0.006 0.004 0.021 0.013 0.011 0.004 
342 QAc-W-0065    (0)   :  0.006 0.014 0.126 0.003 0.010 0.702 0.005 0.022 0.017 0.005 0.011 0.007 0.006 0.020 0.006 0.007 0.005 0.007 0.016 0.005 
343 QAc-W-0066    (0)   :  0.003 0.003 0.002 0.003 0.007 0.003 0.002 0.002 0.003 0.941 0.002 0.004 0.003 0.002 0.007 0.002 0.003 0.003 0.003 0.002 
344 QAc-W-0067    (0)   :  0.003 0.003 0.002 0.003 0.004 0.003 0.002 0.002 0.002 0.950 0.002 0.003 0.003 0.003 0.004 0.002 0.002 0.002 0.002 0.003 
345 QAc-W-0068    (0)   :  0.003 0.003 0.002 0.002 0.012 0.005 0.003 0.002 0.003 0.937 0.003 0.003 0.003 0.002 0.004 0.002 0.003 0.003 0.003 0.002 
346 QAc-W-0069    (0)   :  0.003 0.003 0.002 0.003 0.006 0.005 0.003 0.003 0.004 0.940 0.003 0.004 0.002 0.003 0.005 0.002 0.003 0.003 0.003 0.002 
347 QAc-W-0070    (0)   :  0.003 0.003 0.003 0.002 0.007 0.369 0.002 0.002 0.003 0.581 0.003 0.003 0.003 0.003 0.003 0.002 0.002 0.002 0.002 0.003 
348 QAc-W-0071    (6)   :  0.006 0.005 0.004 0.005 0.057 0.651 0.005 0.006 0.006 0.206 0.005 0.009 0.005 0.004 0.005 0.004 0.005 0.004 0.006 0.003 
349 QAc-W-0072    (0)   :  0.011 0.015 0.019 0.004 0.007 0.732 0.013 0.026 0.006 0.004 0.008 0.005 0.004 0.092 0.004 0.003 0.004 0.029 0.011 0.004 
350 QAc-W-0073    (0)   :  0.003 0.010 0.010 0.005 0.012 0.795 0.004 0.008 0.006 0.004 0.014 0.005 0.013 0.006 0.014 0.059 0.006 0.009 0.011 0.005 
351 QAc-W-0074    (0)   :  0.006 0.004 0.003 0.002 0.005 0.929 0.003 0.004 0.005 0.004 0.003 0.005 0.002 0.004 0.003 0.003 0.003 0.005 0.003 0.003 
352 QAc-W-0075    (0)   :  0.004 0.003 0.003 0.003 0.012 0.906 0.003 0.005 0.003 0.020 0.004 0.006 0.002 0.003 0.006 0.003 0.003 0.003 0.003 0.002 
353 QAc-W-0076    (0)   :  0.005 0.004 0.005 0.003 0.005 0.894 0.005 0.006 0.004 0.004 0.006 0.010 0.004 0.024 0.004 0.004 0.003 0.004 0.005 0.002 
354 QAc-W-0077    (0)   :  0.004 0.011 0.029 0.004 0.078 0.642 0.005 0.003 0.008 0.131 0.005 0.002 0.043 0.006 0.005 0.004 0.003 0.006 0.006 0.004 
355 QAc-W-0078    (0)   :  0.181 0.131 0.012 0.020 0.048 0.004 0.039 0.039 0.011 0.039 0.048 0.139 0.006 0.034 0.067 0.003 0.011 0.020 0.142 0.008 
356 QAc-W-0079    (6)   :  0.006 0.006 0.005 0.003 0.010 0.005 0.005 0.004 0.009 0.013 0.004 0.892 0.005 0.006 0.006 0.004 0.004 0.006 0.005 0.004 
357 QAc-W-0080   (13)   :  0.005 0.013 0.003 0.003 0.003 0.003 0.025 0.004 0.003 0.003 0.004 0.881 0.002 0.003 0.005 0.006 0.003 0.024 0.005 0.002 
358 QAc-W-0081    (0)   :  0.398 0.009 0.004 0.459 0.004 0.005 0.005 0.004 0.003 0.003 0.007 0.043 0.004 0.004 0.012 0.003 0.007 0.008 0.009 0.009 
359 QAc-W-0082    (0)   :  0.124 0.017 0.521 0.250 0.006 0.005 0.006 0.006 0.006 0.003 0.006 0.007 0.003 0.006 0.012 0.005 0.004 0.004 0.008 0.002 
360 QAc-W-0083    (0)   :  0.888 0.006 0.006 0.004 0.006 0.013 0.005 0.004 0.005 0.007 0.005 0.006 0.004 0.009 0.006 0.004 0.004 0.006 0.005 0.005 
361 QAc-W-0084    (0)   :  0.895 0.004 0.003 0.031 0.006 0.004 0.004 0.003 0.004 0.006 0.004 0.008 0.004 0.003 0.005 0.003 0.004 0.004 0.003 0.003 
362 QAc-W-0085    (0)   :  0.005 0.002 0.002 0.947 0.003 0.002 0.002 0.002 0.002 0.004 0.002 0.003 0.003 0.002 0.006 0.002 0.002 0.002 0.002 0.003 
363 QAc-W-0086    (0)   :  0.053 0.010 0.004 0.839 0.006 0.003 0.006 0.007 0.003 0.005 0.005 0.006 0.004 0.017 0.009 0.003 0.003 0.009 0.006 0.003 
364 QAc-W-0087    (0)   :  0.610 0.010 0.005 0.159 0.009 0.003 0.009 0.006 0.004 0.005 0.006 0.029 0.007 0.014 0.093 0.011 0.002 0.005 0.009 0.003 
365 QAc-W-0088    (0)   :  0.905 0.006 0.005 0.004 0.003 0.003 0.003 0.006 0.003 0.003 0.005 0.009 0.003 0.003 0.008 0.014 0.003 0.003 0.008 0.002 
366 QAc-W-0089    (0)   :  0.704 0.006 0.014 0.038 0.007 0.005 0.025 0.010 0.006 0.011 0.007 0.102 0.011 0.003 0.019 0.003 0.011 0.006 0.006 0.004 
367 QAc-W-0090    (0)   :  0.794 0.007 0.014 0.043 0.009 0.003 0.023 0.008 0.005 0.009 0.007 0.025 0.010 0.004 0.009 0.004 0.012 0.005 0.007 0.004 
368 QAc-W-0091    (0)   :  0.578 0.021 0.010 0.045 0.005 0.004 0.012 0.022 0.004 0.004 0.022 0.089 0.005 0.013 0.125 0.008 0.003 0.007 0.018 0.007 
369 QAc-W-0092    (0)   :  0.062 0.059 0.005 0.018 0.004 0.004 0.009 0.004 0.015 0.005 0.007 0.010 0.008 0.008 0.621 0.008 0.007 0.036 0.017 0.095 
370 QAc-W-0093    (0)   :  0.172 0.078 0.015 0.052 0.006 0.004 0.014 0.007 0.005 0.002 0.185 0.239 0.003 0.016 0.005 0.016 0.059 0.014 0.102 0.004 
371 QAc-W-0094    (0)   :  0.786 0.011 0.006 0.004 0.004 0.009 0.023 0.012 0.005 0.003 0.019 0.004 0.005 0.007 0.011 0.005 0.009 0.027 0.009 0.042 
372 QAc-W-0095    (0)   :  0.907 0.004 0.004 0.003 0.003 0.005 0.006 0.005 0.004 0.003 0.005 0.015 0.004 0.003 0.005 0.003 0.004 0.006 0.004 0.009 
373 QAc-W-0096    (0)   :  0.778 0.007 0.008 0.005 0.011 0.016 0.024 0.013 0.004 0.004 0.016 0.006 0.007 0.006 0.011 0.007 0.005 0.014 0.010 0.046 
374 QAc-W-0097    (0)   :  0.502 0.032 0.016 0.022 0.014 0.006 0.014 0.009 0.055 0.007 0.121 0.038 0.023 0.004 0.010 0.048 0.008 0.020 0.046 0.004 
375 QAc-W-0098    (0)   :  0.518 0.005 0.004 0.004 0.003 0.003 0.005 0.008 0.004 0.003 0.004 0.223 0.003 0.003 0.184 0.007 0.004 0.004 0.006 0.004 
376 QAc-W-0099    (0)   :  0.008 0.012 0.008 0.412 0.006 0.003 0.013 0.036 0.011 0.003 0.014 0.004 0.011 0.014 0.409 0.005 0.013 0.003 0.008 0.006 
377 QAc-W-0100    (0)   :  0.851 0.004 0.005 0.005 0.003 0.003 0.003 0.020 0.003 0.003 0.005 0.008 0.002 0.003 0.065 0.003 0.003 0.003 0.006 0.002 
378 QAc-W-0101    (0)   :  0.549 0.012 0.006 0.082 0.022 0.012 0.005 0.007 0.006 0.020 0.006 0.021 0.005 0.009 0.214 0.004 0.002 0.007 0.008 0.003 
379 QAc-W-0104    (0)   :  0.049 0.005 0.006 0.732 0.003 0.004 0.008 0.013 0.005 0.003 0.007 0.117 0.008 0.008 0.008 0.007 0.003 0.005 0.007 0.003 
380 QAc-W-0105    (0)   :  0.017 0.003 0.003 0.012 0.003 0.004 0.003 0.003 0.003 0.004 0.002 0.019 0.002 0.003 0.906 0.002 0.003 0.003 0.003 0.003 
381 QAc-W-0106    (0)   :  0.009 0.003 0.003 0.009 0.004 0.002 0.003 0.006 0.003 0.004 0.004 0.005 0.003 0.003 0.918 0.002 0.003 0.003 0.004 0.006 
382 QAc-W-0107    (0)   :  0.005 0.003 0.003 0.006 0.004 0.006 0.003 0.003 0.003 0.004 0.003 0.934 0.003 0.003 0.004 0.003 0.002 0.003 0.003 0.003 
383 QAc-W-0108    (0)   :  0.003 0.003 0.002 0.003 0.003 0.003 0.003 0.002 0.002 0.003 0.002 0.951 0.002 0.002 0.003 0.002 0.003 0.003 0.002 0.002 
384 QAc-W-0109    (0)   :  0.553 0.011 0.006 0.065 0.016 0.007 0.030 0.006 0.005 0.022 0.017 0.141 0.039 0.005 0.025 0.016 0.006 0.007 0.013 0.010 
385 QAc-W-0110   (13)   :  0.043 0.102 0.004 0.165 0.009 0.003 0.024 0.005 0.004 0.005 0.004 0.006 0.004 0.007 0.175 0.004 0.003 0.421 0.008 0.003 
386 QAc-W-0111    (6)   :  0.005 0.003 0.002 0.005 0.003 0.003 0.003 0.004 0.004 0.005 0.004 0.565 0.004 0.003 0.372 0.003 0.004 0.003 0.003 0.003 
387 QAc-W-0112   (13)   :  0.870 0.006 0.008 0.008 0.004 0.003 0.004 0.011 0.008 0.003 0.008 0.021 0.003 0.006 0.006 0.009 0.005 0.005 0.009 0.004 
388 QAc-W-0113   (13)   :  0.009 0.007 0.006 0.004 0.005 0.004 0.009 0.013 0.011 0.003 0.009 0.005 0.006 0.869 0.003 0.004 0.010 0.012 0.008 0.003 
389 QAc-W-0114   (13)   :  0.008 0.008 0.004 0.005 0.005 0.004 0.005 0.010 0.006 0.005 0.009 0.028 0.015 0.842 0.005 0.015 0.003 0.006 0.009 0.007 
390 QAc-W-0115    (0)   :  0.011 0.014 0.004 0.004 0.009 0.005 0.008 0.044 0.011 0.005 0.009 0.004 0.003 0.830 0.005 0.003 0.006 0.009 0.011 0.005 
391 QAc-W-0116    (0)   :  0.004 0.009 0.005 0.003 0.003 0.003 0.010 0.009 0.013 0.002 0.012 0.004 0.011 0.841 0.006 0.013 0.019 0.008 0.013 0.012 
392 QAc-W-0117    (0)   :  0.002 0.007 0.003 0.004 0.006 0.004 0.007 0.009 0.008 0.004 0.006 0.002 0.005 0.901 0.002 0.011 0.005 0.004 0.006 0.003 
393 QAc-W-0118    (0)   :  0.009 0.008 0.006 0.017 0.032 0.030 0.007 0.014 0.005 0.021 0.006 0.019 0.004 0.790 0.006 0.005 0.004 0.006 0.008 0.004 
394 QAc-W-0119    (0)   :  0.003 0.009 0.008 0.002 0.009 0.003 0.005 0.020 0.006 0.009 0.018 0.005 0.006 0.858 0.006 0.003 0.008 0.005 0.011 0.006 
395 QAc-W-0120    (0)   :  0.004 0.015 0.005 0.009 0.016 0.008 0.011 0.012 0.004 0.012 0.017 0.003 0.006 0.802 0.013 0.008 0.029 0.007 0.017 0.003 
396 QAc-W-0121    (0)   :  0.002 0.011 0.019 0.003 0.029 0.008 0.008 0.006 0.005 0.049 0.009 0.004 0.016 0.796 0.002 0.006 0.009 0.005 0.011 0.002 
397 QAc-W-0122    (0)   :  0.003 0.017 0.008 0.004 0.006 0.006 0.020 0.014 0.005 0.003 0.020 0.005 0.009 0.803 0.006 0.017 0.009 0.019 0.023 0.004 
398 QAc-W-0123    (6)   :  0.006 0.020 0.010 0.025 0.008 0.007 0.008 0.015 0.015 0.007 0.034 0.007 0.007 0.771 0.008 0.009 0.006 0.004 0.024 0.009 
399 QAc-W-0124    (0)   :  0.017 0.058 0.006 0.024 0.007 0.121 0.009 0.008 0.025 0.008 0.009 0.006 0.004 0.548 0.098 0.003 0.008 0.018 0.014 0.008 
400 QAc-W-0125    (0)   :  0.010 0.007 0.006 0.013 0.007 0.006 0.005 0.022 0.008 0.008 0.010 0.011 0.005 0.839 0.009 0.007 0.002 0.007 0.009 0.008 
401 QAc-W-0126   (13)   :  0.014 0.022 0.012 0.080 0.009 0.007 0.014 0.035 0.009 0.006 0.035 0.009 0.014 0.673 0.010 0.006 0.004 0.007 0.026 0.010 
402 QAc-W-0127    (6)   :  0.003 0.008 0.006 0.003 0.006 0.005 0.007 0.169 0.005 0.004 0.018 0.004 0.006 0.711 0.016 0.004 0.005 0.009 0.008 0.005 
403 QAc-W-0128   (13)   :  0.055 0.018 0.005 0.010 0.018 0.004 0.009 0.020 0.007 0.011 0.012 0.021 0.007 0.734 0.014 0.015 0.006 0.018 0.015 0.003 
404 QAc-W-0129   (13)   :  0.006 0.064 0.004 0.003 0.032 0.009 0.023 0.015 0.005 0.005 0.019 0.005 0.005 0.699 0.003 0.026 0.012 0.041 0.021 0.004 
405 QAc-W-0130   (13)   :  0.006 0.015 0.004 0.009 0.007 0.003 0.021 0.072 0.004 0.005 0.010 0.004 0.006 0.733 0.005 0.012 0.028 0.042 0.011 0.003 
406 QAc-W-0131    (0)   :  0.005 0.016 0.008 0.004 0.017 0.007 0.020 0.599 0.004 0.003 0.024 0.006 0.003 0.206 0.007 0.005 0.004 0.007 0.022 0.036 
407 QAc-W-0132    (6)   :  0.015 0.021 0.007 0.016 0.072 0.020 0.014 0.069 0.028 0.033 0.010 0.009 0.005 0.611 0.007 0.004 0.017 0.013 0.016 0.015 
408 QAc-W-0133    (6)   :  0.008 0.010 0.008 0.005 0.179 0.005 0.005 0.577 0.003 0.017 0.027 0.004 0.007 0.053 0.055 0.004 0.004 0.006 0.019 0.003 
409 QAc-W-0134    (0)   :  0.004 0.004 0.003 0.003 0.005 0.004 0.003 0.004 0.005 0.003 0.005 0.004 0.005 0.925 0.004 0.004 0.003 0.003 0.004 0.004 
410 QAc-W-0135    (0)   :  0.004 0.011 0.004 0.005 0.007 0.018 0.010 0.008 0.026 0.012 0.008 0.008 0.007 0.750 0.005 0.007 0.012 0.086 0.009 0.003 
411 QAc-W-0136    (0)   :  0.003 0.005 0.004 0.005 0.004 0.003 0.004 0.009 0.006 0.002 0.006 0.002 0.003 0.920 0.003 0.003 0.004 0.003 0.004 0.008 
412 QAc-W-0137    (0)   :  0.002 0.004 0.003 0.002 0.004 0.004 0.004 0.004 0.003 0.003 0.004 0.002 0.003 0.938 0.002 0.002 0.005 0.003 0.003 0.004 
413 QAc-W-0138    (0)   :  0.002 0.004 0.003 0.002 0.004 0.003 0.006 0.035 0.005 0.003 0.005 0.002 0.003 0.900 0.003 0.003 0.005 0.005 0.004 0.005 
414 QAc-W-0139    (0)   :  0.041 0.027 0.010 0.003 0.158 0.075 0.050 0.220 0.007 0.004 0.012 0.020 0.006 0.276 0.016 0.004 0.006 0.032 0.024 0.007 
415 QAc-W-0140    (0)   :  0.005 0.016 0.015 0.002 0.006 0.004 0.017 0.008 0.017 0.004 0.016 0.003 0.048 0.768 0.005 0.026 0.008 0.010 0.020 0.003 
416 QAc-W-0141    (6)   :  0.005 0.029 0.020 0.004 0.045 0.007 0.212 0.248 0.078 0.014 0.062 0.006 0.010 0.135 0.007 0.030 0.015 0.016 0.053 0.004 
417 QAc-W-0142    (0)   :  0.004 0.004 0.008 0.003 0.010 0.013 0.003 0.014 0.003 0.006 0.005 0.006 0.005 0.890 0.003 0.004 0.004 0.004 0.007 0.003 
418 QAc-W-0143    (0)   :  0.005 0.010 0.005 0.022 0.006 0.006 0.007 0.015 0.003 0.002 0.014 0.003 0.013 0.849 0.005 0.007 0.005 0.007 0.011 0.003 
419 QAc-W-0144    (0)   :  0.004 0.008 0.012 0.008 0.004 0.004 0.009 0.007 0.006 0.002 0.023 0.003 0.158 0.695 0.002 0.029 0.003 0.005 0.012 0.005 
420 QAc-W-0145    (0)   :  0.003 0.009 0.006 0.005 0.007 0.005 0.003 0.005 0.004 0.003 0.010 0.002 0.004 0.904 0.003 0.005 0.002 0.004 0.010 0.004 
421 QAc-W-0146    (0)   :  0.007 0.006 0.004 0.003 0.006 0.003 0.013 0.010 0.018 0.004 0.006 0.005 0.005 0.859 0.008 0.003 0.024 0.006 0.005 0.004 
422 QAc-W-0147    (0)   :  0.004 0.004 0.003 0.005 0.004 0.007 0.005 0.007 0.003 0.002 0.004 0.004 0.002 0.926 0.003 0.003 0.004 0.005 0.004 0.002 
423 QAc-W-0148    (0)   :  0.003 0.005 0.004 0.002 0.004 0.006 0.005 0.008 0.012 0.003 0.004 0.003 0.004 0.913 0.003 0.003 0.004 0.005 0.004 0.006 
424 QAc-W-0149    (0)   :  0.005 0.017 0.006 0.052 0.015 0.007 0.046 0.135 0.004 0.003 0.014 0.004 0.048 0.576 0.006 0.017 0.004 0.013 0.019 0.009 
425 QAc-W-0150    (0)   :  0.011 0.020 0.006 0.008 0.006 0.006 0.034 0.138 0.016 0.007 0.011 0.024 0.007 0.597 0.018 0.005 0.029 0.029 0.020 0.008 
426 QAc-W-0151    (0)   :  0.008 0.010 0.006 0.002 0.005 0.005 0.006 0.019 0.045 0.004 0.007 0.007 0.004 0.835 0.009 0.006 0.004 0.006 0.007 0.005 
427 QAc-W-0152    (0)   :  0.003 0.004 0.007 0.006 0.006 0.008 0.004 0.003 0.006 0.004 0.004 0.003 0.009 0.913 0.003 0.003 0.004 0.004 0.004 0.003 
428 QAc-W-0153    (0)   :  0.011 0.173 0.006 0.005 0.024 0.023 0.034 0.022 0.021 0.005 0.122 0.035 0.004 0.015 0.012 0.010 0.025 0.006 0.442 0.004 
429 QAc-W-0154    (0)   :  0.003 0.019 0.007 0.004 0.014 0.003 0.028 0.028 0.004 0.003 0.030 0.002 0.003 0.705 0.013 0.008 0.020 0.072 0.030 0.003 
430 QAc-W-0155    (0)   :  0.003 0.004 0.006 0.002 0.004 0.005 0.005 0.005 0.005 0.003 0.006 0.003 0.006 0.923 0.003 0.003 0.003 0.005 0.004 0.003 
431 QAc-W-0156    (0)   :  0.047 0.019 0.006 0.014 0.007 0.003 0.026 0.048 0.026 0.003 0.015 0.064 0.004 0.621 0.004 0.004 0.013 0.041 0.023 0.010 
432 QAc-W-0157    (0)   :  0.003 0.048 0.007 0.005 0.020 0.013 0.006 0.009 0.020 0.008 0.025 0.002 0.009 0.709 0.004 0.012 0.011 0.004 0.060 0.025 
433 QAc-W-0158    (0)   :  0.074 0.014 0.004 0.011 0.014 0.005 0.028 0.014 0.017 0.018 0.007 0.010 0.004 0.690 0.016 0.004 0.027 0.028 0.009 0.004 
434 QAc-W-0159    (0)   :  0.003 0.010 0.005 0.006 0.008 0.003 0.006 0.007 0.004 0.006 0.008 0.006 0.005 0.891 0.003 0.004 0.004 0.006 0.008 0.007 
435 QAc-W-0160    (0)   :  0.006 0.018 0.004 0.004 0.009 0.005 0.032 0.040 0.014 0.003 0.025 0.004 0.005 0.754 0.003 0.003 0.021 0.018 0.028 0.005 
436 QAc-W-0161    (0)   :  0.004 0.011 0.008 0.002 0.003 0.002 0.020 0.079 0.021 0.005 0.016 0.003 0.011 0.669 0.005 0.006 0.022 0.011 0.013 0.087 
437 QAc-W-0162    (0)   :  0.006 0.006 0.011 0.002 0.007 0.136 0.004 0.011 0.003 0.004 0.010 0.002 0.008 0.738 0.006 0.016 0.004 0.003 0.008 0.016 
438 QAc-W-0163    (0)   :  0.004 0.007 0.093 0.003 0.003 0.004 0.004 0.005 0.006 0.004 0.008 0.003 0.016 0.810 0.003 0.005 0.005 0.004 0.009 0.004 
439 QAc-W-0164    (0)   :  0.006 0.008 0.009 0.003 0.013 0.014 0.004 0.139 0.005 0.005 0.010 0.004 0.006 0.740 0.007 0.004 0.003 0.006 0.008 0.008 
440 QAc-W-0165    (0)   :  0.003 0.023 0.005 0.002 0.063 0.008 0.010 0.018 0.003 0.020 0.063 0.002 0.002 0.700 0.003 0.006 0.012 0.004 0.044 0.008 
441 QAc-W-0166    (0)   :  0.007 0.007 0.012 0.002 0.004 0.005 0.005 0.010 0.016 0.005 0.008 0.003 0.008 0.819 0.006 0.003 0.003 0.063 0.008 0.005 


Estimated Allele Frequencies in each cluster
First column gives estimated ancestral frequencies


Locus 1 : 
21 alleles
0.5% missing data
 210   (0.120) 0.090 0.080 0.098 0.289 0.025 0.012 0.042 0.131 0.073 0.001 0.107 0.323 0.189 0.174 0.029 0.371 0.011 0.024 0.108 0.003 
 212   (0.108) 0.309 0.169 0.119 0.011 0.036 0.009 0.089 0.244 0.402 0.316 0.063 0.226 0.013 0.064 0.582 0.038 0.100 0.037 0.099 0.003 
 202   (0.067) 0.161 0.063 0.028 0.003 0.009 0.003 0.040 0.106 0.011 0.001 0.049 0.241 0.007 0.006 0.009 0.010 0.040 0.049 0.076 0.368 
 226   (0.064) 0.140 0.042 0.026 0.234 0.242 0.053 0.009 0.029 0.003 0.182 0.093 0.001 0.008 0.004 0.217 0.009 0.004 0.005 0.058 0.204 
 216   (0.066) 0.044 0.054 0.021 0.311 0.014 0.047 0.023 0.024 0.003 0.001 0.108 0.001 0.009 0.103 0.049 0.043 0.005 0.012 0.061 0.327 
 200   (0.250) 0.043 0.263 0.127 0.105 0.596 0.125 0.649 0.292 0.338 0.412 0.275 0.202 0.314 0.161 0.059 0.276 0.759 0.550 0.264 0.085 
 224   (0.039) 0.002 0.058 0.013 0.004 0.010 0.379 0.030 0.013 0.152 0.084 0.046 0.001 0.005 0.002 0.008 0.004 0.013 0.013 0.056 0.001 
 218   (0.045) 0.146 0.088 0.029 0.025 0.014 0.008 0.058 0.048 0.002 0.000 0.028 0.001 0.005 0.166 0.022 0.005 0.003 0.070 0.039 0.001 
 222   (0.019) 0.001 0.014 0.007 0.001 0.007 0.001 0.004 0.010 0.001 0.000 0.038 0.000 0.002 0.241 0.003 0.002 0.001 0.004 0.019 0.001 
 228   (0.005) 0.000 0.002 0.001 0.000 0.001 0.228 0.001 0.001 0.000 0.000 0.002 0.000 0.000 0.000 0.000 0.000 0.000 0.000 0.003 0.000 
 214   (0.038) 0.002 0.025 0.478 0.001 0.008 0.125 0.006 0.016 0.002 0.000 0.029 0.001 0.261 0.045 0.004 0.005 0.002 0.003 0.033 0.001 
 208   (0.057) 0.056 0.049 0.016 0.012 0.013 0.003 0.025 0.018 0.007 0.001 0.082 0.002 0.006 0.003 0.007 0.075 0.053 0.210 0.065 0.001 
 220   (0.017) 0.001 0.019 0.005 0.001 0.004 0.001 0.003 0.005 0.001 0.000 0.019 0.000 0.002 0.008 0.002 0.002 0.001 0.001 0.023 0.000 
 206   (0.025) 0.001 0.018 0.014 0.001 0.012 0.001 0.006 0.043 0.001 0.000 0.018 0.000 0.003 0.016 0.003 0.095 0.002 0.013 0.021 0.001 
 196   (0.010) 0.000 0.008 0.002 0.001 0.001 0.000 0.001 0.003 0.000 0.000 0.007 0.000 0.001 0.001 0.001 0.001 0.001 0.001 0.009 0.000 
 238   (0.012) 0.000 0.008 0.003 0.000 0.002 0.001 0.002 0.004 0.000 0.000 0.009 0.000 0.001 0.002 0.001 0.002 0.001 0.001 0.013 0.000 
 121   (0.010) 0.000 0.009 0.003 0.000 0.002 0.001 0.006 0.003 0.001 0.000 0.006 0.000 0.001 0.001 0.001 0.001 0.001 0.003 0.011 0.001 
 204   (0.018) 0.001 0.010 0.004 0.001 0.002 0.001 0.002 0.005 0.001 0.000 0.008 0.000 0.002 0.001 0.002 0.046 0.001 0.001 0.015 0.000 
 190   (0.010) 0.000 0.008 0.002 0.000 0.001 0.000 0.001 0.002 0.000 0.000 0.004 0.000 0.001 0.001 0.001 0.001 0.001 0.001 0.009 0.000 
 198   (0.010) 0.000 0.007 0.002 0.000 0.001 0.000 0.001 0.003 0.001 0.000 0.005 0.000 0.002 0.001 0.001 0.013 0.001 0.001 0.008 0.000 
 232   (0.010) 0.000 0.006 0.002 0.000 0.001 0.000 0.001 0.002 0.000 0.000 0.004 0.000 0.167 0.001 0.001 0.001 0.001 0.001 0.007 0.000 

Locus 2 : 
15 alleles
1.6% missing data
 171   (0.232) 0.118 0.264 0.273 0.027 0.054 0.025 0.178 0.122 0.451 0.002 0.326 0.254 0.385 0.058 0.056 0.603 0.211 0.334 0.281 0.422 
 175   (0.109) 0.013 0.125 0.181 0.305 0.179 0.017 0.060 0.052 0.022 0.132 0.124 0.445 0.016 0.016 0.025 0.026 0.013 0.025 0.104 0.129 
 185   (0.063) 0.078 0.043 0.039 0.017 0.016 0.037 0.125 0.043 0.003 0.001 0.076 0.292 0.007 0.256 0.014 0.006 0.009 0.005 0.054 0.002 
 181   (0.094) 0.606 0.118 0.030 0.417 0.358 0.021 0.135 0.045 0.112 0.428 0.047 0.002 0.321 0.005 0.840 0.010 0.049 0.020 0.084 0.002 
 179   (0.054) 0.003 0.035 0.014 0.002 0.240 0.424 0.010 0.169 0.003 0.001 0.029 0.001 0.014 0.289 0.007 0.012 0.010 0.004 0.046 0.344 
 173   (0.195) 0.031 0.207 0.263 0.219 0.098 0.086 0.388 0.280 0.349 0.434 0.204 0.003 0.209 0.181 0.027 0.038 0.656 0.119 0.174 0.092 
 177   (0.023) 0.001 0.016 0.017 0.001 0.007 0.372 0.007 0.014 0.001 0.000 0.015 0.000 0.002 0.069 0.003 0.002 0.001 0.002 0.018 0.003 
 183   (0.061) 0.053 0.039 0.015 0.003 0.020 0.003 0.018 0.103 0.003 0.001 0.067 0.001 0.008 0.084 0.008 0.207 0.004 0.005 0.062 0.002 
 187   (0.088) 0.004 0.089 0.151 0.005 0.016 0.011 0.054 0.150 0.050 0.001 0.072 0.001 0.028 0.014 0.011 0.062 0.041 0.098 0.103 0.002 
 189   (0.019) 0.001 0.023 0.004 0.001 0.003 0.001 0.017 0.006 0.003 0.000 0.009 0.000 0.002 0.019 0.002 0.002 0.001 0.384 0.016 0.000 
 191   (0.020) 0.091 0.011 0.004 0.002 0.002 0.001 0.003 0.005 0.001 0.000 0.011 0.000 0.004 0.001 0.005 0.026 0.001 0.001 0.018 0.001 
 163   (0.010) 0.000 0.007 0.002 0.000 0.001 0.000 0.001 0.002 0.000 0.000 0.004 0.000 0.001 0.001 0.001 0.001 0.001 0.001 0.010 0.000 
 165   (0.011) 0.000 0.008 0.002 0.000 0.001 0.000 0.001 0.002 0.000 0.000 0.004 0.000 0.001 0.001 0.001 0.001 0.001 0.001 0.011 0.000 
 193   (0.011) 0.000 0.008 0.002 0.000 0.001 0.000 0.001 0.002 0.000 0.000 0.005 0.000 0.001 0.001 0.001 0.001 0.001 0.001 0.011 0.000 
 169   (0.010) 0.000 0.006 0.002 0.000 0.004 0.001 0.002 0.003 0.000 0.000 0.007 0.000 0.001 0.006 0.001 0.001 0.001 0.001 0.009 0.000 

Locus 3 : 
7 alleles
2.5% missing data
 206   (0.847) 0.981 0.882 0.914 0.994 0.968 0.925 0.947 0.844 0.993 0.992 0.836 0.988 0.964 0.988 0.961 0.924 0.990 0.743 0.853 0.993 
 208   (0.059) 0.003 0.049 0.049 0.002 0.013 0.043 0.035 0.066 0.003 0.001 0.051 0.001 0.024 0.004 0.008 0.017 0.004 0.249 0.061 0.002 
 198   (0.013) 0.001 0.008 0.004 0.001 0.002 0.001 0.002 0.004 0.001 0.000 0.006 0.009 0.001 0.001 0.002 0.001 0.001 0.001 0.011 0.000 
 204   (0.042) 0.013 0.034 0.020 0.002 0.010 0.029 0.009 0.052 0.002 0.007 0.081 0.001 0.006 0.004 0.023 0.037 0.003 0.004 0.038 0.004 
 218   (0.015) 0.001 0.009 0.005 0.001 0.002 0.001 0.002 0.025 0.001 0.000 0.007 0.000 0.003 0.001 0.001 0.013 0.001 0.001 0.013 0.000 
 230   (0.010) 0.000 0.007 0.006 0.000 0.001 0.001 0.001 0.004 0.000 0.000 0.007 0.000 0.001 0.001 0.002 0.006 0.001 0.001 0.009 0.000 
 212   (0.014) 0.001 0.011 0.003 0.000 0.004 0.001 0.003 0.005 0.001 0.000 0.012 0.000 0.001 0.001 0.001 0.001 0.001 0.001 0.016 0.000 

Locus 4 : 
15 alleles
3.6% missing data
 165   (0.105) 0.480 0.068 0.151 0.179 0.022 0.371 0.300 0.055 0.007 0.002 0.081 0.983 0.011 0.007 0.384 0.026 0.364 0.015 0.095 0.003 
 173   (0.030) 0.432 0.021 0.013 0.764 0.005 0.001 0.004 0.009 0.001 0.000 0.022 0.001 0.004 0.002 0.009 0.006 0.002 0.002 0.028 0.001 
 163   (0.169) 0.009 0.133 0.116 0.015 0.041 0.105 0.147 0.398 0.101 0.002 0.218 0.003 0.181 0.303 0.034 0.369 0.021 0.113 0.182 0.005 
 167   (0.159) 0.023 0.159 0.156 0.017 0.030 0.011 0.230 0.177 0.096 0.002 0.189 0.002 0.115 0.154 0.198 0.045 0.361 0.143 0.183 0.563 
 161   (0.322) 0.026 0.460 0.505 0.014 0.772 0.500 0.237 0.141 0.782 0.990 0.249 0.008 0.655 0.482 0.129 0.318 0.224 0.580 0.316 0.422 
 153   (0.013) 0.001 0.012 0.003 0.000 0.002 0.001 0.006 0.004 0.001 0.000 0.009 0.000 0.004 0.001 0.003 0.001 0.012 0.013 0.012 0.000 
 171   (0.041) 0.002 0.029 0.012 0.004 0.019 0.002 0.022 0.061 0.002 0.000 0.146 0.001 0.005 0.003 0.005 0.045 0.005 0.003 0.038 0.001 
 179   (0.008) 0.000 0.011 0.002 0.000 0.001 0.000 0.001 0.002 0.001 0.000 0.007 0.000 0.001 0.001 0.001 0.001 0.001 0.001 0.012 0.000 
 157   (0.030) 0.001 0.028 0.009 0.001 0.012 0.001 0.009 0.014 0.005 0.000 0.016 0.000 0.003 0.002 0.004 0.059 0.002 0.121 0.025 0.001 
 149   (0.011) 0.000 0.006 0.003 0.000 0.001 0.001 0.002 0.003 0.000 0.000 0.004 0.000 0.001 0.001 0.001 0.013 0.001 0.001 0.010 0.000 
 177   (0.031) 0.009 0.019 0.012 0.001 0.004 0.002 0.006 0.100 0.002 0.000 0.021 0.000 0.003 0.002 0.219 0.006 0.002 0.002 0.028 0.001 
 155   (0.018) 0.001 0.015 0.004 0.001 0.002 0.001 0.026 0.004 0.001 0.000 0.008 0.000 0.002 0.001 0.002 0.002 0.001 0.001 0.016 0.000 
 175   (0.012) 0.001 0.008 0.003 0.000 0.002 0.001 0.002 0.003 0.001 0.000 0.006 0.000 0.002 0.001 0.001 0.028 0.001 0.001 0.011 0.000 
 169   (0.028) 0.014 0.018 0.007 0.001 0.003 0.001 0.004 0.007 0.001 0.000 0.014 0.000 0.013 0.002 0.003 0.078 0.002 0.002 0.025 0.001 
 159   (0.023) 0.001 0.015 0.005 0.001 0.085 0.001 0.004 0.022 0.001 0.003 0.011 0.000 0.002 0.039 0.006 0.002 0.001 0.002 0.019 0.001 

Locus 5 : 
16 alleles
0.0% missing data
 148   (0.140) 0.431 0.107 0.036 0.161 0.415 0.136 0.241 0.202 0.190 0.422 0.079 0.487 0.025 0.037 0.502 0.060 0.011 0.117 0.125 0.004 
 160   (0.028) 0.001 0.019 0.006 0.001 0.004 0.002 0.006 0.008 0.001 0.000 0.017 0.208 0.054 0.002 0.003 0.014 0.002 0.003 0.028 0.038 
 146   (0.128) 0.165 0.097 0.147 0.362 0.094 0.234 0.042 0.057 0.006 0.411 0.145 0.295 0.115 0.011 0.300 0.034 0.154 0.020 0.122 0.014 
 154   (0.042) 0.002 0.027 0.020 0.005 0.008 0.196 0.008 0.298 0.002 0.000 0.030 0.001 0.005 0.172 0.006 0.012 0.003 0.009 0.039 0.001 
 150   (0.063) 0.003 0.058 0.402 0.002 0.026 0.004 0.161 0.043 0.007 0.002 0.055 0.001 0.009 0.004 0.020 0.059 0.008 0.098 0.066 0.002 
 138   (0.100) 0.337 0.088 0.049 0.004 0.019 0.093 0.039 0.032 0.023 0.001 0.233 0.002 0.017 0.317 0.013 0.020 0.214 0.014 0.119 0.156 
 166   (0.036) 0.002 0.057 0.008 0.001 0.004 0.002 0.008 0.009 0.001 0.000 0.015 0.000 0.140 0.002 0.018 0.209 0.002 0.034 0.031 0.348 
 164   (0.016) 0.001 0.011 0.013 0.001 0.002 0.001 0.003 0.021 0.001 0.000 0.009 0.000 0.002 0.002 0.002 0.003 0.001 0.001 0.014 0.065 
 142   (0.021) 0.001 0.018 0.159 0.002 0.006 0.001 0.003 0.006 0.001 0.000 0.013 0.000 0.005 0.015 0.004 0.009 0.001 0.001 0.019 0.001 
 144   (0.166) 0.017 0.147 0.085 0.013 0.370 0.313 0.115 0.077 0.470 0.126 0.136 0.003 0.403 0.140 0.066 0.364 0.309 0.072 0.160 0.034 
 140   (0.077) 0.004 0.195 0.016 0.003 0.013 0.004 0.062 0.043 0.288 0.001 0.054 0.001 0.009 0.202 0.026 0.016 0.057 0.202 0.098 0.331 
 158   (0.038) 0.002 0.028 0.009 0.205 0.005 0.002 0.032 0.013 0.002 0.000 0.023 0.000 0.195 0.012 0.009 0.014 0.016 0.005 0.033 0.001 
 162   (0.022) 0.007 0.025 0.015 0.235 0.006 0.001 0.004 0.006 0.001 0.000 0.041 0.001 0.007 0.001 0.003 0.003 0.002 0.002 0.033 0.001 
 152   (0.094) 0.004 0.105 0.031 0.005 0.024 0.011 0.273 0.177 0.005 0.034 0.077 0.001 0.010 0.083 0.023 0.100 0.218 0.419 0.088 0.003 
 134   (0.012) 0.000 0.007 0.002 0.000 0.001 0.001 0.001 0.003 0.000 0.000 0.004 0.000 0.001 0.001 0.001 0.083 0.001 0.001 0.010 0.000 
 156   (0.016) 0.022 0.012 0.004 0.001 0.004 0.001 0.002 0.005 0.001 0.000 0.069 0.000 0.002 0.001 0.003 0.002 0.001 0.001 0.016 0.001 

Locus 6 : 
12 alleles
0.0% missing data
 225   (0.042) 0.003 0.028 0.017 0.002 0.194 0.018 0.007 0.051 0.002 0.235 0.024 0.282 0.004 0.022 0.012 0.005 0.002 0.009 0.038 0.001 
 239   (0.134) 0.084 0.111 0.110 0.006 0.305 0.291 0.054 0.065 0.026 0.574 0.186 0.003 0.044 0.018 0.014 0.056 0.215 0.014 0.137 0.203 
 229   (0.027) 0.258 0.017 0.006 0.311 0.003 0.001 0.004 0.006 0.001 0.000 0.011 0.482 0.006 0.001 0.003 0.003 0.002 0.006 0.023 0.001 
 235   (0.282) 0.446 0.236 0.496 0.637 0.374 0.355 0.376 0.167 0.306 0.185 0.223 0.224 0.055 0.465 0.411 0.103 0.344 0.278 0.274 0.009 
 237   (0.196) 0.010 0.183 0.097 0.014 0.074 0.228 0.191 0.168 0.472 0.003 0.314 0.003 0.134 0.236 0.022 0.253 0.203 0.197 0.233 0.009 
 233   (0.108) 0.149 0.277 0.123 0.007 0.018 0.095 0.299 0.051 0.182 0.001 0.077 0.002 0.182 0.009 0.024 0.013 0.043 0.463 0.095 0.278 
 227   (0.035) 0.002 0.021 0.071 0.001 0.004 0.002 0.004 0.009 0.001 0.000 0.017 0.000 0.302 0.002 0.003 0.499 0.002 0.002 0.030 0.345 
 245   (0.047) 0.002 0.042 0.013 0.002 0.006 0.003 0.040 0.014 0.003 0.000 0.043 0.001 0.213 0.110 0.004 0.005 0.007 0.020 0.055 0.001 
 241   (0.061) 0.044 0.040 0.027 0.016 0.013 0.004 0.010 0.190 0.003 0.001 0.056 0.002 0.052 0.037 0.502 0.014 0.004 0.006 0.054 0.152 
 231   (0.034) 0.001 0.021 0.032 0.001 0.004 0.002 0.007 0.267 0.001 0.000 0.027 0.000 0.004 0.044 0.003 0.037 0.002 0.002 0.029 0.001 
 243   (0.025) 0.001 0.017 0.008 0.003 0.003 0.001 0.005 0.008 0.001 0.000 0.017 0.000 0.003 0.055 0.002 0.011 0.176 0.002 0.022 0.001 
 251   (0.011) 0.000 0.008 0.002 0.000 0.001 0.000 0.001 0.002 0.000 0.000 0.004 0.000 0.001 0.001 0.001 0.001 0.001 0.001 0.010 0.000 

Locus 7 : 
7 alleles
0.0% missing data
 118   (0.867) 0.957 0.901 0.686 0.947 0.943 0.981 0.826 0.964 0.824 0.994 0.886 0.991 0.966 0.992 0.952 0.943 0.763 0.979 0.884 0.571 
 124   (0.043) 0.002 0.033 0.009 0.001 0.005 0.002 0.146 0.011 0.161 0.000 0.026 0.001 0.004 0.002 0.004 0.020 0.231 0.014 0.038 0.426 
 116   (0.013) 0.001 0.018 0.284 0.001 0.004 0.001 0.002 0.003 0.001 0.000 0.005 0.000 0.002 0.001 0.001 0.002 0.001 0.001 0.011 0.000 
 114   (0.037) 0.034 0.024 0.009 0.023 0.008 0.002 0.021 0.012 0.013 0.004 0.067 0.007 0.005 0.002 0.029 0.016 0.003 0.003 0.033 0.001 
 122   (0.012) 0.001 0.007 0.002 0.000 0.001 0.001 0.002 0.003 0.000 0.000 0.005 0.000 0.001 0.001 0.001 0.016 0.001 0.001 0.010 0.000 
 112   (0.017) 0.006 0.010 0.006 0.028 0.002 0.001 0.003 0.005 0.001 0.000 0.007 0.001 0.020 0.001 0.011 0.003 0.001 0.001 0.015 0.000 
 120   (0.011) 0.000 0.006 0.004 0.000 0.038 0.013 0.002 0.003 0.000 0.001 0.004 0.000 0.001 0.001 0.002 0.001 0.001 0.001 0.009 0.000 

Locus 8 : 
5 alleles
0.5% missing data
 135   (0.044) 0.012 0.031 0.010 0.003 0.047 0.008 0.315 0.036 0.003 0.000 0.092 0.001 0.004 0.011 0.006 0.005 0.332 0.004 0.044 0.001 
 139   (0.736) 0.899 0.707 0.703 0.832 0.664 0.968 0.596 0.747 0.978 0.996 0.734 0.995 0.834 0.644 0.914 0.705 0.439 0.948 0.739 0.957 
 137   (0.168) 0.086 0.228 0.275 0.161 0.283 0.022 0.081 0.066 0.017 0.003 0.146 0.003 0.157 0.263 0.075 0.285 0.226 0.045 0.170 0.041 
 143   (0.030) 0.001 0.021 0.007 0.001 0.004 0.002 0.004 0.064 0.001 0.000 0.015 0.000 0.003 0.064 0.003 0.003 0.002 0.002 0.028 0.001 
 141   (0.021) 0.001 0.013 0.005 0.003 0.002 0.001 0.003 0.088 0.001 0.000 0.014 0.000 0.002 0.018 0.002 0.002 0.002 0.002 0.019 0.001 

Locus 9 : 
15 alleles
1.6% missing data
 116   (0.276) 0.392 0.322 0.132 0.020 0.443 0.140 0.674 0.471 0.176 0.141 0.312 0.527 0.063 0.336 0.487 0.068 0.736 0.554 0.285 0.009 
 112   (0.075) 0.003 0.076 0.020 0.003 0.025 0.405 0.015 0.066 0.082 0.001 0.087 0.205 0.031 0.181 0.010 0.026 0.005 0.023 0.071 0.002 
 118   (0.106) 0.543 0.085 0.032 0.937 0.026 0.007 0.018 0.102 0.024 0.001 0.097 0.260 0.021 0.163 0.427 0.094 0.007 0.028 0.102 0.084 
 122   (0.077) 0.003 0.050 0.082 0.003 0.191 0.372 0.011 0.028 0.003 0.650 0.099 0.001 0.318 0.006 0.008 0.394 0.005 0.008 0.068 0.464 
 114   (0.212) 0.035 0.298 0.066 0.026 0.251 0.041 0.240 0.217 0.282 0.130 0.230 0.003 0.251 0.246 0.041 0.250 0.067 0.358 0.246 0.006 
 120   (0.059) 0.003 0.042 0.058 0.003 0.007 0.009 0.009 0.019 0.259 0.001 0.046 0.001 0.013 0.020 0.005 0.047 0.026 0.004 0.053 0.204 
 130   (0.036) 0.002 0.022 0.007 0.001 0.004 0.002 0.006 0.009 0.152 0.000 0.027 0.000 0.170 0.002 0.003 0.008 0.144 0.003 0.031 0.128 
 124   (0.042) 0.002 0.027 0.276 0.002 0.018 0.019 0.006 0.014 0.002 0.074 0.027 0.001 0.021 0.039 0.004 0.025 0.003 0.003 0.038 0.001 
 110   (0.007) 0.000 0.004 0.002 0.000 0.004 0.000 0.002 0.002 0.000 0.000 0.015 0.000 0.001 0.000 0.001 0.001 0.001 0.001 0.009 0.000 
 134   (0.014) 0.001 0.009 0.004 0.000 0.001 0.001 0.002 0.023 0.001 0.000 0.006 0.000 0.001 0.001 0.001 0.002 0.001 0.001 0.012 0.000 
 128   (0.026) 0.001 0.017 0.006 0.001 0.003 0.001 0.005 0.008 0.010 0.000 0.012 0.000 0.026 0.001 0.003 0.035 0.002 0.010 0.023 0.100 
 126   (0.031) 0.002 0.019 0.306 0.001 0.007 0.002 0.006 0.032 0.006 0.000 0.022 0.000 0.080 0.002 0.006 0.044 0.002 0.005 0.026 0.001 
 108   (0.016) 0.001 0.013 0.003 0.001 0.001 0.001 0.002 0.003 0.001 0.000 0.008 0.000 0.001 0.001 0.001 0.002 0.001 0.001 0.016 0.000 
 106   (0.014) 0.001 0.010 0.004 0.000 0.017 0.001 0.002 0.004 0.001 0.000 0.007 0.000 0.001 0.001 0.001 0.005 0.001 0.001 0.012 0.000 
 138   (0.010) 0.012 0.006 0.002 0.000 0.001 0.001 0.001 0.003 0.000 0.000 0.006 0.000 0.001 0.001 0.003 0.001 0.001 0.001 0.009 0.000 

Locus 10 : 
8 alleles
0.0% missing data
 232   (0.800) 0.953 0.855 0.883 0.983 0.973 0.989 0.967 0.835 0.987 0.998 0.827 0.997 0.484 0.855 0.916 0.513 0.778 0.934 0.818 0.995 
 238   (0.110) 0.005 0.089 0.091 0.007 0.016 0.005 0.017 0.136 0.010 0.001 0.116 0.001 0.508 0.140 0.015 0.390 0.014 0.059 0.100 0.003 
 220   (0.011) 0.000 0.006 0.002 0.000 0.001 0.000 0.001 0.002 0.000 0.000 0.004 0.000 0.001 0.001 0.001 0.001 0.156 0.001 0.009 0.000 
 226   (0.010) 0.022 0.006 0.002 0.006 0.001 0.001 0.002 0.004 0.000 0.000 0.008 0.000 0.001 0.001 0.001 0.001 0.001 0.001 0.009 0.000 
 234   (0.020) 0.001 0.015 0.004 0.001 0.002 0.001 0.006 0.005 0.001 0.000 0.010 0.000 0.002 0.001 0.002 0.002 0.048 0.001 0.020 0.001 
 240   (0.011) 0.000 0.006 0.002 0.000 0.001 0.000 0.001 0.003 0.000 0.000 0.005 0.000 0.001 0.001 0.001 0.032 0.001 0.001 0.009 0.000 
 236   (0.018) 0.001 0.013 0.012 0.001 0.004 0.003 0.003 0.010 0.001 0.000 0.021 0.000 0.002 0.001 0.017 0.010 0.001 0.002 0.018 0.000 
 244   (0.020) 0.018 0.010 0.004 0.001 0.002 0.001 0.003 0.005 0.001 0.000 0.007 0.000 0.002 0.001 0.047 0.052 0.001 0.001 0.017 0.000 

Locus 11 : 
8 alleles
0.0% missing data
 165   (0.740) 0.889 0.802 0.499 0.971 0.630 0.720 0.927 0.658 0.673 0.840 0.735 0.792 0.861 0.943 0.934 0.815 0.789 0.925 0.738 0.958 
 167   (0.102) 0.104 0.066 0.427 0.008 0.334 0.269 0.016 0.261 0.005 0.158 0.069 0.205 0.010 0.028 0.044 0.051 0.006 0.013 0.089 0.003 
 161   (0.106) 0.005 0.096 0.060 0.019 0.029 0.006 0.048 0.064 0.321 0.001 0.167 0.002 0.123 0.006 0.014 0.128 0.201 0.058 0.123 0.038 
 153   (0.011) 0.001 0.007 0.003 0.000 0.002 0.003 0.003 0.003 0.000 0.000 0.007 0.001 0.001 0.001 0.001 0.001 0.001 0.001 0.010 0.000 
 169   (0.009) 0.000 0.006 0.004 0.000 0.002 0.001 0.002 0.005 0.000 0.001 0.007 0.000 0.001 0.001 0.005 0.001 0.001 0.001 0.008 0.000 
 155   (0.009) 0.000 0.007 0.002 0.000 0.001 0.000 0.001 0.002 0.000 0.000 0.004 0.000 0.001 0.000 0.001 0.001 0.000 0.001 0.008 0.000 
 173   (0.012) 0.001 0.010 0.002 0.000 0.001 0.001 0.001 0.003 0.000 0.000 0.006 0.000 0.001 0.001 0.001 0.001 0.001 0.001 0.012 0.000 
 163   (0.012) 0.000 0.006 0.003 0.000 0.001 0.001 0.002 0.003 0.000 0.000 0.005 0.000 0.001 0.020 0.001 0.001 0.001 0.001 0.011 0.000 

Locus 12 : 
9 alleles
0.0% missing data
 137   (0.521) 0.313 0.488 0.758 0.296 0.629 0.383 0.430 0.715 0.349 0.421 0.584 0.177 0.593 0.845 0.846 0.395 0.073 0.403 0.522 0.879 
 140   (0.181) 0.624 0.285 0.090 0.103 0.028 0.078 0.351 0.126 0.294 0.002 0.143 0.341 0.021 0.068 0.083 0.074 0.526 0.546 0.199 0.073 
 134   (0.229) 0.060 0.183 0.137 0.594 0.332 0.535 0.204 0.140 0.354 0.577 0.225 0.481 0.378 0.050 0.065 0.456 0.396 0.034 0.215 0.047 
 149   (0.009) 0.000 0.007 0.002 0.001 0.001 0.000 0.001 0.002 0.000 0.000 0.006 0.000 0.001 0.001 0.001 0.001 0.000 0.001 0.009 0.000 
 131   (0.012) 0.001 0.007 0.003 0.005 0.003 0.001 0.005 0.004 0.000 0.000 0.015 0.000 0.001 0.001 0.001 0.001 0.002 0.001 0.011 0.000 
 143   (0.011) 0.001 0.007 0.002 0.000 0.002 0.001 0.002 0.003 0.000 0.000 0.009 0.000 0.002 0.001 0.001 0.058 0.001 0.001 0.009 0.000 
 128   (0.011) 0.001 0.007 0.003 0.000 0.001 0.001 0.002 0.003 0.000 0.000 0.005 0.000 0.001 0.001 0.001 0.012 0.001 0.001 0.010 0.000 
 125   (0.016) 0.001 0.009 0.004 0.000 0.002 0.001 0.003 0.004 0.001 0.000 0.007 0.000 0.001 0.034 0.001 0.002 0.001 0.014 0.013 0.000 
 146   (0.010) 0.000 0.007 0.002 0.000 0.002 0.001 0.002 0.003 0.000 0.000 0.007 0.000 0.001 0.001 0.001 0.001 0.001 0.001 0.011 0.000 

Locus 13 : 
20 alleles
0.2% missing data
 206   (0.147) 0.447 0.113 0.144 0.155 0.245 0.020 0.028 0.332 0.235 0.002 0.125 0.575 0.056 0.168 0.276 0.018 0.009 0.198 0.129 0.262 
 210   (0.111) 0.336 0.216 0.031 0.243 0.218 0.050 0.049 0.042 0.065 0.458 0.086 0.243 0.018 0.026 0.273 0.016 0.191 0.216 0.119 0.003 
 190   (0.060) 0.003 0.050 0.016 0.002 0.019 0.008 0.244 0.075 0.006 0.001 0.079 0.001 0.006 0.149 0.007 0.014 0.008 0.030 0.069 0.003 
 202   (0.096) 0.042 0.065 0.263 0.172 0.028 0.005 0.285 0.106 0.004 0.001 0.205 0.002 0.487 0.014 0.019 0.095 0.015 0.016 0.091 0.438 
 214   (0.042) 0.002 0.041 0.011 0.002 0.261 0.086 0.015 0.013 0.008 0.170 0.036 0.001 0.004 0.003 0.004 0.010 0.002 0.063 0.054 0.001 
 212   (0.021) 0.001 0.013 0.006 0.001 0.032 0.001 0.004 0.007 0.001 0.204 0.012 0.000 0.003 0.329 0.002 0.002 0.003 0.002 0.018 0.001 
 192   (0.089) 0.005 0.135 0.050 0.009 0.013 0.005 0.073 0.029 0.264 0.001 0.088 0.001 0.127 0.025 0.324 0.015 0.416 0.159 0.113 0.272 
 204   (0.043) 0.002 0.051 0.011 0.002 0.068 0.025 0.012 0.035 0.005 0.000 0.027 0.001 0.009 0.024 0.010 0.102 0.003 0.066 0.038 0.005 
 184   (0.047) 0.002 0.038 0.010 0.389 0.022 0.003 0.056 0.017 0.003 0.000 0.024 0.001 0.004 0.113 0.008 0.005 0.228 0.006 0.041 0.001 
 216   (0.022) 0.001 0.019 0.006 0.001 0.003 0.002 0.020 0.007 0.293 0.001 0.011 0.000 0.002 0.001 0.004 0.002 0.085 0.011 0.020 0.001 
 208   (0.052) 0.002 0.042 0.013 0.002 0.012 0.003 0.050 0.053 0.102 0.024 0.032 0.001 0.007 0.062 0.008 0.005 0.018 0.195 0.045 0.001 
 200   (0.074) 0.041 0.062 0.069 0.006 0.034 0.005 0.067 0.029 0.004 0.001 0.058 0.172 0.164 0.047 0.040 0.365 0.007 0.016 0.066 0.006 
 198   (0.030) 0.001 0.018 0.093 0.001 0.007 0.003 0.014 0.160 0.001 0.000 0.052 0.000 0.003 0.002 0.007 0.026 0.002 0.002 0.027 0.001 
 194   (0.059) 0.110 0.042 0.237 0.002 0.017 0.774 0.010 0.017 0.003 0.001 0.065 0.001 0.094 0.005 0.007 0.262 0.004 0.011 0.059 0.002 
 186   (0.021) 0.001 0.013 0.005 0.001 0.004 0.005 0.003 0.006 0.001 0.135 0.014 0.000 0.003 0.001 0.002 0.011 0.001 0.001 0.019 0.001 
 188   (0.017) 0.001 0.023 0.017 0.001 0.002 0.001 0.003 0.004 0.001 0.000 0.013 0.000 0.002 0.001 0.002 0.034 0.001 0.002 0.021 0.001 
 196   (0.030) 0.001 0.021 0.010 0.010 0.008 0.001 0.005 0.057 0.002 0.000 0.038 0.000 0.005 0.026 0.004 0.012 0.002 0.002 0.030 0.001 
 220   (0.010) 0.000 0.007 0.002 0.000 0.002 0.000 0.001 0.002 0.000 0.000 0.015 0.000 0.002 0.001 0.001 0.001 0.001 0.001 0.009 0.000 
 180   (0.014) 0.001 0.011 0.003 0.000 0.001 0.001 0.002 0.003 0.001 0.000 0.008 0.000 0.001 0.001 0.001 0.001 0.001 0.001 0.014 0.000 
 182   (0.017) 0.001 0.018 0.004 0.001 0.003 0.001 0.060 0.004 0.001 0.000 0.013 0.000 0.002 0.001 0.002 0.002 0.004 0.002 0.019 0.000 

Locus 14 : 
8 alleles
1.6% missing data
 139   (0.097) 0.013 0.150 0.057 0.279 0.051 0.161 0.056 0.034 0.204 0.139 0.047 0.282 0.153 0.006 0.378 0.011 0.014 0.057 0.090 0.024 
 145   (0.068) 0.040 0.060 0.019 0.388 0.072 0.004 0.148 0.058 0.009 0.002 0.048 0.003 0.008 0.172 0.037 0.017 0.005 0.006 0.067 0.002 
 151   (0.317) 0.691 0.291 0.211 0.265 0.120 0.593 0.167 0.335 0.186 0.487 0.262 0.707 0.641 0.419 0.422 0.299 0.067 0.611 0.298 0.371 
 157   (0.318) 0.244 0.309 0.378 0.024 0.225 0.081 0.594 0.455 0.548 0.131 0.350 0.005 0.098 0.253 0.132 0.276 0.896 0.303 0.349 0.596 
 154   (0.093) 0.004 0.108 0.126 0.005 0.508 0.156 0.018 0.083 0.047 0.240 0.068 0.001 0.013 0.126 0.014 0.038 0.010 0.014 0.087 0.002 
 163   (0.043) 0.005 0.036 0.105 0.033 0.010 0.002 0.007 0.016 0.003 0.000 0.159 0.001 0.007 0.003 0.011 0.062 0.004 0.004 0.048 0.002 
 142   (0.029) 0.001 0.021 0.095 0.005 0.010 0.001 0.005 0.010 0.002 0.000 0.043 0.000 0.003 0.020 0.003 0.010 0.002 0.002 0.029 0.001 
 160   (0.035) 0.001 0.024 0.009 0.001 0.004 0.002 0.005 0.009 0.001 0.000 0.023 0.000 0.076 0.002 0.003 0.287 0.002 0.002 0.033 0.001 

Locus 15 : 
14 alleles
1.1% missing data
 256   (0.160) 0.178 0.127 0.166 0.309 0.051 0.087 0.052 0.091 0.239 0.200 0.145 0.004 0.102 0.127 0.039 0.081 0.015 0.267 0.145 0.235 
 262   (0.027) 0.435 0.016 0.150 0.093 0.003 0.001 0.004 0.007 0.001 0.000 0.012 0.671 0.002 0.002 0.008 0.003 0.001 0.002 0.022 0.001 
 246   (0.117) 0.152 0.106 0.201 0.018 0.019 0.007 0.097 0.051 0.111 0.001 0.092 0.081 0.122 0.017 0.102 0.148 0.053 0.085 0.131 0.003 
 258   (0.151) 0.095 0.123 0.133 0.006 0.029 0.009 0.454 0.450 0.262 0.001 0.130 0.002 0.308 0.245 0.023 0.048 0.427 0.178 0.151 0.468 
 254   (0.090) 0.008 0.087 0.032 0.003 0.378 0.294 0.048 0.073 0.010 0.092 0.075 0.001 0.009 0.045 0.011 0.085 0.006 0.150 0.093 0.281 
 250   (0.040) 0.002 0.025 0.025 0.001 0.412 0.103 0.006 0.045 0.002 0.694 0.029 0.001 0.005 0.018 0.004 0.005 0.002 0.003 0.036 0.001 
 242   (0.100) 0.112 0.083 0.042 0.264 0.028 0.342 0.025 0.068 0.005 0.007 0.109 0.232 0.017 0.160 0.021 0.170 0.007 0.008 0.117 0.003 
 252   (0.082) 0.006 0.068 0.055 0.291 0.039 0.037 0.024 0.072 0.009 0.002 0.150 0.002 0.011 0.017 0.739 0.086 0.244 0.023 0.078 0.002 
 248   (0.133) 0.006 0.181 0.171 0.010 0.021 0.116 0.032 0.062 0.359 0.001 0.196 0.002 0.413 0.316 0.039 0.303 0.225 0.049 0.132 0.004 
 260   (0.044) 0.002 0.142 0.011 0.002 0.006 0.002 0.247 0.014 0.002 0.000 0.024 0.004 0.004 0.005 0.006 0.064 0.016 0.230 0.046 0.001 
 264   (0.010) 0.000 0.006 0.002 0.000 0.001 0.000 0.001 0.032 0.000 0.000 0.005 0.000 0.001 0.001 0.001 0.001 0.001 0.001 0.008 0.000 
 244   (0.024) 0.002 0.021 0.007 0.001 0.012 0.001 0.006 0.025 0.001 0.000 0.021 0.000 0.002 0.047 0.005 0.003 0.001 0.002 0.022 0.001 
 276   (0.011) 0.000 0.008 0.002 0.000 0.001 0.000 0.001 0.003 0.000 0.000 0.004 0.000 0.001 0.001 0.001 0.001 0.001 0.001 0.010 0.000 
 240   (0.011) 0.001 0.007 0.003 0.000 0.002 0.001 0.002 0.007 0.000 0.000 0.008 0.000 0.001 0.001 0.001 0.002 0.001 0.001 0.009 0.001 

Values of parameters used in structure:
DATAFILE=C:\Users\eschumacher\Documents\GitHub\GCC_QUAC_ZAIN\Data_Files\Structure_Files\QUAC\QUAC_woK_nopopinfo_garden_wild\QUAC_woK_nopopinfo_garden_wild\project_data,	OUTFILE=C:\Users\eschumacher\Documents\GitHub\GCC_QUAC_ZAIN\Data_Files\Structure_Files\QUAC\QUAC_woK_nopopinfo_garden_wild\QUAC_woK_nopopinfo_garden_wild\50-50\Results\50-50_run_99,	NUMINDS=441,	NUMLOCI=15,	MISSING=-9,	LABEL=1,	POPDATA=0,	POPFLAG=0,	PHENOTYPE=0,	EXTRACOLS=0,	MAXPOPS=20,	BURNIN=50000,	NUMREPS=50000,	USEPOPINFO=0,	INFERALPHA=1,	INFERLAMBDA=0,	POPSPECIFICLAMBDA=0,	POPALPHAS=0,	COMPUTEPROB=1,	NOADMIX=0,	ADMBURNIN=2500,	UPDATEFREQ=1,	PRINTLIKES=0,	INTERMEDSAVE=0,	PRINTKLD=0,	PRINTNET=0,	PRINTLAMBDA=0,	ANCESTDIST=0,	NUMBOXES=1000,	ANCESTPINT=0.90000,	GENSBACK=2,	MIGRPRIOR=0.05000,	PRINTQHAT=0,	PRINTQSUM=0,	ALPHA=1.0000,	FREQSCORR=1,	FPRIORMEAN=0.0100,	FPRIORSD=0.0500,	ONEFST=0,	LAMBDA=1.0000,	UNIFPRIORALPHA=1,	ALPHAMAX=10.0000,	ALPHAPRIORA=1.0000,	ALPHAPRIORB=2.0000,	ALPHAPROPSD=0.0250,	STARTATPOPINFO=0,	RANDOMIZE=1,	LINKAGE=0,	METROFREQ=10,	REPORTHITRATE=0,	MARKOVPHASE=-1,	PHASED=0,	PLOIDY=2,	PHASEINFO=0	LOCPRIOR=0, 	LOCPRIORINIT=1.000000, 	LOCDATA=0, 	LOCISPOP=0, 	LOCPRIORSTEP=0.100000, 	MAXLOCPRIOR=20.000000, 	SEED=1670381242,	
[STRAT parameters]:    NUMSIMSTATS=1000,	PHENOTYPECOL=-9,	POOLFREQ=10,	LOCUSxONLY=0,	EMERROR=0.00100,	MISSINGPHENO=-9,	