

----------------------------------------------------
STRUCTURE by Pritchard, Stephens and Donnelly (2000)
     and Falush, Stephens and Pritchard (2003)
       Code by Pritchard, Falush and Hubisz
             Version 2.3.4 (Jul 2012)
----------------------------------------------------



Command line arguments:   bin\structure -m C:\Users\eschumacher\Documents\GitHub\GCC_QUAC_ZAIN\Data_Files\Structure_Files\QUAC\QUAC_woK_nopopinfo_garden_wild\QUAC_woK_nopopinfo_garden_wild\50-50\mainparams -e C:\Users\eschumacher\Documents\GitHub\GCC_QUAC_ZAIN\Data_Files\Structure_Files\QUAC\QUAC_woK_nopopinfo_garden_wild\QUAC_woK_nopopinfo_garden_wild\50-50\extraparams 
Input File:    C:\Users\eschumacher\Documents\GitHub\GCC_QUAC_ZAIN\Data_Files\Structure_Files\QUAC\QUAC_woK_nopopinfo_garden_wild\QUAC_woK_nopopinfo_garden_wild\project_data

Run parameters:
   441 individuals
   15 loci
   20 populations assumed
   50000 Burn-in period
   50000 Reps


--------------------------------------------
Overall proportion of membership of the
sample in each of the 20 clusters

Inferred Clusters
  1      2      3      4      5      6      7      8      9     10     11     12     13     14     15     16     17     18     19     20    
0.055  0.025  0.075  0.032  0.038  0.074  0.100  0.054  0.021  0.029  0.063  0.044  0.023  0.069  0.024  0.050  0.074  0.059  0.024  0.065  

--------------------------------------------

Allele-freq. divergence among pops (Net nucleotide distance),
computed using point estimates of P.

      1       2       3       4       5       6       7       8       9      10      11      12      13      14      15      16      17      18      19      20      
 1      -    0.0520  0.1259  0.0570  0.1047  0.1656  0.0838  0.1323  0.1463  0.0741  0.1152  0.1180  0.0555  0.0764  0.0522  0.1865  0.1623  0.1128  0.1092  0.1289  
 2   0.0520     -    0.1021  0.0415  0.0698  0.1445  0.0416  0.0879  0.1024  0.0298  0.0525  0.0778  0.0045  0.0479  0.0047  0.1246  0.1348  0.0952  0.0521  0.0899  
 3   0.1259  0.1021     -    0.1344  0.1229  0.0577  0.1235  0.1057  0.1508  0.1188  0.1438  0.1796  0.0946  0.1097  0.0863  0.1758  0.1899  0.1572  0.1136  0.1715  
 4   0.0570  0.0415  0.1344     -    0.1131  0.1770  0.0776  0.1403  0.1339  0.0526  0.1156  0.0488  0.0455  0.0815  0.0431  0.1631  0.1564  0.1165  0.0922  0.1241  
 5   0.1047  0.0698  0.1229  0.1131     -    0.1474  0.0863  0.1199  0.1555  0.0921  0.0496  0.1643  0.0571  0.0900  0.0568  0.1768  0.1959  0.1594  0.0907  0.1146  
 6   0.1656  0.1445  0.0577  0.1770  0.1474     -    0.1702  0.1388  0.1818  0.1653  0.1809  0.2231  0.1316  0.1529  0.1260  0.2107  0.2232  0.1940  0.1774  0.2023  
 7   0.0838  0.0416  0.1235  0.0776  0.0863  0.1702     -    0.1020  0.1260  0.0455  0.0917  0.1362  0.0359  0.0889  0.0347  0.1464  0.1721  0.1191  0.0771  0.1130  
 8   0.1323  0.0879  0.1057  0.1403  0.1199  0.1388  0.1020     -    0.1661  0.1082  0.1150  0.1888  0.0809  0.1230  0.0759  0.1711  0.1526  0.1445  0.1066  0.1611  
 9   0.1463  0.1024  0.1508  0.1339  0.1555  0.1818  0.1260  0.1661     -    0.1016  0.1751  0.1894  0.0981  0.1507  0.0911  0.1274  0.1475  0.0830  0.1406  0.1771  
10   0.0741  0.0298  0.1188  0.0526  0.0921  0.1653  0.0455  0.1082  0.1016     -    0.0865  0.1058  0.0273  0.0823  0.0244  0.1529  0.1411  0.1046  0.0669  0.1030  
11   0.1152  0.0525  0.1438  0.1156  0.0496  0.1809  0.0917  0.1150  0.1751  0.0865     -    0.1524  0.0497  0.0989  0.0484  0.1726  0.1835  0.1631  0.0968  0.1317  
12   0.1180  0.0778  0.1796  0.0488  0.1643  0.2231  0.1362  0.1888  0.1894  0.1058  0.1524     -    0.0858  0.1002  0.0839  0.2124  0.2094  0.1695  0.1440  0.1785  
13   0.0555  0.0045  0.0946  0.0455  0.0571  0.1316  0.0359  0.0809  0.0981  0.0273  0.0497  0.0858     -    0.0527  0.0017  0.1157  0.1285  0.0889  0.0459  0.0825  
14   0.0764  0.0479  0.1097  0.0815  0.0900  0.1529  0.0889  0.1230  0.1507  0.0823  0.0989  0.1002  0.0527     -    0.0510  0.1831  0.1851  0.1447  0.0933  0.1208  
15   0.0522  0.0047  0.0863  0.0431  0.0568  0.1260  0.0347  0.0759  0.0911  0.0244  0.0484  0.0839  0.0017  0.0510     -    0.1076  0.1204  0.0827  0.0428  0.0859  
16   0.1865  0.1246  0.1758  0.1631  0.1768  0.2107  0.1464  0.1711  0.1274  0.1529  0.1726  0.2124  0.1157  0.1831  0.1076     -    0.1522  0.0944  0.1621  0.2131  
17   0.1623  0.1348  0.1899  0.1564  0.1959  0.2232  0.1721  0.1526  0.1475  0.1411  0.1835  0.2094  0.1285  0.1851  0.1204  0.1522     -    0.0784  0.1712  0.2320  
18   0.1128  0.0952  0.1572  0.1165  0.1594  0.1940  0.1191  0.1445  0.0830  0.1046  0.1631  0.1695  0.0889  0.1447  0.0827  0.0944  0.0784     -    0.1347  0.1756  
19   0.1092  0.0521  0.1136  0.0922  0.0907  0.1774  0.0771  0.1066  0.1406  0.0669  0.0968  0.1440  0.0459  0.0933  0.0428  0.1621  0.1712  0.1347     -    0.1162  
20   0.1289  0.0899  0.1715  0.1241  0.1146  0.2023  0.1130  0.1611  0.1771  0.1030  0.1317  0.1785  0.0825  0.1208  0.0859  0.2131  0.2320  0.1756  0.1162     -    

Average distances (expected heterozygosity) between individuals in same cluster:
cluster  1  : 0.4992 
cluster  2  : 0.6422 
cluster  3  : 0.4283 
cluster  4  : 0.5353 
cluster  5  : 0.5332 
cluster  6  : 0.3317 
cluster  7  : 0.5397 
cluster  8  : 0.4848 
cluster  9  : 0.4262 
cluster 10  : 0.6075 
cluster 11  : 0.5926 
cluster 12  : 0.4994 
cluster 13  : 0.6597 
cluster 14  : 0.4966 
cluster 15  : 0.6788 
cluster 16  : 0.4271 
cluster 17  : 0.3879 
cluster 18  : 0.4599 
cluster 19  : 0.6098 
cluster 20  : 0.4535 

--------------------------------------------
Estimated Ln Prob of Data   = -15192.6
Mean value of ln likelihood = -13981.7
Variance of ln likelihood   = 2421.6
Mean value of alpha         = 0.0333

Mean value of Fst_1         = 0.2441
Mean value of Fst_2         = 0.1097
Mean value of Fst_3         = 0.4727
Mean value of Fst_4         = 0.2253
Mean value of Fst_5         = 0.2563
Mean value of Fst_6         = 0.5674
Mean value of Fst_7         = 0.1731
Mean value of Fst_8         = 0.3175
Mean value of Fst_9         = 0.4294
Mean value of Fst_10         = 0.1414
Mean value of Fst_11         = 0.1464
Mean value of Fst_12         = 0.3322
Mean value of Fst_13         = 0.0830
Mean value of Fst_14         = 0.3033
Mean value of Fst_15         = 0.0273
Mean value of Fst_16         = 0.4202
Mean value of Fst_17         = 0.5525
Mean value of Fst_18         = 0.3200
Mean value of Fst_19         = 0.1938
Mean value of Fst_20         = 0.4266


Inferred ancestry of individuals:
        Label (%Miss) :  Inferred clusters
  1 QAc-G-0029    (0)   :  0.006 0.016 0.014 0.078 0.003 0.024 0.009 0.005 0.016 0.015 0.004 0.026 0.023 0.006 0.023 0.029 0.618 0.072 0.005 0.006 
  2 QAc-G-0030    (0)   :  0.002 0.002 0.002 0.002 0.002 0.002 0.002 0.003 0.003 0.002 0.002 0.002 0.002 0.002 0.002 0.002 0.956 0.004 0.002 0.002 
  3 QAc-G-0031    (0)   :  0.003 0.003 0.005 0.003 0.002 0.003 0.003 0.003 0.005 0.003 0.002 0.002 0.003 0.002 0.003 0.003 0.941 0.006 0.003 0.002 
  4 QAc-G-0061    (0)   :  0.003 0.003 0.003 0.004 0.002 0.003 0.003 0.002 0.007 0.004 0.002 0.003 0.002 0.002 0.003 0.007 0.041 0.900 0.002 0.003 
  5 QAc-G-0062    (0)   :  0.004 0.024 0.037 0.024 0.007 0.010 0.038 0.252 0.005 0.162 0.005 0.004 0.027 0.003 0.018 0.014 0.006 0.003 0.013 0.344 
  6 QAc-G-0063    (0)   :  0.019 0.042 0.219 0.083 0.006 0.355 0.017 0.075 0.008 0.044 0.006 0.011 0.028 0.013 0.029 0.004 0.005 0.004 0.015 0.018 
  7 QAc-G-0064    (0)   :  0.003 0.003 0.004 0.004 0.006 0.007 0.004 0.006 0.002 0.002 0.003 0.005 0.004 0.006 0.004 0.004 0.003 0.003 0.003 0.925 
  8 QAc-G-0065    (0)   :  0.003 0.003 0.002 0.003 0.008 0.002 0.002 0.002 0.002 0.003 0.003 0.003 0.004 0.003 0.003 0.003 0.009 0.002 0.003 0.938 
  9 QAc-G-0066    (0)   :  0.003 0.003 0.878 0.003 0.002 0.068 0.003 0.003 0.004 0.003 0.002 0.003 0.002 0.003 0.003 0.003 0.004 0.004 0.003 0.002 
 10 QAc-G-0067    (0)   :  0.003 0.004 0.004 0.002 0.004 0.003 0.003 0.002 0.007 0.003 0.003 0.002 0.004 0.003 0.003 0.012 0.005 0.007 0.003 0.924 
 11 QAc-G-0068    (0)   :  0.002 0.003 0.590 0.002 0.003 0.013 0.005 0.003 0.003 0.002 0.003 0.002 0.003 0.002 0.003 0.003 0.002 0.003 0.348 0.004 
 12 QAc-G-0070    (0)   :  0.011 0.010 0.702 0.015 0.003 0.008 0.126 0.022 0.005 0.032 0.007 0.005 0.009 0.004 0.016 0.007 0.003 0.003 0.005 0.007 
 13 QAc-G-0071   (13)   :  0.003 0.005 0.769 0.003 0.005 0.068 0.004 0.040 0.009 0.004 0.004 0.004 0.006 0.008 0.005 0.028 0.024 0.005 0.004 0.002 
 14 QAc-G-0072    (0)   :  0.004 0.004 0.394 0.006 0.003 0.527 0.005 0.003 0.007 0.005 0.003 0.005 0.004 0.005 0.004 0.002 0.003 0.005 0.007 0.003 
 15 QAc-G-0073    (0)   :  0.012 0.011 0.005 0.034 0.009 0.008 0.004 0.004 0.019 0.005 0.004 0.756 0.006 0.097 0.006 0.006 0.005 0.003 0.004 0.003 
 16 QAc-G-0074    (0)   :  0.046 0.022 0.084 0.023 0.012 0.073 0.022 0.036 0.006 0.019 0.009 0.008 0.020 0.584 0.018 0.004 0.003 0.003 0.005 0.004 
 17 QAc-G-0075    (0)   :  0.036 0.133 0.019 0.015 0.005 0.008 0.005 0.007 0.004 0.011 0.007 0.007 0.030 0.630 0.018 0.004 0.034 0.009 0.008 0.009 
 18 QAc-G-0076    (0)   :  0.115 0.052 0.015 0.078 0.102 0.010 0.013 0.004 0.004 0.009 0.003 0.426 0.041 0.019 0.072 0.009 0.009 0.007 0.005 0.007 
 19 QAc-G-0077    (0)   :  0.005 0.005 0.004 0.006 0.004 0.008 0.003 0.005 0.013 0.003 0.005 0.004 0.006 0.002 0.005 0.013 0.040 0.858 0.003 0.008 
 20 QAc-G-0078    (0)   :  0.002 0.002 0.002 0.002 0.002 0.003 0.002 0.002 0.002 0.002 0.002 0.002 0.002 0.002 0.002 0.002 0.957 0.004 0.002 0.002 
 21 QAc-G-0079    (0)   :  0.003 0.002 0.003 0.003 0.002 0.003 0.002 0.003 0.003 0.002 0.003 0.003 0.003 0.002 0.002 0.003 0.949 0.004 0.002 0.002 
 22 QAc-G-0080    (0)   :  0.005 0.075 0.003 0.006 0.009 0.005 0.004 0.008 0.057 0.008 0.007 0.011 0.075 0.046 0.040 0.600 0.003 0.004 0.010 0.025 
 23 QAc-G-0081    (0)   :  0.009 0.110 0.004 0.234 0.004 0.003 0.080 0.065 0.003 0.313 0.011 0.009 0.076 0.003 0.053 0.004 0.005 0.005 0.005 0.003 
 24 QAc-G-0082    (0)   :  0.005 0.374 0.002 0.033 0.004 0.002 0.016 0.006 0.006 0.033 0.013 0.063 0.168 0.003 0.245 0.007 0.002 0.002 0.013 0.002 
 25 QAc-G-0083    (0)   :  0.138 0.010 0.008 0.022 0.005 0.021 0.010 0.669 0.005 0.008 0.005 0.021 0.015 0.008 0.010 0.010 0.007 0.011 0.005 0.011 
 26 QAc-G-0001   (13)   :  0.003 0.003 0.004 0.003 0.003 0.004 0.002 0.003 0.004 0.002 0.003 0.002 0.003 0.002 0.003 0.005 0.941 0.007 0.002 0.002 
 27 QAc-G-0002    (0)   :  0.002 0.002 0.002 0.002 0.002 0.003 0.002 0.002 0.003 0.002 0.002 0.002 0.002 0.002 0.002 0.004 0.952 0.006 0.002 0.002 
 28 QAc-G-0285    (0)   :  0.005 0.007 0.021 0.006 0.006 0.021 0.007 0.863 0.006 0.004 0.009 0.007 0.006 0.003 0.007 0.004 0.006 0.005 0.006 0.003 
 29 QAc-G-0286    (0)   :  0.003 0.002 0.916 0.003 0.003 0.037 0.002 0.004 0.003 0.003 0.002 0.002 0.002 0.003 0.002 0.003 0.003 0.003 0.003 0.002 
 30 QAc-G-0287    (0)   :  0.002 0.002 0.007 0.002 0.003 0.951 0.002 0.003 0.003 0.002 0.002 0.002 0.002 0.003 0.002 0.002 0.003 0.003 0.002 0.002 
 31 QAc-G-0288    (6)   :  0.009 0.007 0.570 0.006 0.004 0.289 0.012 0.004 0.016 0.012 0.004 0.005 0.007 0.005 0.007 0.006 0.013 0.013 0.007 0.004 
 32 QAc-G-0289    (0)   :  0.004 0.003 0.021 0.003 0.004 0.923 0.003 0.003 0.006 0.003 0.002 0.002 0.003 0.003 0.003 0.004 0.002 0.003 0.002 0.003 
 33 QAc-G-0290    (0)   :  0.004 0.003 0.820 0.003 0.003 0.117 0.004 0.004 0.004 0.003 0.003 0.003 0.003 0.003 0.003 0.003 0.003 0.003 0.002 0.007 
 34 QAc-G-0291    (0)   :  0.003 0.003 0.007 0.007 0.003 0.884 0.002 0.011 0.016 0.003 0.002 0.006 0.003 0.002 0.003 0.007 0.020 0.011 0.004 0.002 
 35 QAc-G-0292    (0)   :  0.004 0.005 0.007 0.005 0.008 0.309 0.010 0.591 0.005 0.018 0.004 0.003 0.006 0.004 0.005 0.003 0.003 0.003 0.005 0.003 
 36 QAc-G-0293    (0)   :  0.002 0.002 0.029 0.002 0.003 0.510 0.002 0.409 0.004 0.002 0.002 0.003 0.003 0.002 0.003 0.003 0.010 0.004 0.002 0.002 
 37 QAc-G-0294    (0)   :  0.026 0.086 0.005 0.443 0.040 0.005 0.006 0.003 0.013 0.025 0.012 0.174 0.039 0.035 0.030 0.004 0.012 0.010 0.025 0.006 
 38 QAc-G-0295    (0)   :  0.016 0.034 0.003 0.012 0.004 0.006 0.003 0.004 0.005 0.004 0.005 0.820 0.013 0.027 0.009 0.003 0.005 0.017 0.005 0.003 
 39 QAc-G-0296    (0)   :  0.007 0.004 0.005 0.006 0.007 0.004 0.004 0.004 0.005 0.003 0.002 0.008 0.004 0.911 0.004 0.003 0.002 0.005 0.003 0.007 
 40 QAc-G-0297    (0)   :  0.071 0.333 0.002 0.026 0.008 0.003 0.007 0.003 0.004 0.005 0.019 0.008 0.159 0.123 0.206 0.006 0.002 0.002 0.008 0.004 
 41 QAc-G-0298    (6)   :  0.014 0.021 0.003 0.012 0.003 0.003 0.005 0.007 0.007 0.004 0.004 0.137 0.015 0.692 0.013 0.004 0.008 0.042 0.004 0.004 
 42 QAc-G-0299    (0)   :  0.199 0.028 0.007 0.030 0.015 0.017 0.003 0.005 0.006 0.009 0.015 0.016 0.012 0.590 0.020 0.003 0.003 0.007 0.010 0.004 
 43 QAc-G-0300    (0)   :  0.042 0.015 0.004 0.030 0.007 0.003 0.011 0.003 0.006 0.014 0.003 0.031 0.011 0.778 0.008 0.003 0.002 0.003 0.004 0.021 
 44 QAc-G-0301    (0)   :  0.026 0.098 0.014 0.011 0.004 0.012 0.004 0.008 0.007 0.006 0.005 0.025 0.017 0.564 0.011 0.004 0.006 0.008 0.004 0.165 
 45 QAc-G-0302    (0)   :  0.041 0.022 0.008 0.007 0.013 0.005 0.004 0.005 0.003 0.011 0.801 0.002 0.012 0.006 0.016 0.003 0.003 0.004 0.033 0.003 
 46 QAc-G-0303    (0)   :  0.004 0.015 0.003 0.012 0.009 0.003 0.029 0.008 0.004 0.008 0.815 0.010 0.018 0.003 0.024 0.009 0.003 0.003 0.015 0.005 
 47 QAc-G-0304    (0)   :  0.003 0.002 0.004 0.003 0.003 0.948 0.003 0.004 0.003 0.002 0.002 0.003 0.002 0.003 0.002 0.003 0.003 0.003 0.002 0.002 
 48 QAc-G-0305    (0)   :  0.004 0.012 0.609 0.006 0.034 0.020 0.025 0.075 0.018 0.007 0.018 0.005 0.015 0.004 0.016 0.030 0.028 0.018 0.053 0.003 
 49 QAc-G-0306    (0)   :  0.002 0.002 0.924 0.002 0.002 0.031 0.003 0.003 0.004 0.002 0.002 0.002 0.002 0.002 0.002 0.003 0.003 0.003 0.002 0.002 
 50 QAc-G-0307    (0)   :  0.011 0.019 0.004 0.008 0.006 0.003 0.031 0.014 0.005 0.054 0.011 0.006 0.015 0.014 0.018 0.627 0.110 0.029 0.008 0.007 
 51 QAc-G-0308    (0)   :  0.006 0.006 0.022 0.006 0.008 0.005 0.006 0.005 0.031 0.005 0.005 0.014 0.005 0.010 0.006 0.533 0.014 0.307 0.004 0.002 
 52 QAc-G-0309    (0)   :  0.005 0.006 0.004 0.005 0.003 0.003 0.003 0.004 0.006 0.006 0.003 0.003 0.008 0.003 0.013 0.004 0.907 0.007 0.005 0.002 
 53 QAc-G-0310    (0)   :  0.004 0.003 0.003 0.003 0.003 0.003 0.003 0.003 0.004 0.003 0.002 0.003 0.003 0.003 0.003 0.003 0.941 0.006 0.002 0.003 
 54 QAc-G-0311    (0)   :  0.003 0.002 0.002 0.002 0.002 0.002 0.002 0.002 0.006 0.002 0.002 0.002 0.002 0.002 0.002 0.908 0.017 0.033 0.002 0.002 
 55 QAc-G-0312    (0)   :  0.040 0.051 0.005 0.016 0.018 0.005 0.024 0.004 0.048 0.020 0.024 0.031 0.096 0.022 0.051 0.499 0.005 0.004 0.022 0.014 
 56 QAc-G-0313    (0)   :  0.009 0.039 0.010 0.011 0.004 0.006 0.018 0.077 0.007 0.644 0.006 0.009 0.045 0.012 0.053 0.003 0.026 0.006 0.011 0.006 
 57 QAc-G-0314    (0)   :  0.021 0.053 0.003 0.016 0.005 0.003 0.011 0.002 0.007 0.718 0.013 0.012 0.033 0.030 0.046 0.003 0.004 0.011 0.004 0.006 
 58 QAc-G-0315    (0)   :  0.020 0.026 0.006 0.021 0.010 0.009 0.005 0.004 0.006 0.682 0.015 0.003 0.054 0.005 0.075 0.002 0.003 0.004 0.047 0.004 
 59 QAc-G-0316    (0)   :  0.009 0.020 0.007 0.005 0.003 0.006 0.012 0.004 0.021 0.804 0.004 0.003 0.021 0.004 0.022 0.011 0.022 0.012 0.005 0.005 
 60 QAc-G-0032    (6)   :  0.005 0.061 0.009 0.007 0.062 0.004 0.007 0.003 0.005 0.008 0.201 0.008 0.050 0.017 0.065 0.004 0.006 0.003 0.344 0.131 
 61 QAc-G-0033    (0)   :  0.069 0.010 0.005 0.016 0.005 0.004 0.005 0.003 0.005 0.005 0.004 0.007 0.005 0.825 0.005 0.002 0.006 0.007 0.004 0.006 
 62 QAc-G-0034    (0)   :  0.011 0.013 0.004 0.038 0.008 0.003 0.017 0.003 0.014 0.009 0.005 0.009 0.009 0.787 0.010 0.024 0.011 0.011 0.006 0.007 
 63 QAc-G-0035    (0)   :  0.145 0.010 0.020 0.699 0.008 0.005 0.005 0.008 0.005 0.005 0.005 0.040 0.006 0.010 0.006 0.004 0.003 0.004 0.004 0.009 
 64 QAc-G-0036    (0)   :  0.005 0.005 0.008 0.005 0.003 0.007 0.005 0.005 0.007 0.008 0.003 0.004 0.004 0.906 0.005 0.003 0.003 0.006 0.005 0.003 
 65 QAc-G-0037    (0)   :  0.004 0.003 0.007 0.007 0.004 0.010 0.002 0.003 0.014 0.003 0.002 0.910 0.003 0.004 0.003 0.007 0.003 0.007 0.002 0.003 
 66 QAc-G-0038    (0)   :  0.012 0.012 0.003 0.143 0.004 0.003 0.011 0.002 0.002 0.006 0.003 0.233 0.007 0.542 0.007 0.002 0.002 0.002 0.003 0.002 
 67 QAc-G-0039    (0)   :  0.016 0.029 0.006 0.563 0.009 0.004 0.018 0.003 0.036 0.139 0.008 0.043 0.019 0.038 0.018 0.007 0.009 0.021 0.009 0.003 
 68 QAc-G-0040    (0)   :  0.031 0.015 0.014 0.117 0.069 0.134 0.045 0.020 0.004 0.006 0.005 0.422 0.019 0.054 0.020 0.008 0.004 0.004 0.004 0.004 
 69 QAc-G-0041    (0)   :  0.004 0.004 0.004 0.008 0.003 0.002 0.014 0.011 0.002 0.006 0.002 0.768 0.004 0.094 0.004 0.002 0.002 0.002 0.003 0.060 
 70 QAc-G-0042    (0)   :  0.009 0.005 0.006 0.005 0.011 0.005 0.004 0.003 0.004 0.003 0.003 0.007 0.004 0.912 0.003 0.003 0.002 0.004 0.003 0.004 
 71 QAc-G-0043    (0)   :  0.024 0.009 0.012 0.066 0.009 0.013 0.004 0.004 0.014 0.005 0.005 0.771 0.007 0.019 0.008 0.005 0.004 0.016 0.003 0.003 
 72 QAc-G-0044    (0)   :  0.010 0.007 0.006 0.006 0.014 0.006 0.004 0.004 0.003 0.005 0.009 0.006 0.008 0.868 0.008 0.003 0.003 0.003 0.004 0.024 
 73 QAc-G-0045    (0)   :  0.051 0.006 0.006 0.031 0.010 0.005 0.006 0.004 0.025 0.006 0.004 0.025 0.005 0.745 0.007 0.019 0.008 0.025 0.003 0.009 
 74 QAc-G-0046    (0)   :  0.007 0.008 0.003 0.525 0.005 0.002 0.005 0.003 0.005 0.011 0.003 0.369 0.007 0.007 0.007 0.005 0.008 0.008 0.008 0.004 
 75 QAc-G-0047    (0)   :  0.015 0.007 0.005 0.825 0.010 0.005 0.005 0.003 0.013 0.010 0.007 0.043 0.006 0.005 0.007 0.004 0.010 0.013 0.004 0.004 
 76 QAc-G-0048    (0)   :  0.020 0.091 0.003 0.137 0.005 0.005 0.010 0.009 0.003 0.015 0.006 0.537 0.039 0.087 0.016 0.002 0.002 0.004 0.005 0.005 
 77 QAc-G-0049    (0)   :  0.003 0.003 0.005 0.003 0.002 0.003 0.003 0.003 0.006 0.003 0.002 0.002 0.002 0.002 0.002 0.004 0.936 0.010 0.003 0.002 
 78 QAc-G-0050    (0)   :  0.005 0.125 0.008 0.007 0.005 0.019 0.011 0.005 0.005 0.032 0.036 0.004 0.202 0.003 0.379 0.079 0.009 0.013 0.051 0.004 
 79 QAc-G-0051    (0)   :  0.002 0.002 0.003 0.002 0.002 0.002 0.002 0.004 0.003 0.002 0.002 0.002 0.002 0.002 0.003 0.004 0.951 0.004 0.002 0.002 
 80 QAc-G-0052    (0)   :  0.006 0.013 0.004 0.010 0.003 0.004 0.007 0.003 0.067 0.012 0.004 0.018 0.012 0.007 0.012 0.531 0.016 0.251 0.009 0.010 
 81 QAc-G-0053    (0)   :  0.003 0.005 0.003 0.017 0.002 0.005 0.002 0.003 0.007 0.004 0.002 0.014 0.005 0.002 0.004 0.005 0.005 0.907 0.002 0.003 
 82 QAc-G-0054    (0)   :  0.006 0.053 0.003 0.005 0.018 0.003 0.020 0.002 0.012 0.050 0.014 0.049 0.075 0.005 0.101 0.566 0.002 0.003 0.010 0.004 
 83 QAc-G-0055    (0)   :  0.004 0.079 0.003 0.006 0.011 0.003 0.008 0.003 0.005 0.016 0.023 0.007 0.065 0.016 0.072 0.653 0.004 0.005 0.014 0.003 
 84 QAc-G-0056    (0)   :  0.009 0.125 0.013 0.008 0.007 0.005 0.042 0.004 0.006 0.006 0.009 0.003 0.160 0.006 0.399 0.148 0.003 0.008 0.031 0.006 
 85 QAc-G-0057    (0)   :  0.003 0.003 0.004 0.003 0.002 0.002 0.002 0.003 0.003 0.002 0.003 0.003 0.003 0.003 0.003 0.005 0.943 0.005 0.003 0.002 
 86 QAc-G-0058    (6)   :  0.002 0.002 0.003 0.002 0.002 0.002 0.002 0.003 0.003 0.003 0.003 0.002 0.002 0.003 0.003 0.004 0.949 0.004 0.003 0.002 
 87 QAc-G-0059    (0)   :  0.002 0.117 0.002 0.074 0.003 0.002 0.004 0.002 0.004 0.023 0.004 0.047 0.088 0.003 0.062 0.545 0.004 0.003 0.006 0.002 
 88 QAc-G-0060    (6)   :  0.011 0.018 0.020 0.009 0.005 0.017 0.005 0.007 0.005 0.014 0.003 0.009 0.041 0.005 0.036 0.168 0.033 0.580 0.009 0.007 
 89 QAc-G-0276    (0)   :  0.017 0.006 0.116 0.010 0.003 0.180 0.004 0.577 0.009 0.005 0.004 0.015 0.006 0.008 0.007 0.013 0.005 0.010 0.004 0.002 
 90 QAc-G-0279    (0)   :  0.003 0.003 0.912 0.003 0.002 0.034 0.003 0.003 0.004 0.003 0.002 0.003 0.003 0.002 0.003 0.003 0.004 0.004 0.004 0.002 
 91 QAc-G-0280    (6)   :  0.011 0.004 0.822 0.004 0.003 0.094 0.004 0.005 0.004 0.004 0.003 0.004 0.004 0.008 0.005 0.004 0.004 0.004 0.006 0.003 
 92 QAc-G-0281    (0)   :  0.003 0.003 0.004 0.004 0.003 0.004 0.002 0.003 0.005 0.003 0.002 0.003 0.003 0.003 0.003 0.932 0.006 0.012 0.002 0.002 
 93 QAc-G-0018    (0)   :  0.007 0.012 0.005 0.014 0.016 0.004 0.007 0.003 0.020 0.014 0.008 0.019 0.008 0.756 0.010 0.020 0.011 0.017 0.044 0.005 
 94 QAc-G-0019    (0)   :  0.065 0.016 0.016 0.015 0.010 0.006 0.007 0.015 0.009 0.010 0.004 0.017 0.009 0.660 0.008 0.003 0.003 0.005 0.005 0.116 
 95 QAc-G-0020    (0)   :  0.008 0.007 0.003 0.049 0.005 0.002 0.003 0.004 0.005 0.005 0.002 0.864 0.007 0.005 0.010 0.003 0.003 0.003 0.004 0.006 
 96 QAc-G-0021    (6)   :  0.008 0.013 0.003 0.008 0.003 0.002 0.002 0.002 0.004 0.006 0.002 0.863 0.005 0.006 0.005 0.003 0.015 0.012 0.003 0.034 
 97 QAc-G-0022    (6)   :  0.061 0.285 0.003 0.100 0.004 0.005 0.051 0.007 0.005 0.037 0.007 0.123 0.116 0.050 0.051 0.009 0.006 0.016 0.005 0.059 
 98 QAc-G-0023    (0)   :  0.003 0.003 0.004 0.003 0.003 0.003 0.002 0.004 0.005 0.003 0.003 0.002 0.003 0.003 0.003 0.312 0.617 0.019 0.003 0.002 
 99 QAc-G-0024    (0)   :  0.005 0.003 0.003 0.004 0.003 0.003 0.003 0.002 0.007 0.003 0.004 0.003 0.003 0.005 0.003 0.003 0.927 0.010 0.003 0.003 
100 QAc-G-0016    (0)   :  0.005 0.021 0.009 0.004 0.156 0.006 0.011 0.005 0.006 0.006 0.095 0.006 0.036 0.039 0.043 0.437 0.003 0.003 0.106 0.005 
101 QAc-G-0017    (0)   :  0.004 0.028 0.005 0.008 0.023 0.005 0.006 0.007 0.003 0.109 0.528 0.009 0.043 0.007 0.016 0.002 0.003 0.003 0.008 0.182 
102 QAc-G-0250    (0)   :  0.010 0.045 0.168 0.053 0.007 0.039 0.011 0.234 0.032 0.041 0.027 0.017 0.055 0.007 0.063 0.012 0.007 0.003 0.162 0.006 
103 QAc-G-0003    (6)   :  0.005 0.003 0.915 0.003 0.003 0.021 0.004 0.005 0.005 0.004 0.003 0.003 0.004 0.004 0.003 0.004 0.003 0.004 0.003 0.003 
104 QAc-G-0004    (0)   :  0.017 0.021 0.002 0.034 0.008 0.003 0.004 0.005 0.014 0.029 0.740 0.036 0.033 0.008 0.018 0.003 0.010 0.004 0.006 0.006 
105 QAc-G-0005    (0)   :  0.003 0.003 0.003 0.003 0.005 0.003 0.003 0.002 0.003 0.003 0.003 0.003 0.003 0.003 0.003 0.002 0.003 0.003 0.002 0.946 
106 QAc-G-0006    (6)   :  0.006 0.073 0.004 0.015 0.004 0.005 0.009 0.007 0.008 0.009 0.763 0.004 0.041 0.004 0.028 0.005 0.003 0.002 0.009 0.002 
107 QAc-G-0283    (0)   :  0.004 0.238 0.004 0.008 0.004 0.003 0.128 0.108 0.003 0.028 0.034 0.004 0.173 0.007 0.229 0.004 0.003 0.004 0.009 0.004 
108 QAc-G-0265    (0)   :  0.028 0.105 0.005 0.022 0.005 0.003 0.007 0.204 0.005 0.014 0.006 0.003 0.087 0.006 0.099 0.003 0.370 0.005 0.017 0.004 
109 QAc-G-0266    (0)   :  0.002 0.002 0.004 0.002 0.002 0.003 0.002 0.003 0.005 0.002 0.002 0.002 0.002 0.002 0.002 0.005 0.947 0.007 0.002 0.002 
110 QAc-G-0267    (0)   :  0.019 0.017 0.004 0.019 0.006 0.004 0.009 0.545 0.005 0.006 0.004 0.146 0.019 0.102 0.015 0.005 0.003 0.008 0.006 0.061 
111 QAc-G-0268   (20)   :  0.012 0.029 0.388 0.009 0.009 0.147 0.004 0.008 0.104 0.049 0.015 0.003 0.057 0.005 0.108 0.004 0.003 0.004 0.033 0.008 
112 QAc-G-0269    (0)   :  0.004 0.004 0.211 0.005 0.003 0.716 0.003 0.004 0.004 0.004 0.003 0.006 0.004 0.004 0.003 0.004 0.007 0.004 0.003 0.004 
113 QAc-G-0270    (6)   :  0.005 0.003 0.003 0.004 0.003 0.004 0.003 0.003 0.003 0.003 0.002 0.003 0.003 0.937 0.003 0.002 0.003 0.004 0.003 0.005 
114 QAc-G-0271    (0)   :  0.127 0.278 0.005 0.140 0.006 0.002 0.006 0.005 0.004 0.020 0.008 0.032 0.090 0.023 0.108 0.002 0.003 0.005 0.013 0.122 
115 QAc-G-0272    (6)   :  0.006 0.006 0.007 0.006 0.009 0.011 0.004 0.005 0.012 0.004 0.004 0.006 0.005 0.890 0.005 0.003 0.004 0.006 0.003 0.003 
116 QAc-G-0273    (0)   :  0.003 0.003 0.003 0.004 0.003 0.003 0.003 0.004 0.005 0.003 0.002 0.002 0.003 0.003 0.003 0.929 0.012 0.006 0.003 0.003 
117 QAc-G-0274    (0)   :  0.003 0.002 0.002 0.002 0.003 0.002 0.003 0.002 0.002 0.002 0.002 0.002 0.003 0.003 0.002 0.002 0.002 0.003 0.002 0.955 
118 QAc-G-0251    (6)   :  0.003 0.003 0.003 0.003 0.005 0.002 0.003 0.003 0.003 0.003 0.005 0.003 0.003 0.934 0.004 0.004 0.004 0.003 0.003 0.005 
119 QAc-G-0252    (0)   :  0.005 0.041 0.006 0.006 0.009 0.004 0.024 0.003 0.004 0.005 0.011 0.111 0.014 0.712 0.012 0.006 0.004 0.010 0.007 0.005 
120 QAc-G-0253    (0)   :  0.003 0.005 0.003 0.006 0.002 0.004 0.002 0.003 0.007 0.004 0.003 0.004 0.007 0.004 0.005 0.909 0.014 0.010 0.002 0.002 
121 QAc-G-0254    (0)   :  0.003 0.006 0.003 0.005 0.002 0.004 0.003 0.003 0.009 0.004 0.003 0.002 0.009 0.003 0.006 0.014 0.872 0.044 0.003 0.002 
122 QAc-G-0255    (0)   :  0.029 0.029 0.008 0.008 0.007 0.003 0.005 0.006 0.003 0.008 0.814 0.006 0.021 0.005 0.017 0.003 0.004 0.005 0.014 0.006 
123 QAc-G-0256    (0)   :  0.004 0.004 0.004 0.004 0.864 0.006 0.003 0.004 0.003 0.003 0.070 0.003 0.004 0.003 0.004 0.003 0.003 0.003 0.004 0.005 
124 QAc-G-0257    (0)   :  0.004 0.023 0.004 0.005 0.051 0.003 0.032 0.004 0.003 0.004 0.624 0.019 0.060 0.013 0.026 0.004 0.002 0.035 0.010 0.073 
125 QAc-G-0258    (0)   :  0.004 0.007 0.003 0.004 0.010 0.002 0.003 0.003 0.002 0.004 0.918 0.004 0.006 0.004 0.008 0.002 0.002 0.003 0.004 0.006 
126 QAc-G-0259    (0)   :  0.006 0.097 0.002 0.008 0.006 0.002 0.009 0.002 0.002 0.015 0.008 0.004 0.218 0.002 0.608 0.003 0.002 0.001 0.004 0.002 
127 QAc-G-0260    (0)   :  0.011 0.076 0.026 0.007 0.146 0.029 0.022 0.006 0.004 0.015 0.007 0.006 0.359 0.009 0.214 0.004 0.006 0.024 0.007 0.023 
128 QAc-G-0261    (0)   :  0.003 0.094 0.003 0.008 0.005 0.003 0.004 0.003 0.003 0.032 0.010 0.011 0.359 0.009 0.129 0.003 0.003 0.004 0.015 0.299 
129 QAc-G-0262    (0)   :  0.003 0.101 0.009 0.005 0.066 0.008 0.011 0.011 0.003 0.025 0.021 0.003 0.480 0.005 0.211 0.005 0.004 0.004 0.009 0.017 
130 QAc-G-0010    (0)   :  0.005 0.010 0.092 0.024 0.003 0.023 0.007 0.740 0.008 0.014 0.003 0.014 0.008 0.005 0.008 0.003 0.013 0.011 0.005 0.004 
131 QAc-G-0011    (0)   :  0.003 0.005 0.002 0.008 0.003 0.003 0.015 0.003 0.004 0.913 0.003 0.004 0.004 0.005 0.005 0.003 0.004 0.003 0.004 0.005 
132 QAc-G-0015    (0)   :  0.003 0.049 0.004 0.011 0.011 0.002 0.025 0.007 0.014 0.023 0.065 0.005 0.031 0.007 0.035 0.253 0.428 0.015 0.006 0.006 
133 QAc-G-0106    (0)   :  0.005 0.015 0.003 0.004 0.091 0.003 0.006 0.003 0.002 0.003 0.752 0.003 0.024 0.033 0.019 0.002 0.002 0.004 0.007 0.023 
134 QAc-G-0107    (0)   :  0.005 0.008 0.005 0.004 0.720 0.005 0.004 0.012 0.006 0.011 0.116 0.002 0.011 0.006 0.016 0.008 0.006 0.006 0.044 0.003 
135 QAc-G-0108    (0)   :  0.003 0.006 0.004 0.004 0.828 0.008 0.004 0.004 0.002 0.005 0.091 0.005 0.008 0.007 0.006 0.002 0.002 0.002 0.005 0.003 
136 QAc-G-0109    (0)   :  0.004 0.062 0.004 0.005 0.034 0.006 0.023 0.005 0.007 0.021 0.548 0.007 0.101 0.015 0.085 0.019 0.006 0.006 0.023 0.020 
137 QAc-G-0110    (0)   :  0.015 0.038 0.074 0.006 0.091 0.013 0.008 0.009 0.004 0.007 0.607 0.008 0.026 0.039 0.028 0.005 0.005 0.004 0.009 0.002 
138 QAc-G-0111    (0)   :  0.007 0.030 0.006 0.009 0.019 0.006 0.007 0.017 0.008 0.010 0.794 0.021 0.016 0.006 0.012 0.004 0.006 0.005 0.011 0.006 
139 QAc-G-0112    (0)   :  0.004 0.011 0.004 0.004 0.079 0.038 0.003 0.010 0.005 0.010 0.756 0.004 0.014 0.004 0.022 0.004 0.010 0.007 0.008 0.003 
140 QAc-G-0113    (0)   :  0.006 0.023 0.010 0.007 0.081 0.005 0.008 0.012 0.004 0.007 0.590 0.005 0.027 0.011 0.025 0.065 0.002 0.022 0.072 0.018 
141 QAc-G-0114    (0)   :  0.029 0.015 0.012 0.031 0.005 0.008 0.004 0.007 0.008 0.006 0.781 0.007 0.009 0.012 0.015 0.005 0.009 0.014 0.020 0.003 
142 QAc-G-0115    (0)   :  0.003 0.009 0.008 0.004 0.038 0.007 0.004 0.004 0.012 0.013 0.834 0.006 0.011 0.004 0.016 0.007 0.003 0.003 0.009 0.006 
143 QAc-G-0116    (0)   :  0.004 0.008 0.010 0.005 0.016 0.009 0.006 0.015 0.004 0.010 0.851 0.003 0.009 0.004 0.008 0.007 0.006 0.006 0.011 0.009 
144 QAc-G-0117    (0)   :  0.025 0.106 0.004 0.033 0.296 0.004 0.008 0.023 0.049 0.016 0.024 0.052 0.080 0.047 0.049 0.013 0.005 0.011 0.123 0.032 
145 QAc-G-0118    (0)   :  0.007 0.007 0.005 0.003 0.009 0.003 0.011 0.012 0.002 0.007 0.875 0.004 0.007 0.007 0.008 0.002 0.002 0.002 0.004 0.024 
146 QAc-G-0119    (0)   :  0.008 0.039 0.002 0.010 0.007 0.002 0.003 0.002 0.003 0.012 0.818 0.011 0.016 0.007 0.016 0.003 0.011 0.004 0.005 0.022 
147 QAc-G-0120    (0)   :  0.010 0.051 0.006 0.006 0.009 0.005 0.007 0.006 0.010 0.013 0.733 0.004 0.040 0.010 0.059 0.004 0.004 0.009 0.009 0.005 
148 QAc-G-0121    (0)   :  0.004 0.004 0.007 0.008 0.012 0.008 0.003 0.004 0.003 0.005 0.006 0.010 0.005 0.010 0.004 0.005 0.004 0.002 0.004 0.894 
149 QAc-G-0122    (0)   :  0.005 0.004 0.020 0.007 0.019 0.045 0.004 0.009 0.003 0.009 0.006 0.011 0.005 0.010 0.004 0.004 0.005 0.003 0.004 0.823 
150 QAc-G-0123    (0)   :  0.004 0.003 0.002 0.003 0.002 0.002 0.002 0.002 0.002 0.002 0.002 0.004 0.003 0.004 0.002 0.002 0.002 0.003 0.002 0.952 
151 QAc-G-0124    (6)   :  0.005 0.004 0.003 0.003 0.004 0.003 0.004 0.003 0.004 0.003 0.003 0.003 0.003 0.005 0.003 0.002 0.003 0.003 0.003 0.935 
152 QAc-G-0125    (0)   :  0.004 0.063 0.005 0.016 0.006 0.014 0.029 0.015 0.026 0.040 0.017 0.015 0.111 0.003 0.102 0.006 0.041 0.011 0.030 0.445 
153 QAc-G-0126    (0)   :  0.004 0.085 0.007 0.011 0.037 0.005 0.010 0.004 0.004 0.115 0.055 0.017 0.188 0.009 0.251 0.027 0.003 0.021 0.021 0.125 
154 QAc-G-0127    (0)   :  0.006 0.011 0.003 0.005 0.017 0.004 0.014 0.005 0.008 0.004 0.007 0.006 0.009 0.007 0.009 0.008 0.003 0.005 0.012 0.857 
155 QAc-G-0128    (0)   :  0.004 0.003 0.005 0.003 0.003 0.005 0.003 0.003 0.003 0.003 0.003 0.003 0.003 0.003 0.003 0.003 0.003 0.003 0.003 0.939 
156 QAc-G-0129    (0)   :  0.003 0.003 0.003 0.002 0.003 0.003 0.002 0.002 0.002 0.002 0.003 0.002 0.003 0.003 0.002 0.002 0.002 0.002 0.002 0.953 
157 QAc-G-0130    (0)   :  0.004 0.009 0.009 0.006 0.083 0.002 0.020 0.007 0.003 0.004 0.031 0.012 0.007 0.009 0.007 0.003 0.002 0.003 0.008 0.771 
158 QAc-G-0131    (0)   :  0.007 0.004 0.005 0.006 0.006 0.005 0.004 0.003 0.004 0.005 0.004 0.007 0.005 0.005 0.004 0.006 0.003 0.004 0.003 0.909 
159 QAc-G-0132    (0)   :  0.009 0.014 0.007 0.006 0.046 0.016 0.005 0.010 0.019 0.007 0.055 0.005 0.015 0.004 0.016 0.006 0.015 0.005 0.013 0.727 
160 QAc-G-0133    (0)   :  0.005 0.006 0.003 0.004 0.012 0.007 0.004 0.006 0.005 0.004 0.003 0.006 0.007 0.025 0.005 0.003 0.004 0.003 0.004 0.885 
161 QAc-G-0134    (0)   :  0.005 0.005 0.005 0.005 0.008 0.003 0.003 0.003 0.004 0.004 0.004 0.005 0.005 0.004 0.004 0.003 0.009 0.003 0.003 0.919 
162 QAc-G-0135    (0)   :  0.009 0.007 0.005 0.009 0.004 0.005 0.005 0.003 0.006 0.007 0.893 0.005 0.006 0.008 0.007 0.004 0.006 0.006 0.003 0.003 
163 QAc-G-0136    (0)   :  0.004 0.014 0.009 0.003 0.015 0.003 0.011 0.134 0.008 0.008 0.716 0.003 0.012 0.007 0.014 0.010 0.007 0.003 0.013 0.005 
164 QAc-G-0137    (0)   :  0.011 0.014 0.004 0.012 0.027 0.004 0.005 0.005 0.012 0.029 0.742 0.003 0.013 0.009 0.014 0.003 0.003 0.004 0.038 0.049 
165 QAc-G-0138    (0)   :  0.003 0.011 0.002 0.003 0.011 0.003 0.034 0.033 0.004 0.022 0.814 0.002 0.015 0.003 0.010 0.012 0.005 0.005 0.003 0.006 
166 QAc-G-0139    (0)   :  0.005 0.005 0.003 0.025 0.008 0.003 0.005 0.003 0.002 0.007 0.791 0.058 0.007 0.039 0.007 0.003 0.002 0.002 0.006 0.019 
167 QAc-G-0140    (6)   :  0.006 0.005 0.003 0.004 0.915 0.003 0.003 0.003 0.005 0.004 0.012 0.003 0.004 0.005 0.004 0.003 0.002 0.003 0.007 0.006 
168 QAc-G-0141    (0)   :  0.009 0.065 0.017 0.014 0.589 0.005 0.019 0.011 0.008 0.007 0.009 0.009 0.052 0.013 0.033 0.066 0.005 0.006 0.055 0.008 
169 QAc-G-0142    (0)   :  0.009 0.004 0.003 0.004 0.006 0.003 0.003 0.003 0.002 0.003 0.934 0.002 0.003 0.004 0.004 0.002 0.002 0.002 0.003 0.003 
170 QAc-G-0143    (0)   :  0.004 0.148 0.005 0.002 0.002 0.004 0.003 0.004 0.004 0.006 0.005 0.004 0.237 0.007 0.548 0.004 0.002 0.005 0.004 0.003 
171 QAc-G-0144    (6)   :  0.004 0.046 0.006 0.004 0.005 0.003 0.004 0.009 0.050 0.037 0.539 0.008 0.077 0.005 0.111 0.004 0.003 0.003 0.080 0.002 
172 QAc-G-0145    (0)   :  0.003 0.003 0.918 0.003 0.003 0.032 0.003 0.003 0.003 0.003 0.003 0.003 0.003 0.004 0.003 0.002 0.003 0.002 0.003 0.002 
173 QAc-G-0146    (0)   :  0.003 0.003 0.003 0.002 0.003 0.003 0.003 0.003 0.004 0.003 0.002 0.002 0.003 0.004 0.003 0.004 0.002 0.004 0.002 0.944 
174 QAc-G-0147    (0)   :  0.008 0.078 0.005 0.006 0.038 0.007 0.144 0.016 0.004 0.018 0.012 0.005 0.257 0.030 0.107 0.005 0.003 0.009 0.110 0.138 
175 QAc-G-0148    (0)   :  0.006 0.007 0.003 0.005 0.016 0.002 0.005 0.007 0.003 0.008 0.011 0.004 0.024 0.015 0.012 0.003 0.003 0.004 0.853 0.007 
176 QAc-G-0149    (0)   :  0.004 0.003 0.004 0.006 0.004 0.004 0.003 0.003 0.002 0.005 0.002 0.006 0.003 0.004 0.003 0.002 0.003 0.002 0.003 0.934 
177 QAc-G-0150    (0)   :  0.002 0.002 0.909 0.003 0.003 0.041 0.003 0.003 0.004 0.002 0.002 0.002 0.002 0.003 0.002 0.003 0.003 0.003 0.003 0.003 
178 QAc-G-0151    (0)   :  0.006 0.003 0.003 0.003 0.003 0.003 0.003 0.003 0.003 0.003 0.003 0.003 0.003 0.005 0.003 0.002 0.002 0.004 0.003 0.939 
179 QAc-G-0152    (0)   :  0.004 0.004 0.002 0.003 0.002 0.002 0.003 0.002 0.006 0.003 0.002 0.004 0.004 0.005 0.003 0.005 0.003 0.007 0.003 0.933 
180 QAc-G-0153    (0)   :  0.004 0.012 0.002 0.004 0.006 0.003 0.016 0.057 0.002 0.005 0.005 0.006 0.010 0.020 0.008 0.002 0.002 0.002 0.004 0.830 
181 QAc-G-0154    (0)   :  0.004 0.007 0.012 0.005 0.055 0.006 0.004 0.014 0.002 0.005 0.014 0.013 0.007 0.091 0.006 0.003 0.003 0.003 0.004 0.744 
182 QAc-G-0155    (0)   :  0.006 0.003 0.003 0.004 0.003 0.003 0.003 0.003 0.002 0.002 0.002 0.004 0.003 0.005 0.003 0.002 0.002 0.003 0.003 0.941 
183 QAc-G-0158    (0)   :  0.003 0.002 0.003 0.002 0.003 0.002 0.003 0.003 0.003 0.003 0.003 0.002 0.003 0.002 0.003 0.003 0.003 0.003 0.002 0.950 
184 QAc-G-0159    (0)   :  0.006 0.023 0.010 0.010 0.085 0.011 0.011 0.004 0.006 0.079 0.621 0.008 0.035 0.011 0.035 0.006 0.009 0.004 0.012 0.015 
185 QAc-G-0160    (0)   :  0.002 0.002 0.008 0.002 0.003 0.951 0.002 0.003 0.004 0.002 0.002 0.002 0.002 0.002 0.002 0.002 0.002 0.003 0.002 0.002 
186 QAc-G-0161    (0)   :  0.002 0.002 0.007 0.002 0.003 0.952 0.002 0.003 0.003 0.002 0.002 0.002 0.002 0.003 0.002 0.002 0.002 0.002 0.002 0.002 
187 QAc-G-0162    (0)   :  0.007 0.015 0.081 0.027 0.005 0.028 0.006 0.449 0.008 0.026 0.005 0.076 0.018 0.200 0.015 0.011 0.007 0.003 0.011 0.004 
188 QAc-G-0163    (0)   :  0.029 0.013 0.006 0.022 0.004 0.827 0.004 0.008 0.003 0.007 0.009 0.005 0.011 0.013 0.011 0.002 0.002 0.002 0.020 0.002 
189 QAc-G-0164    (0)   :  0.003 0.007 0.090 0.010 0.003 0.767 0.034 0.003 0.010 0.016 0.002 0.002 0.009 0.003 0.012 0.015 0.003 0.004 0.003 0.002 
190 QAc-G-0165    (0)   :  0.004 0.005 0.885 0.003 0.004 0.048 0.004 0.004 0.003 0.003 0.003 0.003 0.004 0.005 0.004 0.003 0.002 0.003 0.003 0.006 
191 QAc-G-0166    (0)   :  0.012 0.004 0.481 0.004 0.003 0.446 0.004 0.003 0.003 0.004 0.002 0.003 0.004 0.008 0.004 0.004 0.003 0.003 0.003 0.003 
192 QAc-G-0167    (0)   :  0.005 0.004 0.416 0.006 0.003 0.505 0.004 0.003 0.004 0.005 0.003 0.005 0.005 0.004 0.004 0.003 0.005 0.004 0.009 0.004 
193 QAc-G-0168    (0)   :  0.003 0.003 0.116 0.002 0.003 0.834 0.002 0.003 0.003 0.002 0.002 0.002 0.003 0.003 0.003 0.004 0.005 0.003 0.002 0.002 
194 QAc-G-0169    (6)   :  0.011 0.030 0.581 0.006 0.004 0.004 0.007 0.006 0.005 0.018 0.180 0.003 0.033 0.004 0.067 0.003 0.003 0.003 0.028 0.003 
195 QAc-G-0170    (0)   :  0.004 0.003 0.913 0.003 0.003 0.030 0.003 0.003 0.004 0.003 0.002 0.003 0.003 0.004 0.003 0.003 0.003 0.003 0.004 0.004 
196 QAc-G-0171    (0)   :  0.003 0.002 0.006 0.003 0.002 0.943 0.003 0.004 0.004 0.003 0.002 0.003 0.003 0.003 0.003 0.003 0.004 0.003 0.003 0.002 
197 QAc-G-0172    (0)   :  0.017 0.053 0.015 0.007 0.019 0.010 0.010 0.010 0.005 0.034 0.654 0.004 0.063 0.005 0.044 0.011 0.008 0.004 0.014 0.013 
198 QAc-G-0173    (0)   :  0.002 0.003 0.074 0.002 0.003 0.398 0.003 0.474 0.004 0.003 0.003 0.003 0.003 0.003 0.003 0.003 0.009 0.004 0.002 0.002 
199 QAc-G-0174    (0)   :  0.006 0.004 0.031 0.003 0.009 0.015 0.004 0.877 0.005 0.003 0.003 0.004 0.004 0.007 0.004 0.004 0.005 0.005 0.005 0.003 
200 QAc-G-0175    (0)   :  0.003 0.002 0.913 0.003 0.003 0.037 0.003 0.004 0.004 0.002 0.002 0.003 0.002 0.003 0.002 0.003 0.003 0.003 0.003 0.002 
201 QAc-G-0176    (0)   :  0.005 0.009 0.164 0.007 0.003 0.602 0.004 0.004 0.034 0.006 0.004 0.046 0.008 0.074 0.009 0.009 0.003 0.003 0.004 0.004 
202 QAc-G-0177    (0)   :  0.003 0.002 0.914 0.003 0.003 0.034 0.002 0.004 0.004 0.003 0.002 0.002 0.002 0.003 0.003 0.003 0.003 0.003 0.003 0.003 
203 QAc-G-0178    (0)   :  0.004 0.007 0.675 0.006 0.004 0.064 0.105 0.011 0.013 0.029 0.003 0.003 0.009 0.003 0.013 0.026 0.006 0.007 0.004 0.009 
204 QAc-G-0179    (6)   :  0.003 0.002 0.006 0.002 0.002 0.947 0.002 0.004 0.003 0.002 0.002 0.003 0.002 0.004 0.003 0.003 0.003 0.002 0.002 0.002 
205 QAc-G-0180    (0)   :  0.003 0.002 0.009 0.002 0.003 0.947 0.003 0.003 0.003 0.002 0.002 0.002 0.002 0.003 0.002 0.002 0.002 0.002 0.002 0.002 
206 QAc-G-0181    (0)   :  0.012 0.003 0.025 0.006 0.003 0.908 0.004 0.003 0.003 0.004 0.003 0.004 0.003 0.002 0.003 0.002 0.002 0.003 0.003 0.003 
207 QAc-G-0182    (0)   :  0.005 0.007 0.009 0.004 0.008 0.512 0.005 0.387 0.004 0.006 0.005 0.004 0.011 0.006 0.008 0.003 0.002 0.003 0.006 0.005 
208 QAc-G-0183    (6)   :  0.004 0.008 0.127 0.005 0.003 0.757 0.004 0.008 0.011 0.008 0.005 0.003 0.012 0.003 0.011 0.004 0.004 0.007 0.013 0.003 
209 QAc-G-0184    (0)   :  0.003 0.003 0.827 0.002 0.004 0.119 0.003 0.004 0.003 0.002 0.003 0.003 0.003 0.004 0.003 0.003 0.003 0.002 0.002 0.003 
210 QAc-G-0185    (0)   :  0.006 0.008 0.804 0.004 0.006 0.029 0.036 0.020 0.006 0.014 0.006 0.004 0.010 0.007 0.008 0.004 0.004 0.005 0.005 0.014 
211 QAc-G-0186    (0)   :  0.008 0.003 0.004 0.006 0.002 0.939 0.003 0.003 0.002 0.003 0.003 0.004 0.003 0.003 0.003 0.002 0.002 0.002 0.002 0.002 
212 QAc-G-0187    (0)   :  0.007 0.007 0.815 0.007 0.003 0.011 0.024 0.003 0.022 0.031 0.003 0.007 0.006 0.005 0.010 0.005 0.013 0.010 0.007 0.003 
213 QAc-G-0188    (0)   :  0.012 0.139 0.116 0.026 0.012 0.091 0.004 0.006 0.004 0.023 0.304 0.022 0.076 0.004 0.133 0.003 0.002 0.004 0.013 0.004 
214 QAc-G-0189    (0)   :  0.003 0.004 0.818 0.003 0.004 0.053 0.003 0.030 0.009 0.003 0.003 0.002 0.004 0.004 0.004 0.026 0.014 0.004 0.004 0.002 
215 QAc-G-0190    (0)   :  0.003 0.002 0.911 0.003 0.002 0.034 0.003 0.004 0.003 0.003 0.002 0.003 0.003 0.004 0.003 0.003 0.004 0.003 0.003 0.003 
216 QAc-G-0191    (0)   :  0.003 0.003 0.914 0.003 0.003 0.031 0.002 0.003 0.003 0.003 0.002 0.003 0.003 0.004 0.003 0.003 0.004 0.003 0.003 0.003 
217 QAc-G-0192    (0)   :  0.002 0.002 0.006 0.002 0.003 0.952 0.002 0.003 0.003 0.002 0.002 0.002 0.002 0.003 0.002 0.002 0.003 0.002 0.002 0.002 
218 QAc-G-0193    (0)   :  0.006 0.005 0.082 0.006 0.004 0.839 0.004 0.003 0.006 0.004 0.003 0.005 0.004 0.007 0.004 0.003 0.002 0.005 0.004 0.005 
219 QAc-G-0194    (0)   :  0.005 0.004 0.890 0.004 0.003 0.041 0.004 0.003 0.006 0.004 0.003 0.003 0.003 0.006 0.003 0.004 0.003 0.004 0.004 0.003 
220 QAc-G-0195    (0)   :  0.012 0.007 0.029 0.008 0.003 0.087 0.004 0.762 0.007 0.004 0.004 0.008 0.006 0.005 0.006 0.006 0.025 0.013 0.003 0.002 
221 QAc-G-0196    (0)   :  0.004 0.003 0.378 0.005 0.002 0.199 0.003 0.349 0.007 0.004 0.002 0.004 0.004 0.004 0.004 0.004 0.011 0.004 0.005 0.002 
222 QAc-G-0197    (0)   :  0.002 0.002 0.005 0.002 0.003 0.953 0.002 0.003 0.003 0.002 0.002 0.002 0.002 0.003 0.002 0.003 0.002 0.002 0.002 0.002 
223 QAc-G-0198    (0)   :  0.005 0.006 0.037 0.008 0.003 0.879 0.003 0.004 0.003 0.005 0.003 0.005 0.005 0.007 0.005 0.004 0.005 0.002 0.004 0.006 
224 QAc-G-0199    (0)   :  0.004 0.007 0.841 0.006 0.004 0.004 0.042 0.016 0.003 0.008 0.003 0.014 0.006 0.004 0.008 0.015 0.002 0.003 0.003 0.009 
225 QAc-G-0200    (0)   :  0.008 0.004 0.884 0.004 0.003 0.041 0.005 0.004 0.005 0.005 0.002 0.004 0.004 0.009 0.004 0.002 0.003 0.004 0.004 0.002 
226 QAc-G-0201    (0)   :  0.004 0.006 0.194 0.007 0.003 0.292 0.003 0.423 0.018 0.004 0.002 0.004 0.007 0.003 0.007 0.003 0.003 0.005 0.011 0.002 
227 QAc-G-0202    (6)   :  0.003 0.003 0.472 0.004 0.006 0.074 0.003 0.364 0.008 0.003 0.005 0.004 0.004 0.005 0.004 0.008 0.015 0.007 0.006 0.003 
228 QAc-G-0203    (0)   :  0.002 0.005 0.019 0.004 0.003 0.906 0.002 0.003 0.006 0.003 0.003 0.002 0.008 0.003 0.007 0.007 0.004 0.009 0.002 0.002 
229 QAc-G-0204    (0)   :  0.003 0.003 0.910 0.004 0.002 0.032 0.003 0.004 0.004 0.003 0.002 0.005 0.003 0.004 0.003 0.003 0.005 0.003 0.004 0.002 
230 QAc-G-0205    (0)   :  0.002 0.002 0.002 0.002 0.002 0.002 0.002 0.003 0.003 0.002 0.002 0.002 0.002 0.002 0.002 0.004 0.956 0.004 0.002 0.002 
231 QAc-G-0206    (0)   :  0.007 0.114 0.003 0.021 0.005 0.003 0.005 0.004 0.014 0.018 0.026 0.038 0.094 0.005 0.072 0.019 0.529 0.010 0.012 0.003 
232 QAc-G-0207    (0)   :  0.004 0.003 0.005 0.005 0.004 0.004 0.005 0.003 0.006 0.003 0.003 0.004 0.004 0.003 0.004 0.918 0.008 0.005 0.004 0.003 
233 QAc-G-0208    (0)   :  0.003 0.003 0.003 0.003 0.002 0.002 0.003 0.003 0.005 0.004 0.002 0.002 0.003 0.003 0.003 0.003 0.938 0.009 0.003 0.003 
234 QAc-G-0209    (0)   :  0.003 0.003 0.004 0.003 0.003 0.003 0.003 0.004 0.005 0.003 0.002 0.002 0.003 0.002 0.003 0.007 0.936 0.005 0.003 0.002 
235 QAc-G-0210    (0)   :  0.003 0.006 0.003 0.005 0.008 0.003 0.004 0.003 0.089 0.006 0.004 0.003 0.006 0.002 0.010 0.127 0.286 0.424 0.004 0.003 
236 QAc-G-0211    (0)   :  0.003 0.004 0.003 0.004 0.005 0.003 0.002 0.002 0.012 0.003 0.002 0.002 0.004 0.002 0.004 0.915 0.007 0.016 0.003 0.002 
237 QAc-G-0212    (0)   :  0.003 0.003 0.006 0.003 0.003 0.005 0.003 0.003 0.008 0.003 0.002 0.004 0.003 0.005 0.004 0.036 0.467 0.432 0.003 0.003 
238 QAc-G-0213    (0)   :  0.008 0.005 0.005 0.007 0.003 0.006 0.004 0.003 0.005 0.004 0.002 0.007 0.004 0.005 0.004 0.354 0.028 0.541 0.003 0.002 
239 QAc-G-0214    (0)   :  0.003 0.002 0.003 0.002 0.002 0.003 0.002 0.003 0.004 0.002 0.002 0.002 0.002 0.003 0.002 0.004 0.950 0.005 0.002 0.002 
240 QAc-G-0215    (0)   :  0.012 0.014 0.003 0.006 0.003 0.003 0.007 0.003 0.007 0.005 0.006 0.003 0.012 0.004 0.012 0.734 0.046 0.111 0.005 0.002 
241 QAc-G-0216    (0)   :  0.022 0.102 0.022 0.005 0.011 0.010 0.004 0.235 0.076 0.019 0.120 0.008 0.101 0.005 0.106 0.035 0.067 0.016 0.032 0.004 
242 QAc-G-0217    (0)   :  0.003 0.008 0.003 0.007 0.003 0.002 0.009 0.005 0.006 0.005 0.004 0.003 0.005 0.003 0.005 0.036 0.011 0.869 0.004 0.008 
243 QAc-G-0218    (0)   :  0.004 0.005 0.005 0.005 0.002 0.003 0.004 0.003 0.011 0.004 0.002 0.003 0.006 0.003 0.005 0.014 0.005 0.909 0.003 0.003 
244 QAc-G-0219    (0)   :  0.003 0.009 0.009 0.006 0.006 0.004 0.003 0.005 0.334 0.006 0.010 0.017 0.011 0.011 0.010 0.116 0.008 0.423 0.004 0.004 
245 QAc-G-0220    (0)   :  0.003 0.008 0.003 0.003 0.003 0.003 0.003 0.002 0.043 0.009 0.002 0.003 0.023 0.003 0.018 0.005 0.004 0.852 0.004 0.004 
246 QAc-G-0221    (0)   :  0.004 0.004 0.002 0.005 0.003 0.004 0.008 0.005 0.003 0.005 0.003 0.004 0.004 0.003 0.004 0.004 0.011 0.918 0.003 0.003 
247 QAc-G-0222    (0)   :  0.004 0.003 0.003 0.003 0.003 0.003 0.003 0.002 0.009 0.003 0.002 0.003 0.003 0.003 0.003 0.004 0.932 0.009 0.003 0.002 
248 QAc-G-0223    (0)   :  0.004 0.004 0.003 0.003 0.003 0.002 0.004 0.003 0.006 0.004 0.004 0.003 0.003 0.003 0.004 0.016 0.020 0.904 0.003 0.003 
249 QAc-G-0224    (0)   :  0.003 0.005 0.021 0.004 0.003 0.004 0.004 0.004 0.226 0.007 0.003 0.003 0.005 0.003 0.007 0.489 0.028 0.164 0.016 0.003 
250 QAc-G-0226    (0)   :  0.004 0.003 0.003 0.003 0.003 0.003 0.003 0.002 0.005 0.003 0.003 0.002 0.003 0.003 0.002 0.004 0.939 0.007 0.002 0.003 
251 QAc-G-0227    (0)   :  0.004 0.003 0.003 0.004 0.004 0.003 0.003 0.003 0.004 0.005 0.003 0.004 0.003 0.933 0.003 0.002 0.002 0.003 0.003 0.007 
252 QAc-G-0228    (6)   :  0.007 0.007 0.005 0.014 0.004 0.004 0.006 0.004 0.008 0.003 0.004 0.603 0.006 0.295 0.005 0.011 0.004 0.003 0.004 0.004 
253 QAc-G-0229    (0)   :  0.009 0.023 0.006 0.004 0.006 0.004 0.006 0.005 0.006 0.007 0.006 0.006 0.012 0.867 0.009 0.006 0.006 0.003 0.006 0.004 
254 QAc-G-0230    (0)   :  0.215 0.014 0.008 0.425 0.007 0.008 0.005 0.006 0.010 0.006 0.013 0.198 0.011 0.015 0.009 0.004 0.025 0.013 0.005 0.003 
255 QAc-G-0231    (0)   :  0.003 0.003 0.006 0.004 0.004 0.007 0.003 0.003 0.010 0.003 0.002 0.002 0.003 0.003 0.003 0.786 0.051 0.099 0.003 0.003 
256 QAc-G-0232    (0)   :  0.010 0.041 0.003 0.018 0.005 0.003 0.008 0.002 0.007 0.016 0.005 0.793 0.022 0.025 0.013 0.003 0.003 0.005 0.011 0.007 
257 QAc-G-0233    (0)   :  0.025 0.020 0.004 0.731 0.003 0.004 0.038 0.003 0.007 0.009 0.003 0.028 0.023 0.004 0.049 0.027 0.005 0.010 0.005 0.004 
258 QAc-G-0234    (0)   :  0.010 0.004 0.007 0.007 0.004 0.007 0.007 0.008 0.003 0.005 0.003 0.005 0.004 0.904 0.004 0.003 0.004 0.003 0.004 0.003 
259 QAc-G-0235    (0)   :  0.007 0.019 0.003 0.010 0.021 0.003 0.010 0.027 0.003 0.005 0.786 0.003 0.041 0.006 0.025 0.008 0.008 0.005 0.007 0.003 
260 QAc-G-0236    (0)   :  0.008 0.005 0.006 0.006 0.012 0.007 0.006 0.007 0.004 0.003 0.004 0.870 0.006 0.024 0.004 0.003 0.006 0.006 0.004 0.009 
261 QAc-G-0237    (0)   :  0.014 0.017 0.007 0.007 0.011 0.020 0.013 0.008 0.006 0.008 0.006 0.013 0.032 0.719 0.016 0.004 0.008 0.063 0.009 0.019 
262 QAc-G-0238    (0)   :  0.012 0.011 0.008 0.033 0.005 0.006 0.005 0.004 0.025 0.004 0.003 0.630 0.006 0.211 0.006 0.007 0.004 0.006 0.004 0.009 
263 QAc-G-0239    (0)   :  0.004 0.004 0.002 0.004 0.003 0.003 0.003 0.003 0.003 0.003 0.003 0.941 0.004 0.004 0.003 0.003 0.002 0.002 0.003 0.002 
264 QAc-G-0240    (0)   :  0.004 0.004 0.003 0.004 0.003 0.003 0.004 0.002 0.003 0.004 0.004 0.005 0.004 0.937 0.004 0.002 0.002 0.002 0.003 0.004 
265 QAc-G-0241    (0)   :  0.036 0.292 0.006 0.110 0.009 0.008 0.015 0.018 0.003 0.007 0.018 0.074 0.198 0.063 0.106 0.003 0.005 0.008 0.016 0.005 
266 QAc-G-0242    (0)   :  0.008 0.004 0.003 0.911 0.003 0.003 0.004 0.002 0.003 0.005 0.002 0.017 0.004 0.004 0.004 0.004 0.003 0.004 0.005 0.006 
267 QAc-G-0243    (0)   :  0.055 0.061 0.003 0.459 0.009 0.003 0.047 0.005 0.010 0.035 0.006 0.054 0.101 0.012 0.056 0.008 0.005 0.015 0.006 0.051 
268 QAc-G-0244    (0)   :  0.003 0.009 0.003 0.006 0.005 0.004 0.003 0.003 0.006 0.006 0.007 0.003 0.012 0.902 0.009 0.004 0.003 0.006 0.004 0.003 
269 QAc-G-0245    (0)   :  0.010 0.005 0.004 0.004 0.004 0.004 0.004 0.005 0.004 0.003 0.003 0.004 0.004 0.915 0.004 0.003 0.003 0.004 0.003 0.008 
270 QAc-G-0246    (0)   :  0.003 0.004 0.003 0.003 0.003 0.003 0.003 0.002 0.002 0.002 0.003 0.947 0.003 0.003 0.003 0.003 0.002 0.002 0.002 0.003 
271 QAc-G-0247    (0)   :  0.002 0.003 0.002 0.004 0.002 0.002 0.003 0.002 0.002 0.002 0.003 0.949 0.003 0.005 0.003 0.003 0.002 0.002 0.002 0.002 
272 QAc-G-0248    (0)   :  0.382 0.022 0.003 0.018 0.004 0.003 0.003 0.003 0.010 0.004 0.007 0.158 0.007 0.348 0.008 0.004 0.003 0.002 0.006 0.004 
273 QAc-G-0249    (0)   :  0.035 0.021 0.018 0.007 0.004 0.015 0.625 0.005 0.005 0.157 0.015 0.003 0.022 0.007 0.030 0.003 0.013 0.007 0.006 0.002 
274 QAc-G-0025    (0)   :  0.003 0.003 0.003 0.003 0.002 0.003 0.002 0.002 0.004 0.003 0.002 0.002 0.002 0.003 0.003 0.003 0.949 0.005 0.002 0.002 
275 QAc-G-0028    (0)   :  0.026 0.017 0.006 0.793 0.006 0.009 0.012 0.004 0.012 0.006 0.003 0.014 0.008 0.042 0.009 0.010 0.008 0.005 0.003 0.006 
276 QAc-G-0275    (0)   :  0.003 0.003 0.007 0.004 0.003 0.006 0.003 0.003 0.010 0.002 0.003 0.006 0.003 0.003 0.003 0.918 0.009 0.007 0.002 0.002 
277 QAc-G-0263    (0)   :  0.005 0.019 0.029 0.007 0.005 0.007 0.023 0.423 0.102 0.278 0.009 0.004 0.019 0.004 0.024 0.004 0.007 0.005 0.021 0.004 
278 QAc-W-0001    (0)   :  0.901 0.010 0.002 0.005 0.006 0.002 0.004 0.003 0.004 0.005 0.006 0.005 0.005 0.010 0.004 0.003 0.003 0.004 0.004 0.016 
279 QAc-W-0002    (0)   :  0.034 0.064 0.027 0.014 0.043 0.018 0.026 0.005 0.006 0.009 0.020 0.342 0.022 0.321 0.023 0.004 0.004 0.004 0.011 0.003 
280 QAc-W-0003    (0)   :  0.751 0.017 0.005 0.010 0.009 0.006 0.005 0.021 0.013 0.006 0.010 0.010 0.013 0.006 0.010 0.015 0.007 0.066 0.012 0.008 
281 QAc-W-0004    (0)   :  0.914 0.003 0.005 0.009 0.003 0.005 0.004 0.003 0.005 0.005 0.002 0.005 0.003 0.008 0.003 0.003 0.006 0.007 0.003 0.004 
282 QAc-W-0005    (0)   :  0.920 0.010 0.005 0.004 0.003 0.003 0.005 0.005 0.003 0.006 0.004 0.003 0.005 0.006 0.004 0.002 0.003 0.003 0.003 0.004 
283 QAc-W-0006    (0)   :  0.915 0.004 0.004 0.006 0.007 0.004 0.004 0.003 0.004 0.006 0.005 0.003 0.004 0.006 0.005 0.002 0.004 0.006 0.003 0.004 
284 QAc-W-0007   (13)   :  0.904 0.005 0.005 0.009 0.004 0.003 0.007 0.004 0.004 0.006 0.003 0.007 0.005 0.011 0.005 0.003 0.003 0.005 0.003 0.004 
285 QAc-W-0008    (6)   :  0.845 0.016 0.004 0.012 0.006 0.004 0.021 0.003 0.003 0.007 0.006 0.007 0.012 0.016 0.017 0.003 0.002 0.003 0.014 0.003 
286 QAc-W-0009    (0)   :  0.034 0.057 0.013 0.015 0.115 0.013 0.017 0.004 0.003 0.009 0.074 0.394 0.104 0.020 0.085 0.008 0.003 0.009 0.018 0.006 
287 QAc-W-0010    (0)   :  0.676 0.017 0.005 0.038 0.023 0.003 0.035 0.016 0.006 0.076 0.005 0.011 0.025 0.006 0.017 0.004 0.003 0.004 0.013 0.014 
288 QAc-W-0011    (0)   :  0.540 0.028 0.034 0.019 0.019 0.028 0.005 0.011 0.044 0.016 0.017 0.085 0.033 0.040 0.048 0.005 0.005 0.008 0.007 0.009 
289 QAc-W-0012    (0)   :  0.540 0.039 0.028 0.087 0.006 0.019 0.008 0.004 0.004 0.008 0.007 0.045 0.015 0.126 0.028 0.006 0.006 0.004 0.011 0.011 
290 QAc-W-0013    (0)   :  0.032 0.023 0.013 0.025 0.442 0.007 0.005 0.004 0.009 0.005 0.013 0.121 0.016 0.127 0.018 0.048 0.039 0.041 0.005 0.004 
291 QAc-W-0014    (0)   :  0.834 0.007 0.003 0.032 0.005 0.003 0.026 0.009 0.004 0.009 0.003 0.011 0.009 0.016 0.006 0.002 0.005 0.003 0.004 0.005 
292 QAc-W-0015    (0)   :  0.012 0.015 0.014 0.006 0.029 0.013 0.019 0.046 0.033 0.005 0.008 0.017 0.015 0.678 0.013 0.029 0.012 0.031 0.004 0.003 
293 QAc-W-0016    (0)   :  0.694 0.010 0.007 0.037 0.003 0.002 0.013 0.014 0.012 0.079 0.010 0.005 0.013 0.003 0.016 0.004 0.017 0.013 0.045 0.002 
294 QAc-W-0017    (0)   :  0.019 0.231 0.009 0.010 0.027 0.008 0.096 0.083 0.024 0.033 0.018 0.006 0.117 0.144 0.069 0.042 0.004 0.042 0.010 0.009 
295 QAc-W-0018    (0)   :  0.221 0.066 0.003 0.048 0.014 0.003 0.010 0.003 0.058 0.348 0.009 0.016 0.034 0.011 0.051 0.010 0.010 0.032 0.043 0.009 
296 QAc-W-0019    (0)   :  0.859 0.016 0.006 0.011 0.007 0.003 0.011 0.004 0.004 0.011 0.015 0.005 0.007 0.008 0.007 0.005 0.008 0.006 0.004 0.004 
297 QAc-W-0020    (0)   :  0.685 0.109 0.003 0.041 0.004 0.003 0.004 0.004 0.003 0.014 0.006 0.004 0.035 0.006 0.025 0.002 0.003 0.003 0.006 0.041 
298 QAc-W-0021    (0)   :  0.311 0.031 0.013 0.073 0.008 0.006 0.010 0.003 0.085 0.205 0.033 0.011 0.024 0.008 0.039 0.005 0.111 0.007 0.008 0.008 
299 QAc-W-0022    (0)   :  0.032 0.118 0.011 0.055 0.016 0.006 0.068 0.034 0.067 0.216 0.010 0.010 0.083 0.159 0.077 0.004 0.014 0.007 0.006 0.005 
300 QAc-W-0023    (6)   :  0.114 0.249 0.003 0.081 0.091 0.003 0.045 0.005 0.004 0.014 0.019 0.019 0.140 0.059 0.078 0.004 0.014 0.015 0.005 0.037 
301 QAc-W-0024    (0)   :  0.425 0.138 0.036 0.018 0.006 0.024 0.012 0.004 0.073 0.027 0.008 0.003 0.057 0.014 0.046 0.022 0.026 0.052 0.005 0.005 
302 QAc-W-0025    (0)   :  0.393 0.038 0.006 0.154 0.005 0.006 0.008 0.003 0.008 0.009 0.005 0.096 0.014 0.200 0.024 0.010 0.004 0.004 0.009 0.004 
303 QAc-W-0026    (0)   :  0.544 0.026 0.106 0.049 0.009 0.025 0.035 0.015 0.039 0.010 0.007 0.003 0.013 0.016 0.022 0.006 0.018 0.024 0.009 0.026 
304 QAc-W-0027    (0)   :  0.314 0.012 0.008 0.018 0.011 0.004 0.012 0.003 0.007 0.009 0.008 0.008 0.011 0.543 0.011 0.003 0.003 0.004 0.008 0.003 
305 QAc-W-0028    (0)   :  0.685 0.088 0.010 0.012 0.032 0.004 0.008 0.006 0.003 0.005 0.008 0.022 0.027 0.059 0.016 0.003 0.003 0.003 0.003 0.004 
306 QAc-W-0029    (0)   :  0.134 0.059 0.004 0.557 0.023 0.003 0.004 0.003 0.003 0.009 0.005 0.041 0.015 0.089 0.015 0.011 0.005 0.003 0.011 0.007 
307 QAc-W-0030    (0)   :  0.040 0.037 0.015 0.513 0.011 0.015 0.004 0.008 0.005 0.008 0.006 0.179 0.021 0.070 0.019 0.004 0.004 0.005 0.017 0.020 
308 QAc-W-0031    (0)   :  0.771 0.013 0.004 0.037 0.011 0.005 0.004 0.003 0.007 0.004 0.006 0.012 0.006 0.027 0.008 0.019 0.038 0.020 0.004 0.003 
309 QAc-W-0032    (0)   :  0.613 0.030 0.002 0.201 0.003 0.002 0.009 0.002 0.003 0.009 0.003 0.028 0.011 0.019 0.008 0.002 0.003 0.007 0.004 0.040 
310 QAc-W-0033    (0)   :  0.126 0.145 0.005 0.385 0.015 0.007 0.017 0.008 0.006 0.025 0.003 0.007 0.080 0.012 0.092 0.017 0.007 0.005 0.028 0.013 
311 QAc-W-0034    (0)   :  0.462 0.049 0.004 0.139 0.028 0.007 0.011 0.003 0.010 0.007 0.025 0.016 0.009 0.191 0.012 0.003 0.005 0.004 0.010 0.005 
312 QAc-W-0035    (0)   :  0.125 0.040 0.017 0.046 0.006 0.008 0.034 0.011 0.014 0.116 0.005 0.127 0.035 0.234 0.060 0.003 0.008 0.043 0.064 0.005 
313 QAc-W-0036    (0)   :  0.612 0.042 0.004 0.030 0.019 0.003 0.008 0.004 0.005 0.007 0.008 0.008 0.013 0.162 0.009 0.003 0.004 0.003 0.005 0.051 
314 QAc-W-0037    (0)   :  0.027 0.020 0.029 0.013 0.006 0.013 0.005 0.003 0.016 0.006 0.003 0.009 0.010 0.780 0.008 0.007 0.015 0.008 0.008 0.015 
315 QAc-W-0038    (0)   :  0.198 0.427 0.007 0.019 0.005 0.007 0.006 0.016 0.010 0.010 0.007 0.011 0.129 0.069 0.050 0.003 0.003 0.004 0.008 0.014 
316 QAc-W-0039    (0)   :  0.619 0.027 0.011 0.059 0.026 0.068 0.007 0.016 0.036 0.004 0.005 0.006 0.007 0.069 0.007 0.006 0.004 0.013 0.003 0.007 
317 QAc-W-0040    (0)   :  0.617 0.043 0.009 0.015 0.003 0.009 0.141 0.006 0.005 0.011 0.004 0.004 0.044 0.009 0.033 0.007 0.003 0.015 0.005 0.014 
318 QAc-W-0041    (0)   :  0.273 0.023 0.018 0.062 0.085 0.007 0.011 0.004 0.278 0.008 0.018 0.026 0.015 0.043 0.034 0.026 0.006 0.033 0.026 0.004 
319 QAc-W-0042    (0)   :  0.006 0.005 0.005 0.006 0.870 0.006 0.005 0.004 0.007 0.004 0.006 0.004 0.006 0.007 0.005 0.006 0.002 0.003 0.006 0.036 
320 QAc-W-0043    (0)   :  0.004 0.006 0.005 0.003 0.895 0.006 0.004 0.011 0.004 0.003 0.010 0.003 0.006 0.015 0.005 0.005 0.003 0.004 0.005 0.004 
321 QAc-W-0044    (0)   :  0.008 0.006 0.022 0.010 0.744 0.008 0.029 0.039 0.007 0.009 0.006 0.008 0.009 0.017 0.007 0.005 0.003 0.003 0.006 0.054 
322 QAc-W-0045    (0)   :  0.005 0.007 0.004 0.004 0.796 0.005 0.005 0.003 0.004 0.008 0.014 0.006 0.007 0.013 0.007 0.004 0.003 0.005 0.090 0.011 
323 QAc-W-0046    (0)   :  0.004 0.004 0.007 0.004 0.902 0.006 0.004 0.003 0.006 0.004 0.005 0.005 0.004 0.011 0.004 0.005 0.004 0.006 0.004 0.008 
324 QAc-W-0047    (0)   :  0.005 0.005 0.005 0.004 0.856 0.005 0.008 0.041 0.003 0.005 0.009 0.006 0.006 0.017 0.005 0.002 0.004 0.002 0.004 0.007 
325 QAc-W-0048    (0)   :  0.013 0.011 0.002 0.005 0.822 0.003 0.003 0.004 0.010 0.010 0.046 0.003 0.013 0.005 0.010 0.003 0.007 0.002 0.007 0.020 
326 QAc-W-0049    (0)   :  0.004 0.006 0.002 0.004 0.780 0.004 0.004 0.003 0.009 0.006 0.070 0.003 0.008 0.006 0.007 0.004 0.007 0.003 0.004 0.067 
327 QAc-W-0050    (0)   :  0.003 0.010 0.006 0.005 0.049 0.003 0.010 0.004 0.003 0.029 0.085 0.006 0.013 0.011 0.012 0.003 0.006 0.003 0.733 0.005 
328 QAc-W-0051    (0)   :  0.005 0.005 0.010 0.012 0.013 0.006 0.004 0.011 0.003 0.005 0.006 0.005 0.012 0.004 0.008 0.004 0.004 0.004 0.855 0.023 
329 QAc-W-0052    (0)   :  0.005 0.003 0.004 0.006 0.004 0.004 0.003 0.003 0.002 0.004 0.003 0.005 0.003 0.005 0.003 0.002 0.002 0.002 0.003 0.933 
330 QAc-W-0053    (0)   :  0.008 0.006 0.003 0.012 0.609 0.003 0.008 0.004 0.003 0.007 0.276 0.006 0.008 0.005 0.008 0.002 0.003 0.004 0.016 0.007 
331 QAc-W-0054    (0)   :  0.004 0.010 0.020 0.008 0.079 0.085 0.014 0.031 0.012 0.430 0.003 0.005 0.016 0.005 0.014 0.003 0.004 0.004 0.238 0.015 
332 QAc-W-0055    (0)   :  0.005 0.007 0.117 0.006 0.016 0.159 0.013 0.016 0.006 0.009 0.003 0.003 0.011 0.004 0.009 0.004 0.035 0.010 0.564 0.004 
333 QAc-W-0056    (0)   :  0.049 0.038 0.006 0.018 0.006 0.004 0.009 0.009 0.008 0.016 0.004 0.044 0.034 0.022 0.028 0.003 0.005 0.019 0.668 0.010 
334 QAc-W-0057    (0)   :  0.005 0.016 0.004 0.007 0.015 0.005 0.014 0.148 0.007 0.013 0.031 0.004 0.018 0.015 0.015 0.007 0.027 0.007 0.636 0.007 
335 QAc-W-0058    (0)   :  0.005 0.013 0.005 0.005 0.041 0.013 0.003 0.008 0.006 0.007 0.031 0.005 0.013 0.004 0.012 0.006 0.088 0.023 0.701 0.013 
336 QAc-W-0059    (0)   :  0.004 0.003 0.003 0.003 0.036 0.004 0.003 0.004 0.002 0.003 0.908 0.002 0.003 0.004 0.003 0.002 0.003 0.002 0.003 0.004 
337 QAc-W-0060    (0)   :  0.004 0.010 0.008 0.004 0.006 0.015 0.007 0.790 0.003 0.004 0.007 0.007 0.015 0.054 0.010 0.003 0.002 0.004 0.009 0.040 
338 QAc-W-0061    (0)   :  0.013 0.020 0.088 0.007 0.015 0.020 0.023 0.641 0.002 0.012 0.024 0.002 0.022 0.047 0.018 0.018 0.011 0.003 0.009 0.003 
339 QAc-W-0062    (0)   :  0.003 0.005 0.010 0.003 0.003 0.007 0.009 0.882 0.006 0.003 0.003 0.003 0.010 0.005 0.006 0.008 0.003 0.013 0.003 0.016 
340 QAc-W-0063    (0)   :  0.018 0.020 0.013 0.018 0.006 0.013 0.015 0.756 0.010 0.014 0.003 0.008 0.033 0.006 0.022 0.005 0.005 0.014 0.009 0.012 
341 QAc-W-0064    (0)   :  0.011 0.013 0.032 0.008 0.004 0.011 0.010 0.801 0.006 0.008 0.004 0.020 0.017 0.007 0.011 0.007 0.005 0.010 0.010 0.004 
342 QAc-W-0065    (0)   :  0.007 0.017 0.009 0.005 0.007 0.003 0.020 0.701 0.007 0.021 0.006 0.005 0.012 0.018 0.016 0.003 0.007 0.006 0.128 0.005 
343 QAc-W-0066    (0)   :  0.003 0.002 0.010 0.003 0.003 0.939 0.002 0.003 0.006 0.003 0.002 0.003 0.002 0.003 0.002 0.003 0.004 0.003 0.002 0.002 
344 QAc-W-0067    (0)   :  0.003 0.002 0.025 0.002 0.003 0.929 0.003 0.003 0.004 0.002 0.002 0.002 0.002 0.002 0.002 0.003 0.003 0.003 0.002 0.003 
345 QAc-W-0068    (0)   :  0.003 0.002 0.006 0.003 0.002 0.947 0.002 0.004 0.004 0.002 0.002 0.003 0.002 0.003 0.002 0.002 0.003 0.002 0.002 0.002 
346 QAc-W-0069    (0)   :  0.003 0.003 0.006 0.003 0.002 0.944 0.002 0.004 0.004 0.003 0.002 0.002 0.002 0.003 0.002 0.002 0.004 0.003 0.002 0.002 
347 QAc-W-0070    (0)   :  0.002 0.002 0.009 0.002 0.002 0.626 0.002 0.325 0.003 0.002 0.002 0.002 0.002 0.003 0.002 0.002 0.003 0.002 0.002 0.002 
348 QAc-W-0071    (6)   :  0.004 0.004 0.240 0.004 0.004 0.060 0.004 0.620 0.004 0.006 0.005 0.004 0.004 0.006 0.005 0.005 0.009 0.005 0.003 0.004 
349 QAc-W-0072    (0)   :  0.037 0.010 0.006 0.012 0.004 0.003 0.094 0.729 0.004 0.026 0.003 0.003 0.012 0.006 0.012 0.003 0.004 0.008 0.018 0.004 
350 QAc-W-0073    (0)   :  0.009 0.012 0.004 0.004 0.012 0.003 0.005 0.810 0.014 0.008 0.052 0.007 0.013 0.006 0.011 0.005 0.005 0.004 0.009 0.005 
351 QAc-W-0074    (0)   :  0.005 0.003 0.005 0.003 0.003 0.003 0.005 0.933 0.003 0.003 0.002 0.003 0.003 0.004 0.003 0.003 0.004 0.005 0.003 0.003 
352 QAc-W-0075    (0)   :  0.003 0.004 0.014 0.004 0.003 0.023 0.003 0.904 0.006 0.005 0.003 0.003 0.003 0.003 0.003 0.003 0.006 0.004 0.003 0.003 
353 QAc-W-0076    (0)   :  0.003 0.005 0.004 0.006 0.004 0.003 0.025 0.896 0.004 0.006 0.004 0.003 0.005 0.004 0.005 0.003 0.010 0.005 0.004 0.002 
354 QAc-W-0077    (0)   :  0.006 0.005 0.175 0.005 0.040 0.060 0.006 0.631 0.006 0.003 0.004 0.004 0.006 0.008 0.006 0.003 0.003 0.004 0.022 0.004 
355 QAc-W-0078    (0)   :  0.041 0.062 0.056 0.054 0.006 0.032 0.047 0.004 0.075 0.047 0.004 0.014 0.069 0.012 0.117 0.021 0.149 0.172 0.010 0.010 
356 QAc-W-0079    (6)   :  0.007 0.004 0.012 0.006 0.006 0.013 0.006 0.005 0.005 0.004 0.004 0.004 0.004 0.010 0.004 0.003 0.891 0.005 0.005 0.004 
357 QAc-W-0080   (13)   :  0.028 0.005 0.003 0.029 0.002 0.003 0.003 0.002 0.005 0.003 0.006 0.003 0.005 0.003 0.005 0.003 0.881 0.005 0.003 0.002 
358 QAc-W-0081    (0)   :  0.008 0.005 0.004 0.006 0.004 0.003 0.004 0.005 0.015 0.004 0.003 0.007 0.007 0.003 0.007 0.472 0.044 0.386 0.004 0.010 
359 QAc-W-0082    (0)   :  0.005 0.008 0.003 0.006 0.003 0.003 0.006 0.005 0.017 0.006 0.005 0.004 0.006 0.006 0.006 0.248 0.006 0.120 0.535 0.002 
360 QAc-W-0083    (0)   :  0.008 0.005 0.008 0.005 0.005 0.007 0.009 0.012 0.006 0.003 0.004 0.004 0.005 0.006 0.005 0.005 0.007 0.884 0.006 0.006 
361 QAc-W-0084    (0)   :  0.004 0.004 0.006 0.003 0.003 0.005 0.003 0.004 0.005 0.003 0.004 0.004 0.004 0.003 0.004 0.036 0.007 0.891 0.003 0.004 
362 QAc-W-0085    (0)   :  0.003 0.002 0.004 0.002 0.002 0.003 0.003 0.003 0.005 0.002 0.002 0.002 0.003 0.002 0.002 0.948 0.003 0.004 0.002 0.003 
363 QAc-W-0086    (0)   :  0.011 0.005 0.005 0.006 0.004 0.005 0.016 0.003 0.010 0.007 0.003 0.003 0.005 0.003 0.005 0.842 0.007 0.054 0.004 0.003 
364 QAc-W-0087    (0)   :  0.005 0.009 0.006 0.010 0.008 0.005 0.013 0.003 0.121 0.005 0.009 0.002 0.007 0.004 0.008 0.186 0.042 0.547 0.006 0.003 
365 QAc-W-0088    (0)   :  0.003 0.007 0.004 0.003 0.003 0.003 0.003 0.003 0.031 0.006 0.016 0.003 0.006 0.003 0.009 0.005 0.010 0.876 0.006 0.002 
366 QAc-W-0089    (0)   :  0.005 0.005 0.012 0.025 0.011 0.009 0.003 0.004 0.040 0.009 0.003 0.011 0.008 0.006 0.006 0.037 0.095 0.693 0.015 0.004 
367 QAc-W-0090    (0)   :  0.005 0.005 0.014 0.020 0.010 0.007 0.004 0.003 0.024 0.007 0.003 0.013 0.007 0.005 0.007 0.061 0.031 0.757 0.013 0.003 
368 QAc-W-0091    (0)   :  0.008 0.016 0.004 0.012 0.005 0.004 0.014 0.004 0.137 0.022 0.009 0.003 0.020 0.005 0.023 0.058 0.096 0.546 0.008 0.007 
369 QAc-W-0092    (0)   :  0.057 0.014 0.005 0.009 0.008 0.005 0.007 0.004 0.637 0.004 0.007 0.007 0.008 0.018 0.008 0.019 0.012 0.053 0.004 0.112 
370 QAc-W-0093    (0)   :  0.011 0.177 0.003 0.017 0.003 0.002 0.012 0.004 0.005 0.008 0.017 0.052 0.131 0.006 0.076 0.046 0.220 0.190 0.015 0.004 
371 QAc-W-0094    (0)   :  0.027 0.014 0.003 0.017 0.005 0.002 0.008 0.007 0.013 0.010 0.004 0.008 0.012 0.005 0.010 0.004 0.004 0.797 0.007 0.044 
372 QAc-W-0095    (0)   :  0.006 0.004 0.003 0.006 0.004 0.002 0.003 0.005 0.005 0.004 0.003 0.004 0.004 0.004 0.003 0.003 0.017 0.908 0.003 0.008 
373 QAc-W-0096    (0)   :  0.014 0.019 0.008 0.023 0.007 0.003 0.006 0.018 0.012 0.014 0.007 0.005 0.011 0.003 0.014 0.005 0.007 0.775 0.008 0.042 
374 QAc-W-0097    (0)   :  0.020 0.042 0.011 0.013 0.020 0.004 0.004 0.005 0.012 0.008 0.050 0.007 0.115 0.062 0.058 0.024 0.038 0.487 0.016 0.004 
375 QAc-W-0098    (0)   :  0.004 0.004 0.003 0.005 0.003 0.003 0.003 0.002 0.231 0.006 0.007 0.005 0.005 0.004 0.005 0.004 0.257 0.442 0.004 0.004 
376 QAc-W-0099    (0)   :  0.005 0.010 0.004 0.015 0.011 0.003 0.014 0.003 0.404 0.043 0.005 0.012 0.014 0.012 0.010 0.409 0.004 0.008 0.009 0.005 
377 QAc-W-0100    (0)   :  0.003 0.005 0.003 0.003 0.002 0.003 0.003 0.003 0.090 0.021 0.003 0.003 0.004 0.003 0.006 0.005 0.009 0.822 0.005 0.002 
378 QAc-W-0101    (0)   :  0.008 0.006 0.041 0.006 0.005 0.010 0.010 0.013 0.219 0.007 0.004 0.002 0.006 0.006 0.007 0.093 0.021 0.527 0.007 0.003 
379 QAc-W-0104    (0)   :  0.004 0.006 0.002 0.008 0.007 0.003 0.009 0.004 0.008 0.013 0.007 0.003 0.007 0.005 0.007 0.745 0.099 0.054 0.005 0.003 
380 QAc-W-0105    (0)   :  0.003 0.003 0.004 0.003 0.002 0.004 0.003 0.003 0.908 0.003 0.002 0.003 0.003 0.003 0.003 0.011 0.016 0.018 0.002 0.003 
381 QAc-W-0106    (0)   :  0.003 0.004 0.004 0.003 0.003 0.004 0.003 0.002 0.919 0.006 0.002 0.003 0.004 0.003 0.004 0.008 0.006 0.009 0.003 0.006 
382 QAc-W-0107    (0)   :  0.003 0.003 0.005 0.003 0.003 0.003 0.003 0.005 0.004 0.003 0.003 0.003 0.004 0.003 0.003 0.007 0.933 0.005 0.003 0.003 
383 QAc-W-0108    (0)   :  0.003 0.002 0.004 0.003 0.002 0.002 0.002 0.004 0.003 0.003 0.002 0.003 0.002 0.002 0.003 0.003 0.949 0.004 0.002 0.002 
384 QAc-W-0109    (0)   :  0.007 0.012 0.010 0.029 0.039 0.029 0.005 0.007 0.044 0.007 0.014 0.006 0.017 0.006 0.012 0.060 0.162 0.518 0.006 0.010 
385 QAc-W-0110   (13)   :  0.505 0.005 0.005 0.021 0.004 0.006 0.009 0.003 0.177 0.004 0.004 0.003 0.005 0.004 0.006 0.192 0.005 0.034 0.004 0.003 
386 QAc-W-0111    (6)   :  0.003 0.003 0.004 0.004 0.005 0.006 0.003 0.003 0.368 0.004 0.004 0.005 0.003 0.004 0.003 0.005 0.566 0.004 0.002 0.002 
387 QAc-W-0112   (13)   :  0.005 0.009 0.005 0.004 0.003 0.002 0.006 0.003 0.021 0.010 0.008 0.005 0.007 0.008 0.007 0.009 0.018 0.857 0.010 0.004 
388 QAc-W-0113   (13)   :  0.012 0.008 0.005 0.008 0.006 0.003 0.870 0.005 0.003 0.011 0.004 0.010 0.009 0.009 0.010 0.004 0.005 0.007 0.006 0.004 
389 QAc-W-0114   (13)   :  0.006 0.008 0.006 0.005 0.014 0.005 0.842 0.004 0.006 0.010 0.016 0.003 0.011 0.006 0.009 0.005 0.027 0.008 0.004 0.007 
390 QAc-W-0115    (0)   :  0.009 0.012 0.008 0.008 0.002 0.004 0.833 0.006 0.005 0.048 0.004 0.006 0.009 0.010 0.011 0.004 0.004 0.008 0.004 0.005 
391 QAc-W-0116    (0)   :  0.008 0.016 0.002 0.010 0.013 0.002 0.830 0.003 0.006 0.010 0.013 0.020 0.015 0.012 0.009 0.003 0.004 0.004 0.006 0.014 
392 QAc-W-0117    (0)   :  0.004 0.010 0.004 0.007 0.005 0.004 0.897 0.004 0.002 0.008 0.011 0.005 0.007 0.008 0.007 0.004 0.002 0.002 0.003 0.003 
393 QAc-W-0118    (0)   :  0.005 0.007 0.043 0.007 0.004 0.009 0.785 0.032 0.007 0.016 0.005 0.004 0.007 0.005 0.008 0.017 0.018 0.010 0.006 0.004 
394 QAc-W-0119    (0)   :  0.006 0.010 0.012 0.005 0.006 0.007 0.839 0.003 0.005 0.043 0.003 0.009 0.009 0.006 0.010 0.002 0.005 0.002 0.009 0.007 
395 QAc-W-0120    (0)   :  0.006 0.015 0.010 0.010 0.006 0.015 0.802 0.009 0.016 0.013 0.008 0.026 0.018 0.004 0.019 0.008 0.003 0.005 0.004 0.003 
396 QAc-W-0121    (0)   :  0.005 0.012 0.027 0.010 0.020 0.054 0.784 0.008 0.003 0.007 0.006 0.008 0.010 0.005 0.013 0.003 0.004 0.002 0.017 0.002 
397 QAc-W-0122    (0)   :  0.017 0.028 0.003 0.027 0.010 0.003 0.787 0.007 0.006 0.017 0.016 0.008 0.022 0.006 0.016 0.004 0.006 0.003 0.009 0.004 
398 QAc-W-0123    (6)   :  0.003 0.031 0.007 0.007 0.007 0.006 0.759 0.006 0.008 0.030 0.009 0.005 0.025 0.016 0.026 0.021 0.007 0.005 0.010 0.010 
399 QAc-W-0124    (0)   :  0.022 0.016 0.009 0.013 0.004 0.010 0.545 0.131 0.102 0.007 0.003 0.009 0.015 0.030 0.016 0.029 0.006 0.017 0.006 0.009 
400 QAc-W-0125    (0)   :  0.008 0.008 0.009 0.005 0.005 0.008 0.822 0.006 0.008 0.038 0.008 0.002 0.010 0.008 0.008 0.014 0.011 0.009 0.005 0.008 
401 QAc-W-0126   (13)   :  0.006 0.024 0.006 0.013 0.013 0.007 0.671 0.008 0.008 0.030 0.007 0.003 0.047 0.008 0.035 0.071 0.009 0.013 0.010 0.010 
402 QAc-W-0127    (6)   :  0.010 0.007 0.006 0.008 0.006 0.003 0.753 0.006 0.019 0.135 0.005 0.004 0.008 0.005 0.007 0.003 0.003 0.003 0.005 0.005 
403 QAc-W-0128   (13)   :  0.019 0.010 0.019 0.011 0.008 0.009 0.740 0.005 0.013 0.021 0.016 0.005 0.012 0.007 0.014 0.012 0.022 0.049 0.005 0.003 
404 QAc-W-0129   (13)   :  0.045 0.015 0.005 0.028 0.005 0.006 0.752 0.011 0.004 0.011 0.025 0.014 0.021 0.005 0.029 0.003 0.005 0.006 0.004 0.004 
405 QAc-W-0130   (13)   :  0.040 0.008 0.006 0.019 0.006 0.005 0.747 0.003 0.006 0.063 0.010 0.033 0.009 0.004 0.013 0.009 0.005 0.005 0.003 0.003 
406 QAc-W-0131    (0)   :  0.006 0.021 0.005 0.020 0.003 0.002 0.244 0.007 0.008 0.572 0.004 0.004 0.014 0.004 0.021 0.004 0.006 0.005 0.009 0.042 
407 QAc-W-0132    (6)   :  0.011 0.011 0.027 0.016 0.006 0.045 0.679 0.016 0.007 0.048 0.005 0.018 0.012 0.027 0.011 0.015 0.008 0.014 0.006 0.017 
408 QAc-W-0133    (6)   :  0.005 0.010 0.096 0.006 0.007 0.013 0.093 0.006 0.088 0.594 0.005 0.004 0.009 0.003 0.031 0.006 0.005 0.010 0.006 0.004 
409 QAc-W-0134    (0)   :  0.003 0.004 0.004 0.003 0.006 0.003 0.925 0.005 0.004 0.004 0.004 0.003 0.004 0.004 0.004 0.003 0.004 0.004 0.003 0.004 
410 QAc-W-0135    (0)   :  0.078 0.009 0.010 0.008 0.008 0.013 0.761 0.018 0.006 0.008 0.007 0.013 0.007 0.023 0.008 0.005 0.008 0.004 0.003 0.003 
411 QAc-W-0136    (0)   :  0.004 0.004 0.003 0.004 0.003 0.002 0.919 0.003 0.003 0.009 0.003 0.004 0.006 0.005 0.006 0.006 0.002 0.003 0.003 0.008 
412 QAc-W-0137    (0)   :  0.003 0.004 0.003 0.004 0.003 0.003 0.937 0.004 0.002 0.004 0.002 0.005 0.004 0.004 0.004 0.002 0.002 0.002 0.003 0.005 
413 QAc-W-0138    (0)   :  0.005 0.004 0.003 0.005 0.003 0.003 0.899 0.003 0.003 0.036 0.003 0.005 0.004 0.005 0.004 0.003 0.002 0.003 0.003 0.004 
414 QAc-W-0139    (0)   :  0.037 0.012 0.016 0.041 0.005 0.003 0.364 0.104 0.014 0.259 0.004 0.008 0.014 0.008 0.025 0.003 0.026 0.039 0.011 0.006 
415 QAc-W-0140    (0)   :  0.010 0.025 0.005 0.014 0.049 0.004 0.772 0.004 0.005 0.006 0.023 0.008 0.016 0.015 0.015 0.002 0.003 0.006 0.014 0.002 
416 QAc-W-0141    (6)   :  0.017 0.086 0.031 0.202 0.010 0.011 0.129 0.006 0.009 0.232 0.034 0.017 0.042 0.077 0.060 0.004 0.005 0.006 0.018 0.004 
417 QAc-W-0142    (0)   :  0.004 0.004 0.012 0.003 0.005 0.003 0.899 0.012 0.003 0.013 0.004 0.004 0.005 0.003 0.005 0.003 0.005 0.004 0.007 0.003 
418 QAc-W-0143    (0)   :  0.008 0.008 0.003 0.007 0.013 0.002 0.857 0.005 0.005 0.012 0.007 0.006 0.011 0.003 0.013 0.021 0.003 0.005 0.006 0.003 
419 QAc-W-0144    (0)   :  0.005 0.014 0.003 0.007 0.152 0.002 0.699 0.004 0.002 0.007 0.026 0.003 0.018 0.006 0.019 0.007 0.003 0.004 0.012 0.005 
420 QAc-W-0145    (0)   :  0.004 0.015 0.004 0.004 0.003 0.002 0.896 0.005 0.003 0.005 0.006 0.002 0.011 0.004 0.015 0.005 0.002 0.003 0.007 0.003 
421 QAc-W-0146    (0)   :  0.006 0.005 0.006 0.014 0.004 0.003 0.861 0.003 0.009 0.010 0.003 0.027 0.005 0.014 0.007 0.003 0.005 0.006 0.004 0.005 
422 QAc-W-0147    (0)   :  0.005 0.004 0.003 0.004 0.003 0.002 0.927 0.006 0.003 0.007 0.003 0.004 0.004 0.003 0.004 0.005 0.004 0.004 0.003 0.002 
423 QAc-W-0148    (0)   :  0.005 0.004 0.003 0.005 0.004 0.003 0.913 0.006 0.003 0.010 0.003 0.005 0.004 0.011 0.004 0.002 0.003 0.003 0.004 0.005 
424 QAc-W-0149    (0)   :  0.015 0.013 0.004 0.042 0.049 0.003 0.613 0.007 0.005 0.112 0.016 0.004 0.015 0.005 0.018 0.056 0.004 0.005 0.006 0.009 
425 QAc-W-0150    (0)   :  0.040 0.026 0.006 0.026 0.007 0.006 0.603 0.006 0.016 0.119 0.005 0.032 0.022 0.015 0.016 0.007 0.022 0.012 0.005 0.009 
426 QAc-W-0151    (0)   :  0.008 0.010 0.004 0.005 0.004 0.004 0.831 0.005 0.009 0.025 0.004 0.004 0.007 0.045 0.007 0.002 0.006 0.006 0.006 0.006 
427 QAc-W-0152    (0)   :  0.004 0.004 0.006 0.003 0.011 0.003 0.911 0.010 0.003 0.003 0.003 0.004 0.004 0.005 0.004 0.007 0.002 0.003 0.007 0.003 
428 QAc-W-0153    (0)   :  0.006 0.172 0.004 0.022 0.005 0.005 0.015 0.025 0.012 0.022 0.011 0.018 0.187 0.026 0.402 0.006 0.041 0.012 0.005 0.004 
429 QAc-W-0154    (0)   :  0.062 0.037 0.003 0.028 0.003 0.003 0.699 0.003 0.015 0.034 0.007 0.020 0.024 0.004 0.040 0.004 0.002 0.003 0.007 0.002 
430 QAc-W-0155    (0)   :  0.006 0.005 0.003 0.006 0.005 0.003 0.918 0.004 0.003 0.006 0.002 0.003 0.007 0.005 0.005 0.002 0.003 0.003 0.006 0.003 
431 QAc-W-0156    (0)   :  0.038 0.021 0.005 0.029 0.004 0.003 0.629 0.003 0.005 0.038 0.003 0.014 0.017 0.028 0.017 0.014 0.066 0.049 0.007 0.011 
432 QAc-W-0157    (0)   :  0.004 0.039 0.025 0.006 0.008 0.005 0.679 0.012 0.003 0.012 0.010 0.010 0.048 0.014 0.079 0.005 0.002 0.003 0.008 0.028 
433 QAc-W-0158    (0)   :  0.030 0.008 0.021 0.022 0.004 0.013 0.691 0.006 0.016 0.015 0.003 0.024 0.008 0.016 0.008 0.010 0.011 0.086 0.004 0.004 
434 QAc-W-0159    (0)   :  0.006 0.010 0.008 0.007 0.005 0.004 0.888 0.002 0.003 0.007 0.004 0.004 0.010 0.005 0.009 0.007 0.006 0.003 0.005 0.007 
435 QAc-W-0160    (0)   :  0.018 0.020 0.004 0.031 0.005 0.002 0.753 0.006 0.004 0.048 0.003 0.021 0.024 0.016 0.021 0.004 0.004 0.006 0.004 0.005 
436 QAc-W-0161    (0)   :  0.010 0.009 0.004 0.018 0.012 0.004 0.682 0.002 0.005 0.061 0.005 0.018 0.017 0.021 0.015 0.002 0.003 0.004 0.007 0.098 
437 QAc-W-0162    (0)   :  0.003 0.007 0.005 0.006 0.007 0.004 0.742 0.134 0.007 0.010 0.016 0.004 0.008 0.003 0.007 0.002 0.002 0.006 0.011 0.017 
438 QAc-W-0163    (0)   :  0.005 0.008 0.004 0.004 0.020 0.004 0.795 0.004 0.003 0.005 0.005 0.005 0.008 0.006 0.008 0.004 0.003 0.004 0.103 0.004 
439 QAc-W-0164    (0)   :  0.006 0.007 0.009 0.004 0.006 0.003 0.772 0.017 0.008 0.110 0.004 0.003 0.009 0.005 0.008 0.003 0.004 0.005 0.009 0.007 
440 QAc-W-0165    (0)   :  0.004 0.078 0.019 0.009 0.003 0.023 0.699 0.009 0.003 0.020 0.007 0.011 0.047 0.003 0.046 0.002 0.002 0.004 0.005 0.008 
441 QAc-W-0166    (0)   :  0.053 0.007 0.005 0.006 0.007 0.005 0.825 0.005 0.006 0.013 0.003 0.004 0.010 0.014 0.006 0.002 0.003 0.008 0.012 0.005 


Estimated Allele Frequencies in each cluster
First column gives estimated ancestral frequencies


Locus 1 : 
21 alleles
0.5% missing data
 210   (0.115) 0.022 0.097 0.003 0.041 0.184 0.001 0.172 0.011 0.027 0.129 0.371 0.010 0.102 0.070 0.115 0.287 0.322 0.091 0.098 0.003 
 212   (0.124) 0.045 0.090 0.184 0.085 0.015 0.350 0.065 0.009 0.576 0.244 0.041 0.104 0.085 0.401 0.115 0.012 0.226 0.301 0.126 0.003 
 202   (0.057) 0.047 0.083 0.001 0.036 0.007 0.001 0.005 0.003 0.008 0.102 0.009 0.038 0.052 0.010 0.055 0.003 0.241 0.165 0.023 0.369 
 226   (0.061) 0.004 0.034 0.288 0.009 0.008 0.123 0.004 0.052 0.210 0.032 0.009 0.004 0.090 0.002 0.064 0.233 0.001 0.144 0.021 0.203 
 216   (0.066) 0.012 0.058 0.001 0.022 0.010 0.001 0.100 0.050 0.052 0.026 0.044 0.005 0.098 0.003 0.074 0.309 0.001 0.041 0.021 0.327 
 200   (0.238) 0.544 0.269 0.515 0.673 0.320 0.379 0.167 0.129 0.065 0.288 0.275 0.763 0.261 0.349 0.240 0.107 0.203 0.042 0.117 0.085 
 224   (0.040) 0.013 0.078 0.001 0.027 0.005 0.141 0.002 0.375 0.007 0.012 0.004 0.012 0.051 0.148 0.038 0.003 0.001 0.002 0.012 0.001 
 218   (0.046) 0.093 0.027 0.001 0.053 0.005 0.001 0.169 0.008 0.027 0.051 0.005 0.003 0.030 0.002 0.041 0.028 0.001 0.146 0.030 0.001 
 222   (0.022) 0.004 0.029 0.000 0.004 0.002 0.000 0.239 0.001 0.003 0.010 0.002 0.002 0.026 0.001 0.027 0.001 0.000 0.001 0.006 0.001 
 228   (0.015) 0.001 0.005 0.000 0.002 0.001 0.000 0.001 0.227 0.001 0.004 0.001 0.001 0.007 0.001 0.012 0.000 0.000 0.001 0.003 0.000 
 214   (0.038) 0.003 0.019 0.002 0.005 0.260 0.001 0.045 0.124 0.004 0.015 0.005 0.002 0.032 0.002 0.032 0.001 0.001 0.002 0.490 0.001 
 208   (0.052) 0.192 0.108 0.001 0.021 0.006 0.001 0.003 0.003 0.007 0.016 0.070 0.048 0.066 0.006 0.060 0.010 0.002 0.060 0.014 0.001 
 220   (0.018) 0.001 0.029 0.000 0.003 0.002 0.000 0.007 0.001 0.002 0.006 0.002 0.001 0.022 0.001 0.022 0.001 0.000 0.001 0.004 0.001 
 206   (0.031) 0.012 0.019 0.001 0.007 0.004 0.000 0.017 0.002 0.004 0.046 0.095 0.002 0.026 0.001 0.030 0.001 0.000 0.001 0.015 0.001 
 196   (0.006) 0.000 0.006 0.000 0.001 0.001 0.000 0.000 0.000 0.001 0.001 0.001 0.000 0.006 0.000 0.009 0.001 0.000 0.000 0.003 0.000 
 238   (0.011) 0.001 0.012 0.000 0.002 0.001 0.000 0.001 0.001 0.001 0.003 0.001 0.001 0.010 0.000 0.012 0.000 0.000 0.000 0.002 0.000 
 121   (0.011) 0.002 0.014 0.000 0.005 0.001 0.000 0.001 0.001 0.001 0.003 0.001 0.001 0.009 0.001 0.010 0.000 0.000 0.000 0.003 0.001 
 204   (0.011) 0.001 0.005 0.000 0.001 0.001 0.000 0.001 0.001 0.001 0.003 0.047 0.001 0.005 0.000 0.009 0.000 0.000 0.000 0.003 0.000 
 190   (0.011) 0.001 0.005 0.000 0.001 0.001 0.000 0.001 0.000 0.001 0.003 0.001 0.001 0.008 0.000 0.014 0.000 0.000 0.000 0.002 0.000 
 198   (0.012) 0.001 0.005 0.000 0.002 0.003 0.000 0.001 0.001 0.001 0.003 0.013 0.001 0.007 0.001 0.010 0.000 0.000 0.001 0.003 0.000 
 232   (0.014) 0.001 0.006 0.000 0.002 0.166 0.000 0.001 0.001 0.001 0.003 0.002 0.001 0.007 0.001 0.010 0.000 0.000 0.001 0.003 0.000 

Locus 2 : 
15 alleles
1.6% missing data
 171   (0.236) 0.324 0.384 0.005 0.166 0.377 0.003 0.056 0.024 0.061 0.123 0.606 0.208 0.311 0.450 0.244 0.026 0.254 0.117 0.279 0.419 
 175   (0.104) 0.032 0.086 0.244 0.065 0.016 0.054 0.016 0.018 0.027 0.050 0.026 0.012 0.122 0.022 0.111 0.305 0.446 0.013 0.180 0.129 
 185   (0.059) 0.005 0.054 0.002 0.122 0.007 0.001 0.252 0.037 0.013 0.045 0.006 0.009 0.068 0.003 0.060 0.015 0.290 0.082 0.039 0.001 
 181   (0.093) 0.024 0.055 0.415 0.140 0.328 0.447 0.005 0.017 0.826 0.047 0.010 0.048 0.055 0.115 0.077 0.422 0.002 0.601 0.029 0.002 
 179   (0.059) 0.005 0.032 0.043 0.012 0.016 0.001 0.300 0.439 0.007 0.180 0.014 0.012 0.037 0.003 0.049 0.002 0.001 0.003 0.015 0.348 
 173   (0.198) 0.136 0.132 0.285 0.394 0.209 0.491 0.178 0.076 0.030 0.271 0.039 0.660 0.205 0.346 0.197 0.216 0.003 0.031 0.259 0.090 
 177   (0.022) 0.002 0.012 0.001 0.006 0.002 0.000 0.068 0.371 0.002 0.014 0.002 0.001 0.015 0.001 0.019 0.001 0.000 0.001 0.017 0.003 
 183   (0.059) 0.004 0.082 0.001 0.015 0.007 0.001 0.083 0.003 0.010 0.098 0.203 0.004 0.053 0.003 0.067 0.003 0.001 0.053 0.013 0.002 
 187   (0.089) 0.092 0.117 0.002 0.051 0.027 0.001 0.014 0.011 0.011 0.149 0.062 0.041 0.081 0.051 0.097 0.005 0.001 0.004 0.151 0.003 
 189   (0.021) 0.373 0.011 0.000 0.021 0.002 0.000 0.020 0.001 0.003 0.006 0.002 0.002 0.011 0.003 0.018 0.001 0.000 0.001 0.005 0.001 
 191   (0.022) 0.002 0.011 0.000 0.003 0.004 0.000 0.001 0.001 0.006 0.006 0.025 0.001 0.015 0.001 0.018 0.003 0.000 0.093 0.005 0.001 
 163   (0.012) 0.001 0.007 0.000 0.002 0.001 0.000 0.001 0.001 0.001 0.003 0.001 0.001 0.007 0.000 0.014 0.000 0.000 0.001 0.002 0.000 
 165   (0.009) 0.001 0.005 0.000 0.001 0.001 0.000 0.001 0.000 0.001 0.002 0.001 0.000 0.007 0.000 0.012 0.000 0.000 0.000 0.002 0.000 
 193   (0.008) 0.000 0.005 0.000 0.001 0.001 0.000 0.000 0.000 0.001 0.002 0.001 0.000 0.007 0.000 0.011 0.000 0.000 0.000 0.002 0.000 
 169   (0.008) 0.001 0.007 0.000 0.002 0.001 0.000 0.006 0.000 0.001 0.003 0.001 0.001 0.006 0.000 0.008 0.000 0.000 0.000 0.002 0.000 

Locus 3 : 
7 alleles
2.5% missing data
 206   (0.848) 0.755 0.859 0.996 0.949 0.964 0.986 0.988 0.925 0.960 0.845 0.922 0.990 0.846 0.993 0.839 0.994 0.987 0.982 0.919 0.993 
 208   (0.060) 0.237 0.073 0.001 0.032 0.024 0.001 0.004 0.043 0.009 0.065 0.017 0.004 0.054 0.003 0.062 0.002 0.001 0.003 0.046 0.002 
 198   (0.012) 0.001 0.005 0.000 0.002 0.001 0.000 0.001 0.001 0.002 0.004 0.001 0.001 0.007 0.000 0.010 0.001 0.010 0.001 0.003 0.000 
 204   (0.042) 0.004 0.035 0.002 0.011 0.006 0.013 0.004 0.030 0.023 0.052 0.038 0.003 0.063 0.002 0.046 0.002 0.001 0.012 0.020 0.004 
 218   (0.016) 0.001 0.007 0.000 0.003 0.003 0.000 0.001 0.001 0.002 0.026 0.013 0.001 0.009 0.001 0.013 0.001 0.000 0.001 0.005 0.000 
 230   (0.009) 0.001 0.006 0.000 0.001 0.001 0.000 0.001 0.000 0.003 0.004 0.007 0.001 0.007 0.000 0.009 0.000 0.000 0.000 0.005 0.000 
 212   (0.013) 0.001 0.016 0.000 0.002 0.001 0.000 0.001 0.001 0.001 0.004 0.001 0.001 0.013 0.001 0.020 0.000 0.000 0.001 0.003 0.000 

Locus 4 : 
15 alleles
3.6% missing data
 165   (0.110) 0.015 0.071 0.002 0.303 0.012 0.004 0.007 0.368 0.390 0.057 0.027 0.369 0.087 0.007 0.103 0.185 0.983 0.476 0.154 0.003 
 173   (0.039) 0.003 0.023 0.001 0.005 0.004 0.000 0.002 0.002 0.014 0.012 0.007 0.002 0.030 0.002 0.043 0.760 0.001 0.438 0.017 0.001 
 163   (0.176) 0.097 0.235 0.003 0.135 0.175 0.002 0.301 0.105 0.037 0.395 0.369 0.021 0.206 0.097 0.181 0.015 0.003 0.009 0.114 0.005 
 167   (0.169) 0.140 0.231 0.003 0.232 0.114 0.002 0.151 0.012 0.187 0.173 0.047 0.367 0.193 0.094 0.170 0.017 0.003 0.024 0.156 0.560 
 161   (0.288) 0.597 0.264 0.963 0.247 0.661 0.985 0.483 0.501 0.124 0.125 0.314 0.212 0.254 0.787 0.271 0.013 0.007 0.024 0.500 0.426 
 153   (0.012) 0.013 0.008 0.000 0.004 0.004 0.000 0.001 0.001 0.003 0.004 0.001 0.014 0.009 0.001 0.013 0.000 0.000 0.001 0.003 0.000 
 171   (0.042) 0.003 0.068 0.001 0.019 0.005 0.001 0.003 0.002 0.005 0.061 0.040 0.005 0.116 0.002 0.067 0.004 0.001 0.002 0.012 0.001 
 179   (0.015) 0.001 0.016 0.000 0.003 0.001 0.000 0.001 0.001 0.002 0.003 0.002 0.001 0.011 0.001 0.015 0.001 0.000 0.001 0.003 0.000 
 157   (0.025) 0.121 0.015 0.001 0.009 0.002 0.000 0.002 0.001 0.004 0.012 0.061 0.002 0.015 0.005 0.022 0.001 0.000 0.001 0.008 0.001 
 149   (0.014) 0.001 0.006 0.000 0.002 0.001 0.000 0.001 0.001 0.002 0.003 0.013 0.001 0.008 0.001 0.011 0.001 0.000 0.001 0.004 0.000 
 177   (0.029) 0.002 0.019 0.001 0.005 0.003 0.000 0.002 0.002 0.208 0.104 0.006 0.002 0.021 0.001 0.027 0.001 0.000 0.008 0.010 0.001 
 155   (0.018) 0.002 0.009 0.000 0.026 0.002 0.000 0.001 0.001 0.002 0.005 0.002 0.001 0.012 0.001 0.019 0.001 0.000 0.001 0.004 0.000 
 175   (0.014) 0.001 0.008 0.000 0.002 0.003 0.000 0.001 0.001 0.001 0.003 0.027 0.001 0.008 0.001 0.012 0.000 0.000 0.001 0.003 0.000 
 169   (0.022) 0.002 0.013 0.000 0.003 0.011 0.000 0.001 0.001 0.004 0.006 0.080 0.001 0.014 0.001 0.023 0.001 0.000 0.013 0.006 0.001 
 159   (0.027) 0.002 0.012 0.023 0.005 0.003 0.003 0.043 0.001 0.017 0.036 0.003 0.002 0.016 0.001 0.023 0.001 0.000 0.001 0.007 0.001 

Locus 5 : 
16 alleles
0.0% missing data
 148   (0.145) 0.116 0.091 0.397 0.251 0.025 0.427 0.038 0.154 0.500 0.207 0.062 0.010 0.093 0.191 0.127 0.166 0.488 0.427 0.035 0.004 
 160   (0.030) 0.003 0.023 0.001 0.006 0.053 0.000 0.002 0.002 0.003 0.008 0.015 0.002 0.023 0.001 0.025 0.001 0.208 0.001 0.006 0.037 
 146   (0.136) 0.019 0.146 0.227 0.043 0.112 0.480 0.011 0.209 0.296 0.062 0.035 0.154 0.128 0.007 0.139 0.357 0.294 0.161 0.147 0.014 
 154   (0.036) 0.007 0.026 0.001 0.006 0.005 0.001 0.172 0.199 0.005 0.303 0.011 0.002 0.027 0.002 0.031 0.004 0.001 0.002 0.017 0.001 
 150   (0.060) 0.095 0.069 0.003 0.165 0.009 0.005 0.003 0.004 0.023 0.045 0.058 0.008 0.057 0.008 0.061 0.002 0.001 0.003 0.406 0.002 
 138   (0.094) 0.012 0.136 0.002 0.035 0.016 0.001 0.312 0.097 0.015 0.032 0.018 0.212 0.218 0.021 0.124 0.005 0.002 0.346 0.048 0.154 
 166   (0.033) 0.047 0.017 0.001 0.007 0.139 0.000 0.002 0.002 0.018 0.008 0.210 0.002 0.018 0.001 0.026 0.001 0.000 0.002 0.007 0.349 
 164   (0.016) 0.001 0.008 0.000 0.002 0.002 0.000 0.002 0.001 0.002 0.019 0.003 0.001 0.009 0.001 0.013 0.000 0.000 0.001 0.011 0.067 
 142   (0.022) 0.002 0.012 0.002 0.003 0.006 0.000 0.014 0.001 0.004 0.006 0.009 0.001 0.016 0.001 0.021 0.002 0.000 0.001 0.167 0.001 
 144   (0.167) 0.071 0.159 0.361 0.110 0.404 0.006 0.141 0.314 0.067 0.080 0.365 0.316 0.147 0.466 0.167 0.013 0.003 0.017 0.081 0.034 
 140   (0.076) 0.215 0.139 0.002 0.062 0.009 0.001 0.203 0.004 0.027 0.039 0.015 0.052 0.067 0.292 0.076 0.003 0.001 0.004 0.015 0.331 
 158   (0.036) 0.005 0.022 0.001 0.032 0.200 0.001 0.012 0.002 0.008 0.012 0.013 0.017 0.024 0.002 0.033 0.207 0.000 0.002 0.008 0.001 
 162   (0.027) 0.002 0.051 0.001 0.005 0.008 0.000 0.002 0.001 0.003 0.007 0.003 0.002 0.034 0.001 0.032 0.233 0.001 0.008 0.015 0.001 
 152   (0.091) 0.402 0.079 0.003 0.268 0.010 0.077 0.085 0.010 0.024 0.163 0.097 0.219 0.074 0.005 0.088 0.004 0.001 0.004 0.028 0.003 
 134   (0.011) 0.001 0.004 0.000 0.001 0.001 0.000 0.001 0.000 0.001 0.002 0.083 0.001 0.006 0.000 0.007 0.000 0.000 0.000 0.002 0.000 
 156   (0.019) 0.001 0.016 0.000 0.003 0.002 0.000 0.001 0.001 0.004 0.007 0.002 0.001 0.061 0.001 0.029 0.001 0.000 0.022 0.005 0.001 

Locus 6 : 
12 alleles
0.0% missing data
 225   (0.043) 0.009 0.025 0.294 0.008 0.004 0.179 0.022 0.013 0.013 0.055 0.005 0.002 0.026 0.002 0.036 0.002 0.283 0.003 0.016 0.001 
 239   (0.138) 0.015 0.129 0.226 0.053 0.043 0.803 0.020 0.280 0.015 0.067 0.056 0.214 0.185 0.026 0.154 0.006 0.003 0.084 0.110 0.201 
 229   (0.028) 0.007 0.012 0.001 0.005 0.006 0.000 0.002 0.001 0.005 0.007 0.003 0.002 0.015 0.001 0.022 0.313 0.483 0.260 0.006 0.001 
 235   (0.278) 0.260 0.249 0.469 0.380 0.056 0.008 0.465 0.363 0.400 0.162 0.100 0.340 0.243 0.312 0.268 0.635 0.222 0.443 0.493 0.009 
 237   (0.199) 0.176 0.358 0.005 0.178 0.129 0.005 0.234 0.229 0.023 0.173 0.249 0.204 0.274 0.464 0.228 0.013 0.003 0.010 0.098 0.009 
 233   (0.106) 0.504 0.077 0.002 0.310 0.187 0.002 0.009 0.102 0.028 0.053 0.013 0.046 0.085 0.185 0.093 0.007 0.002 0.154 0.128 0.280 
 227   (0.037) 0.002 0.019 0.001 0.005 0.296 0.000 0.002 0.002 0.003 0.009 0.503 0.002 0.021 0.002 0.030 0.001 0.001 0.002 0.069 0.345 
 245   (0.044) 0.017 0.058 0.001 0.036 0.217 0.001 0.108 0.003 0.004 0.014 0.005 0.007 0.051 0.003 0.049 0.002 0.001 0.002 0.012 0.001 
 241   (0.058) 0.006 0.035 0.002 0.010 0.053 0.001 0.039 0.004 0.503 0.182 0.015 0.004 0.048 0.003 0.055 0.016 0.002 0.041 0.027 0.153 
 231   (0.033) 0.002 0.020 0.001 0.007 0.004 0.000 0.044 0.002 0.003 0.266 0.039 0.002 0.025 0.001 0.029 0.001 0.000 0.001 0.031 0.001 
 243   (0.028) 0.002 0.015 0.001 0.006 0.003 0.000 0.055 0.001 0.002 0.009 0.012 0.176 0.021 0.001 0.026 0.003 0.000 0.001 0.008 0.001 
 251   (0.009) 0.001 0.005 0.000 0.001 0.001 0.000 0.000 0.000 0.001 0.002 0.001 0.000 0.006 0.000 0.011 0.000 0.000 0.000 0.002 0.000 

Locus 7 : 
7 alleles
0.0% missing data
 118   (0.858) 0.978 0.921 0.991 0.825 0.967 0.987 0.992 0.971 0.955 0.962 0.941 0.762 0.878 0.824 0.875 0.946 0.991 0.955 0.674 0.572 
 124   (0.045) 0.015 0.027 0.001 0.145 0.004 0.001 0.002 0.002 0.004 0.011 0.020 0.232 0.030 0.161 0.037 0.001 0.001 0.002 0.009 0.425 
 116   (0.015) 0.001 0.007 0.001 0.002 0.002 0.000 0.001 0.001 0.001 0.003 0.002 0.001 0.008 0.001 0.012 0.001 0.000 0.001 0.295 0.000 
 114   (0.038) 0.003 0.026 0.001 0.021 0.005 0.008 0.002 0.002 0.023 0.013 0.016 0.003 0.060 0.012 0.042 0.025 0.007 0.033 0.009 0.001 
 122   (0.014) 0.001 0.006 0.000 0.002 0.001 0.000 0.001 0.001 0.001 0.003 0.016 0.001 0.007 0.001 0.011 0.000 0.000 0.001 0.003 0.000 
 112   (0.019) 0.001 0.008 0.000 0.003 0.020 0.000 0.001 0.001 0.011 0.005 0.004 0.001 0.010 0.001 0.015 0.026 0.001 0.007 0.006 0.000 
 120   (0.011) 0.001 0.005 0.005 0.002 0.001 0.004 0.001 0.023 0.005 0.003 0.001 0.001 0.006 0.000 0.009 0.000 0.000 0.001 0.004 0.000 

Locus 8 : 
5 alleles
0.5% missing data
 135   (0.046) 0.004 0.090 0.002 0.300 0.004 0.001 0.011 0.011 0.006 0.043 0.005 0.344 0.059 0.003 0.054 0.004 0.001 0.013 0.011 0.001 
 139   (0.722) 0.929 0.694 0.928 0.603 0.829 0.995 0.640 0.962 0.896 0.732 0.695 0.427 0.750 0.974 0.713 0.828 0.994 0.897 0.704 0.952 
 137   (0.181) 0.064 0.190 0.069 0.090 0.162 0.003 0.267 0.025 0.093 0.078 0.295 0.226 0.156 0.020 0.180 0.165 0.004 0.087 0.275 0.046 
 143   (0.029) 0.002 0.015 0.001 0.004 0.003 0.000 0.065 0.002 0.003 0.060 0.003 0.002 0.019 0.001 0.034 0.001 0.000 0.001 0.006 0.001 
 141   (0.021) 0.002 0.011 0.000 0.003 0.002 0.000 0.017 0.001 0.002 0.086 0.002 0.002 0.015 0.001 0.019 0.003 0.000 0.001 0.005 0.001 

Locus 9 : 
15 alleles
1.6% missing data
 116   (0.268) 0.556 0.329 0.207 0.668 0.061 0.153 0.345 0.155 0.484 0.469 0.068 0.741 0.278 0.178 0.271 0.020 0.528 0.401 0.131 0.008 
 112   (0.072) 0.028 0.060 0.002 0.014 0.031 0.001 0.180 0.409 0.010 0.058 0.026 0.005 0.086 0.081 0.077 0.003 0.204 0.003 0.018 0.002 
 118   (0.113) 0.026 0.102 0.003 0.018 0.023 0.002 0.162 0.007 0.427 0.097 0.094 0.007 0.099 0.026 0.107 0.939 0.260 0.536 0.034 0.085 
 122   (0.081) 0.008 0.047 0.542 0.011 0.311 0.650 0.005 0.353 0.009 0.031 0.392 0.005 0.096 0.003 0.082 0.003 0.001 0.003 0.076 0.463 
 114   (0.210) 0.354 0.293 0.134 0.249 0.252 0.166 0.242 0.043 0.043 0.226 0.251 0.064 0.238 0.287 0.220 0.026 0.003 0.033 0.063 0.006 
 120   (0.053) 0.004 0.034 0.001 0.008 0.012 0.001 0.019 0.008 0.005 0.017 0.045 0.024 0.050 0.255 0.052 0.003 0.001 0.002 0.058 0.207 
 130   (0.035) 0.003 0.019 0.001 0.005 0.175 0.000 0.002 0.002 0.003 0.009 0.008 0.144 0.032 0.149 0.031 0.001 0.000 0.002 0.007 0.128 
 124   (0.047) 0.004 0.028 0.106 0.007 0.023 0.026 0.037 0.017 0.005 0.016 0.026 0.003 0.034 0.002 0.044 0.002 0.001 0.002 0.280 0.001 
 110   (0.011) 0.001 0.018 0.000 0.002 0.001 0.000 0.001 0.001 0.001 0.003 0.001 0.001 0.011 0.000 0.013 0.000 0.000 0.000 0.002 0.000 
 134   (0.009) 0.001 0.004 0.000 0.001 0.001 0.000 0.000 0.000 0.001 0.024 0.001 0.000 0.006 0.000 0.008 0.000 0.000 0.000 0.003 0.000 
 128   (0.031) 0.009 0.018 0.001 0.005 0.026 0.000 0.002 0.002 0.003 0.009 0.037 0.002 0.020 0.010 0.025 0.001 0.000 0.001 0.006 0.098 
 126   (0.033) 0.004 0.025 0.001 0.006 0.080 0.000 0.002 0.002 0.005 0.031 0.042 0.002 0.022 0.006 0.029 0.001 0.000 0.002 0.311 0.001 
 108   (0.015) 0.001 0.012 0.000 0.002 0.001 0.000 0.001 0.001 0.001 0.003 0.002 0.001 0.012 0.001 0.022 0.000 0.000 0.001 0.003 0.000 
 106   (0.011) 0.001 0.006 0.003 0.002 0.001 0.000 0.001 0.001 0.001 0.004 0.007 0.001 0.007 0.000 0.010 0.000 0.000 0.000 0.004 0.000 
 138   (0.012) 0.001 0.005 0.000 0.002 0.001 0.000 0.001 0.001 0.003 0.004 0.001 0.001 0.008 0.000 0.010 0.000 0.000 0.012 0.003 0.000 

Locus 10 : 
8 alleles
0.0% missing data
 232   (0.809) 0.936 0.878 0.996 0.968 0.482 0.997 0.854 0.990 0.900 0.845 0.514 0.778 0.807 0.986 0.795 0.984 0.997 0.956 0.887 0.995 
 238   (0.106) 0.058 0.068 0.002 0.018 0.510 0.001 0.141 0.005 0.015 0.129 0.390 0.014 0.128 0.010 0.120 0.007 0.001 0.005 0.087 0.003 
 220   (0.011) 0.001 0.004 0.000 0.001 0.001 0.000 0.001 0.000 0.001 0.002 0.001 0.158 0.006 0.000 0.008 0.000 0.000 0.000 0.002 0.000 
 226   (0.011) 0.001 0.005 0.000 0.002 0.001 0.000 0.001 0.001 0.001 0.004 0.001 0.001 0.011 0.000 0.010 0.006 0.000 0.022 0.003 0.000 
 234   (0.020) 0.001 0.015 0.000 0.006 0.002 0.000 0.001 0.001 0.002 0.005 0.002 0.046 0.014 0.001 0.027 0.001 0.000 0.001 0.004 0.001 
 240   (0.012) 0.001 0.008 0.000 0.002 0.001 0.000 0.001 0.001 0.001 0.003 0.030 0.001 0.007 0.000 0.009 0.000 0.000 0.000 0.002 0.000 
 236   (0.015) 0.001 0.015 0.001 0.002 0.002 0.000 0.001 0.002 0.024 0.009 0.010 0.001 0.018 0.001 0.019 0.001 0.000 0.001 0.012 0.000 
 244   (0.017) 0.001 0.006 0.000 0.002 0.002 0.000 0.001 0.001 0.056 0.004 0.052 0.001 0.009 0.001 0.013 0.001 0.000 0.015 0.003 0.000 

Locus 11 : 
8 alleles
0.0% missing data
 165   (0.741) 0.932 0.737 0.587 0.938 0.859 0.992 0.940 0.708 0.919 0.659 0.816 0.788 0.754 0.676 0.731 0.972 0.792 0.893 0.500 0.960 
 167   (0.103) 0.013 0.055 0.408 0.017 0.010 0.005 0.032 0.281 0.056 0.264 0.053 0.006 0.069 0.005 0.095 0.008 0.204 0.100 0.426 0.003 
 161   (0.106) 0.051 0.177 0.002 0.038 0.126 0.001 0.006 0.006 0.013 0.062 0.125 0.202 0.140 0.317 0.120 0.018 0.002 0.005 0.060 0.036 
 153   (0.011) 0.001 0.010 0.000 0.003 0.001 0.000 0.001 0.003 0.001 0.003 0.001 0.001 0.009 0.000 0.011 0.000 0.001 0.000 0.003 0.000 
 169   (0.011) 0.001 0.006 0.002 0.002 0.001 0.000 0.001 0.001 0.009 0.005 0.001 0.001 0.008 0.000 0.010 0.000 0.000 0.000 0.004 0.000 
 155   (0.008) 0.001 0.003 0.000 0.001 0.001 0.000 0.000 0.000 0.001 0.002 0.001 0.000 0.006 0.000 0.011 0.000 0.000 0.000 0.001 0.000 
 173   (0.010) 0.001 0.006 0.000 0.001 0.001 0.000 0.001 0.000 0.001 0.002 0.001 0.001 0.007 0.000 0.013 0.000 0.000 0.000 0.002 0.000 
 163   (0.011) 0.001 0.006 0.000 0.002 0.001 0.000 0.019 0.001 0.001 0.003 0.001 0.001 0.006 0.000 0.009 0.000 0.000 0.000 0.003 0.000 

Locus 12 : 
9 alleles
0.0% missing data
 137   (0.509) 0.400 0.517 0.510 0.426 0.590 0.395 0.845 0.393 0.819 0.710 0.399 0.073 0.570 0.343 0.529 0.298 0.178 0.310 0.760 0.881 
 140   (0.186) 0.549 0.210 0.004 0.358 0.022 0.003 0.069 0.084 0.105 0.125 0.074 0.532 0.167 0.299 0.171 0.107 0.340 0.629 0.092 0.072 
 134   (0.236) 0.034 0.221 0.484 0.202 0.379 0.602 0.049 0.520 0.070 0.146 0.455 0.390 0.212 0.355 0.232 0.588 0.481 0.059 0.132 0.045 
 149   (0.011) 0.001 0.006 0.000 0.001 0.001 0.000 0.001 0.001 0.001 0.003 0.001 0.001 0.008 0.000 0.013 0.001 0.000 0.000 0.003 0.000 
 131   (0.007) 0.000 0.011 0.000 0.004 0.001 0.000 0.000 0.000 0.001 0.003 0.001 0.001 0.009 0.000 0.008 0.005 0.000 0.000 0.002 0.000 
 143   (0.015) 0.001 0.012 0.000 0.002 0.003 0.000 0.001 0.001 0.001 0.004 0.056 0.001 0.010 0.001 0.013 0.000 0.000 0.001 0.003 0.000 
 128   (0.011) 0.001 0.006 0.000 0.002 0.001 0.000 0.001 0.001 0.001 0.003 0.011 0.001 0.007 0.000 0.009 0.000 0.000 0.001 0.002 0.000 
 125   (0.015) 0.013 0.006 0.000 0.002 0.001 0.000 0.034 0.001 0.001 0.004 0.002 0.001 0.009 0.001 0.011 0.000 0.000 0.001 0.004 0.000 
 146   (0.011) 0.001 0.010 0.000 0.002 0.001 0.000 0.001 0.001 0.001 0.003 0.001 0.001 0.008 0.000 0.014 0.000 0.000 0.001 0.002 0.000 

Locus 13 : 
20 alleles
0.2% missing data
 206   (0.131) 0.195 0.089 0.038 0.029 0.057 0.003 0.178 0.026 0.300 0.332 0.016 0.009 0.124 0.233 0.123 0.160 0.575 0.450 0.145 0.265 
 210   (0.112) 0.233 0.114 0.565 0.045 0.019 0.342 0.025 0.043 0.280 0.040 0.016 0.191 0.095 0.068 0.104 0.247 0.241 0.332 0.029 0.003 
 190   (0.060) 0.028 0.101 0.001 0.244 0.006 0.001 0.146 0.007 0.007 0.072 0.013 0.007 0.069 0.006 0.075 0.002 0.001 0.003 0.016 0.003 
 202   (0.107) 0.017 0.119 0.002 0.280 0.487 0.002 0.015 0.006 0.022 0.113 0.093 0.016 0.182 0.005 0.123 0.169 0.002 0.042 0.265 0.433 
 214   (0.047) 0.050 0.085 0.188 0.012 0.005 0.196 0.003 0.089 0.005 0.015 0.012 0.003 0.047 0.010 0.043 0.002 0.001 0.002 0.011 0.001 
 212   (0.024) 0.002 0.011 0.142 0.004 0.003 0.222 0.319 0.001 0.002 0.012 0.002 0.003 0.013 0.001 0.019 0.001 0.000 0.001 0.006 0.001 
 192   (0.092) 0.156 0.141 0.002 0.081 0.130 0.001 0.024 0.005 0.289 0.030 0.015 0.416 0.099 0.262 0.090 0.009 0.001 0.005 0.049 0.273 
 204   (0.043) 0.073 0.026 0.006 0.013 0.008 0.001 0.031 0.031 0.010 0.038 0.102 0.003 0.029 0.007 0.037 0.002 0.001 0.002 0.011 0.006 
 184   (0.052) 0.007 0.029 0.005 0.055 0.005 0.001 0.113 0.003 0.009 0.017 0.005 0.232 0.034 0.003 0.053 0.386 0.001 0.002 0.011 0.001 
 216   (0.021) 0.010 0.018 0.001 0.019 0.002 0.001 0.001 0.002 0.003 0.006 0.002 0.080 0.013 0.294 0.016 0.001 0.000 0.001 0.005 0.001 
 208   (0.050) 0.191 0.030 0.042 0.043 0.007 0.005 0.062 0.003 0.008 0.051 0.005 0.020 0.033 0.098 0.043 0.002 0.001 0.002 0.012 0.001 
 200   (0.067) 0.018 0.046 0.004 0.075 0.165 0.001 0.046 0.005 0.041 0.027 0.367 0.006 0.054 0.003 0.061 0.005 0.174 0.040 0.068 0.006 
 198   (0.033) 0.002 0.030 0.001 0.013 0.003 0.000 0.002 0.003 0.007 0.157 0.027 0.002 0.042 0.001 0.035 0.001 0.000 0.001 0.094 0.001 
 194   (0.056) 0.010 0.066 0.002 0.009 0.088 0.001 0.005 0.769 0.007 0.016 0.265 0.003 0.056 0.003 0.056 0.002 0.001 0.113 0.238 0.002 
 186   (0.019) 0.001 0.010 0.001 0.003 0.003 0.222 0.001 0.002 0.002 0.005 0.009 0.001 0.014 0.001 0.019 0.001 0.000 0.001 0.005 0.000 
 188   (0.020) 0.002 0.022 0.000 0.004 0.003 0.000 0.001 0.001 0.002 0.005 0.035 0.001 0.017 0.001 0.019 0.001 0.000 0.001 0.015 0.001 
 196   (0.027) 0.002 0.028 0.001 0.004 0.005 0.000 0.026 0.001 0.003 0.055 0.011 0.002 0.034 0.001 0.036 0.007 0.000 0.001 0.009 0.001 
 220   (0.011) 0.001 0.007 0.000 0.001 0.003 0.000 0.001 0.001 0.001 0.003 0.001 0.001 0.019 0.000 0.014 0.000 0.000 0.001 0.002 0.000 
 180   (0.011) 0.001 0.011 0.000 0.001 0.001 0.000 0.001 0.000 0.001 0.003 0.001 0.001 0.010 0.000 0.020 0.000 0.000 0.000 0.002 0.000 
 182   (0.018) 0.002 0.018 0.000 0.064 0.002 0.000 0.001 0.001 0.002 0.004 0.002 0.004 0.015 0.001 0.016 0.001 0.000 0.001 0.004 0.000 

Locus 14 : 
8 alleles
1.6% missing data
 139   (0.098) 0.073 0.072 0.020 0.062 0.154 0.214 0.006 0.168 0.355 0.034 0.011 0.014 0.062 0.206 0.080 0.285 0.281 0.014 0.060 0.025 
 145   (0.066) 0.007 0.055 0.011 0.160 0.007 0.003 0.177 0.004 0.041 0.061 0.016 0.005 0.052 0.009 0.064 0.391 0.003 0.040 0.017 0.002 
 151   (0.319) 0.602 0.235 0.383 0.158 0.644 0.483 0.415 0.575 0.428 0.325 0.301 0.066 0.285 0.183 0.297 0.263 0.708 0.689 0.209 0.370 
 157   (0.315) 0.292 0.451 0.239 0.585 0.097 0.048 0.251 0.077 0.143 0.445 0.274 0.898 0.332 0.541 0.319 0.024 0.006 0.244 0.373 0.596 
 154   (0.092) 0.018 0.071 0.345 0.019 0.014 0.250 0.128 0.170 0.017 0.099 0.036 0.010 0.071 0.056 0.096 0.005 0.001 0.004 0.130 0.002 
 163   (0.045) 0.004 0.054 0.001 0.007 0.008 0.001 0.003 0.002 0.009 0.019 0.063 0.004 0.139 0.003 0.070 0.027 0.001 0.005 0.106 0.003 
 142   (0.029) 0.002 0.039 0.001 0.005 0.004 0.000 0.018 0.002 0.003 0.010 0.010 0.002 0.033 0.001 0.033 0.005 0.000 0.001 0.095 0.001 
 160   (0.035) 0.002 0.022 0.001 0.005 0.072 0.000 0.002 0.002 0.003 0.009 0.288 0.002 0.027 0.001 0.041 0.002 0.000 0.002 0.010 0.001 

Locus 15 : 
14 alleles
1.1% missing data
 256   (0.164) 0.254 0.110 0.196 0.055 0.101 0.159 0.125 0.081 0.041 0.093 0.081 0.016 0.155 0.234 0.162 0.306 0.004 0.179 0.170 0.234 
 262   (0.034) 0.002 0.015 0.001 0.005 0.003 0.000 0.002 0.002 0.012 0.009 0.004 0.002 0.019 0.001 0.026 0.105 0.669 0.434 0.158 0.001 
 246   (0.115) 0.081 0.151 0.002 0.081 0.121 0.002 0.016 0.006 0.119 0.050 0.148 0.049 0.108 0.110 0.109 0.017 0.082 0.146 0.205 0.003 
 258   (0.143) 0.172 0.121 0.003 0.451 0.308 0.002 0.246 0.009 0.022 0.443 0.048 0.430 0.130 0.264 0.131 0.006 0.002 0.100 0.132 0.469 
 254   (0.089) 0.144 0.120 0.298 0.046 0.009 0.004 0.046 0.307 0.011 0.079 0.087 0.006 0.077 0.009 0.089 0.003 0.001 0.009 0.027 0.281 
 250   (0.042) 0.003 0.024 0.471 0.006 0.005 0.825 0.017 0.098 0.004 0.046 0.005 0.002 0.036 0.002 0.039 0.001 0.001 0.002 0.023 0.001 
 242   (0.099) 0.008 0.123 0.022 0.022 0.019 0.002 0.157 0.334 0.022 0.066 0.169 0.007 0.110 0.004 0.103 0.261 0.233 0.114 0.040 0.003 
 252   (0.079) 0.023 0.131 0.003 0.025 0.011 0.002 0.016 0.039 0.714 0.068 0.080 0.246 0.098 0.009 0.094 0.287 0.002 0.005 0.047 0.002 
 248   (0.133) 0.060 0.123 0.003 0.033 0.414 0.002 0.318 0.118 0.037 0.059 0.308 0.223 0.189 0.362 0.141 0.010 0.002 0.006 0.171 0.004 
 260   (0.044) 0.250 0.047 0.001 0.265 0.005 0.001 0.006 0.002 0.008 0.014 0.064 0.016 0.032 0.003 0.045 0.002 0.004 0.002 0.011 0.001 
 264   (0.012) 0.001 0.005 0.000 0.001 0.001 0.000 0.001 0.001 0.002 0.032 0.001 0.001 0.007 0.000 0.009 0.000 0.000 0.001 0.002 0.000 
 244   (0.022) 0.002 0.016 0.001 0.005 0.002 0.000 0.048 0.001 0.005 0.031 0.003 0.001 0.019 0.001 0.025 0.001 0.000 0.002 0.007 0.001 
 276   (0.012) 0.001 0.006 0.000 0.002 0.001 0.000 0.001 0.001 0.001 0.003 0.001 0.001 0.008 0.000 0.014 0.000 0.000 0.001 0.002 0.000 
 240   (0.013) 0.001 0.007 0.000 0.002 0.002 0.000 0.001 0.001 0.001 0.007 0.002 0.001 0.011 0.000 0.013 0.000 0.000 0.001 0.003 0.001 

Values of parameters used in structure:
DATAFILE=C:\Users\eschumacher\Documents\GitHub\GCC_QUAC_ZAIN\Data_Files\Structure_Files\QUAC\QUAC_woK_nopopinfo_garden_wild\QUAC_woK_nopopinfo_garden_wild\project_data,	OUTFILE=C:\Users\eschumacher\Documents\GitHub\GCC_QUAC_ZAIN\Data_Files\Structure_Files\QUAC\QUAC_woK_nopopinfo_garden_wild\QUAC_woK_nopopinfo_garden_wild\50-50\Results\50-50_run_98,	NUMINDS=441,	NUMLOCI=15,	MISSING=-9,	LABEL=1,	POPDATA=0,	POPFLAG=0,	PHENOTYPE=0,	EXTRACOLS=0,	MAXPOPS=20,	BURNIN=50000,	NUMREPS=50000,	USEPOPINFO=0,	INFERALPHA=1,	INFERLAMBDA=0,	POPSPECIFICLAMBDA=0,	POPALPHAS=0,	COMPUTEPROB=1,	NOADMIX=0,	ADMBURNIN=2500,	UPDATEFREQ=1,	PRINTLIKES=0,	INTERMEDSAVE=0,	PRINTKLD=0,	PRINTNET=0,	PRINTLAMBDA=0,	ANCESTDIST=0,	NUMBOXES=1000,	ANCESTPINT=0.90000,	GENSBACK=2,	MIGRPRIOR=0.05000,	PRINTQHAT=0,	PRINTQSUM=0,	ALPHA=1.0000,	FREQSCORR=1,	FPRIORMEAN=0.0100,	FPRIORSD=0.0500,	ONEFST=0,	LAMBDA=1.0000,	UNIFPRIORALPHA=1,	ALPHAMAX=10.0000,	ALPHAPRIORA=1.0000,	ALPHAPRIORB=2.0000,	ALPHAPROPSD=0.0250,	STARTATPOPINFO=0,	RANDOMIZE=1,	LINKAGE=0,	METROFREQ=10,	REPORTHITRATE=0,	MARKOVPHASE=-1,	PHASED=0,	PLOIDY=2,	PHASEINFO=0	LOCPRIOR=0, 	LOCPRIORINIT=1.000000, 	LOCDATA=0, 	LOCISPOP=0, 	LOCPRIORSTEP=0.100000, 	MAXLOCPRIOR=20.000000, 	SEED=1670380967,	
[STRAT parameters]:    NUMSIMSTATS=1000,	PHENOTYPECOL=-9,	POOLFREQ=10,	LOCUSxONLY=0,	EMERROR=0.00100,	MISSINGPHENO=-9,	