

----------------------------------------------------
STRUCTURE by Pritchard, Stephens and Donnelly (2000)
     and Falush, Stephens and Pritchard (2003)
       Code by Pritchard, Falush and Hubisz
             Version 2.3.4 (Jul 2012)
----------------------------------------------------



Command line arguments:   bin\structure -m C:\Users\eschumacher\Documents\GitHub\GCC_QUAC_ZAIN\Data_Files\Structure_Files\QUAC\QUAC_woK_nopopinfo_garden_wild\QUAC_woK_nopopinfo_garden_wild\50-50\mainparams -e C:\Users\eschumacher\Documents\GitHub\GCC_QUAC_ZAIN\Data_Files\Structure_Files\QUAC\QUAC_woK_nopopinfo_garden_wild\QUAC_woK_nopopinfo_garden_wild\50-50\extraparams 
Input File:    C:\Users\eschumacher\Documents\GitHub\GCC_QUAC_ZAIN\Data_Files\Structure_Files\QUAC\QUAC_woK_nopopinfo_garden_wild\QUAC_woK_nopopinfo_garden_wild\project_data

Run parameters:
   441 individuals
   15 loci
   20 populations assumed
   50000 Burn-in period
   50000 Reps


--------------------------------------------
Overall proportion of membership of the
sample in each of the 20 clusters

Inferred Clusters
  1      2      3      4      5      6      7      8      9     10     11     12     13     14     15     16     17     18     19     20    
0.064  0.054  0.024  0.051  0.047  0.025  0.030  0.053  0.075  0.069  0.033  0.074  0.037  0.024  0.053  0.074  0.066  0.060  0.065  0.023  

--------------------------------------------

Allele-freq. divergence among pops (Net nucleotide distance),
computed using point estimates of P.

      1       2       3       4       5       6       7       8       9      10      11      12      13      14      15      16      17      18      19      20      
 1      -    0.1674  0.0544  0.0978  0.1495  0.0486  0.0888  0.1153  0.1459  0.0982  0.0973  0.1827  0.0498  0.0969  0.1143  0.1814  0.1600  0.0889  0.1315  0.0522  
 2   0.1674     -    0.1134  0.1329  0.2039  0.1025  0.1459  0.1655  0.1705  0.1758  0.1409  0.1467  0.1688  0.1572  0.1783  0.2036  0.0837  0.1484  0.2052  0.1137  
 3   0.0544  0.1134     -    0.0485  0.0702  0.0074  0.0310  0.0888  0.1076  0.0560  0.0286  0.1333  0.0728  0.0550  0.0568  0.1487  0.0952  0.0459  0.0989  0.0116  
 4   0.0978  0.1329  0.0485     -    0.1350  0.0355  0.0521  0.0975  0.1235  0.0823  0.0623  0.1629  0.0916  0.0789  0.0778  0.1724  0.1095  0.0232  0.1142  0.0397  
 5   0.1495  0.2039  0.0702  0.1350     -    0.0811  0.1022  0.1860  0.1796  0.0985  0.0528  0.2047  0.1614  0.1418  0.1147  0.2220  0.1645  0.1326  0.1761  0.0862  
 6   0.0486  0.1025  0.0074  0.0355  0.0811     -    0.0252  0.0764  0.0877  0.0496  0.0274  0.1202  0.0556  0.0429  0.0488  0.1269  0.0797  0.0326  0.0850  0.0046  
 7   0.0888  0.1459  0.0310  0.0521  0.1022  0.0252     -    0.1114  0.1209  0.0838  0.0476  0.1395  0.0936  0.0688  0.0734  0.1664  0.0991  0.0505  0.1072  0.0315  
 8   0.1153  0.1655  0.0888  0.0975  0.1860  0.0764  0.1114     -    0.1084  0.1239  0.1228  0.1518  0.1207  0.1074  0.1329  0.1401  0.1428  0.1117  0.1621  0.0859  
 9   0.1459  0.1705  0.1076  0.1235  0.1796  0.0877  0.1209  0.1084     -    0.1115  0.1151  0.1909  0.1241  0.1168  0.1281  0.0590  0.1539  0.1298  0.1743  0.0996  
10   0.0982  0.1758  0.0560  0.0823  0.0985  0.0496  0.0838  0.1239  0.1115     -    0.0601  0.1841  0.0894  0.0939  0.0765  0.1540  0.1411  0.0948  0.1206  0.0548  
11   0.0973  0.1409  0.0286  0.0623  0.0528  0.0274  0.0476  0.1228  0.1151  0.0601     -    0.1462  0.0908  0.0780  0.0370  0.1529  0.0987  0.0633  0.1073  0.0336  
12   0.1827  0.1467  0.1333  0.1629  0.2047  0.1202  0.1395  0.1518  0.1909  0.1841  0.1462     -    0.1951  0.1710  0.1611  0.2234  0.0766  0.1798  0.2314  0.1323  
13   0.0498  0.1688  0.0728  0.0916  0.1614  0.0556  0.0936  0.1207  0.1241  0.0894  0.0908  0.1951     -    0.0901  0.1047  0.1470  0.1545  0.0863  0.1135  0.0552  
14   0.0969  0.1572  0.0550  0.0789  0.1418  0.0429  0.0688  0.1074  0.1168  0.0939  0.0780  0.1710  0.0901     -    0.1089  0.1795  0.1311  0.0782  0.1159  0.0482  
15   0.1143  0.1783  0.0568  0.0778  0.1147  0.0488  0.0734  0.1329  0.1281  0.0765  0.0370  0.1611  0.1047  0.1089     -    0.1679  0.1122  0.0907  0.1291  0.0553  
16   0.1814  0.2036  0.1487  0.1724  0.2220  0.1269  0.1664  0.1401  0.0590  0.1540  0.1529  0.2234  0.1470  0.1795  0.1679     -    0.1893  0.1704  0.2033  0.1329  
17   0.1600  0.0837  0.0952  0.1095  0.1645  0.0797  0.0991  0.1428  0.1539  0.1411  0.0987  0.0766  0.1545  0.1311  0.1122  0.1893     -    0.1239  0.1727  0.0878  
18   0.0889  0.1484  0.0459  0.0232  0.1326  0.0326  0.0505  0.1117  0.1298  0.0948  0.0633  0.1798  0.0863  0.0782  0.0907  0.1704  0.1239     -    0.1149  0.0339  
19   0.1315  0.2052  0.0989  0.1142  0.1761  0.0850  0.1072  0.1621  0.1743  0.1206  0.1073  0.2314  0.1135  0.1159  0.1291  0.2033  0.1727  0.1149     -    0.0800  
20   0.0522  0.1137  0.0116  0.0397  0.0862  0.0046  0.0315  0.0859  0.0996  0.0548  0.0336  0.1323  0.0552  0.0482  0.0553  0.1329  0.0878  0.0339  0.0800     -    

Average distances (expected heterozygosity) between individuals in same cluster:
cluster  1  : 0.5930 
cluster  2  : 0.4368 
cluster  3  : 0.6490 
cluster  4  : 0.5219 
cluster  5  : 0.5011 
cluster  6  : 0.6747 
cluster  7  : 0.6061 
cluster  8  : 0.4838 
cluster  9  : 0.4217 
cluster 10  : 0.4975 
cluster 11  : 0.5639 
cluster 12  : 0.3886 
cluster 13  : 0.5318 
cluster 14  : 0.6068 
cluster 15  : 0.4986 
cluster 16  : 0.3300 
cluster 17  : 0.4644 
cluster 18  : 0.5477 
cluster 19  : 0.4534 
cluster 20  : 0.6488 

--------------------------------------------
Estimated Ln Prob of Data   = -15466.5
Mean value of ln likelihood = -13989.2
Variance of ln likelihood   = 2954.6
Mean value of alpha         = 0.0331

Mean value of Fst_1         = 0.1430
Mean value of Fst_2         = 0.3970
Mean value of Fst_3         = 0.1212
Mean value of Fst_4         = 0.2031
Mean value of Fst_5         = 0.3194
Mean value of Fst_6         = 0.0158
Mean value of Fst_7         = 0.1350
Mean value of Fst_8         = 0.3180
Mean value of Fst_9         = 0.4870
Mean value of Fst_10         = 0.3016
Mean value of Fst_11         = 0.2076
Mean value of Fst_12         = 0.5576
Mean value of Fst_13         = 0.2579
Mean value of Fst_14         = 0.1955
Mean value of Fst_15         = 0.2475
Mean value of Fst_16         = 0.5676
Mean value of Fst_17         = 0.3013
Mean value of Fst_18         = 0.1795
Mean value of Fst_19         = 0.4235
Mean value of Fst_20         = 0.0932


Inferred ancestry of individuals:
        Label (%Miss) :  Inferred clusters
  1 QAc-G-0029    (0)   :  0.003 0.027 0.032 0.012 0.027 0.026 0.013 0.005 0.011 0.006 0.057 0.629 0.003 0.006 0.005 0.026 0.073 0.009 0.006 0.023 
  2 QAc-G-0030    (0)   :  0.002 0.002 0.002 0.002 0.002 0.002 0.002 0.003 0.002 0.002 0.002 0.956 0.002 0.002 0.002 0.003 0.004 0.002 0.002 0.002 
  3 QAc-G-0031    (0)   :  0.002 0.003 0.003 0.003 0.002 0.002 0.003 0.004 0.005 0.003 0.002 0.943 0.002 0.003 0.002 0.003 0.007 0.003 0.002 0.002 
  4 QAc-G-0061    (0)   :  0.002 0.008 0.003 0.005 0.003 0.003 0.004 0.002 0.003 0.002 0.003 0.047 0.003 0.002 0.003 0.003 0.895 0.003 0.003 0.003 
  5 QAc-G-0062    (0)   :  0.005 0.013 0.019 0.012 0.004 0.018 0.126 0.260 0.033 0.004 0.018 0.006 0.007 0.012 0.004 0.010 0.003 0.061 0.361 0.024 
  6 QAc-G-0063    (0)   :  0.006 0.004 0.071 0.030 0.012 0.036 0.053 0.074 0.170 0.013 0.055 0.005 0.005 0.013 0.018 0.389 0.005 0.008 0.015 0.019 
  7 QAc-G-0064    (0)   :  0.003 0.003 0.003 0.004 0.005 0.003 0.003 0.006 0.005 0.006 0.003 0.003 0.006 0.003 0.003 0.007 0.003 0.004 0.921 0.006 
  8 QAc-G-0065    (0)   :  0.003 0.002 0.003 0.003 0.002 0.003 0.002 0.002 0.002 0.003 0.003 0.007 0.007 0.003 0.003 0.002 0.002 0.002 0.940 0.003 
  9 QAc-G-0066    (0)   :  0.002 0.003 0.003 0.003 0.003 0.002 0.003 0.003 0.906 0.003 0.003 0.003 0.003 0.002 0.003 0.044 0.004 0.003 0.002 0.002 
 10 QAc-G-0067    (0)   :  0.004 0.010 0.003 0.004 0.002 0.003 0.003 0.002 0.003 0.004 0.003 0.005 0.003 0.003 0.003 0.003 0.007 0.003 0.929 0.003 
 11 QAc-G-0068    (0)   :  0.003 0.003 0.003 0.003 0.002 0.003 0.002 0.003 0.591 0.002 0.003 0.002 0.003 0.350 0.003 0.009 0.003 0.006 0.003 0.003 
 12 QAc-G-0070    (0)   :  0.006 0.005 0.008 0.137 0.005 0.013 0.018 0.021 0.653 0.004 0.013 0.003 0.003 0.004 0.008 0.007 0.003 0.070 0.007 0.012 
 13 QAc-G-0071   (13)   :  0.005 0.025 0.005 0.005 0.004 0.005 0.004 0.044 0.781 0.008 0.005 0.026 0.005 0.004 0.003 0.053 0.006 0.004 0.003 0.005 
 14 QAc-G-0072    (0)   :  0.002 0.003 0.004 0.005 0.005 0.004 0.004 0.003 0.465 0.004 0.005 0.003 0.003 0.007 0.004 0.462 0.004 0.005 0.003 0.004 
 15 QAc-G-0073    (0)   :  0.004 0.007 0.010 0.008 0.766 0.007 0.005 0.005 0.005 0.090 0.044 0.006 0.007 0.004 0.010 0.007 0.004 0.003 0.003 0.006 
 16 QAc-G-0074    (0)   :  0.008 0.004 0.017 0.024 0.007 0.022 0.014 0.029 0.083 0.562 0.051 0.003 0.011 0.004 0.039 0.082 0.004 0.017 0.004 0.015 
 17 QAc-G-0075    (0)   :  0.008 0.004 0.031 0.006 0.011 0.036 0.012 0.007 0.022 0.673 0.036 0.038 0.005 0.008 0.039 0.009 0.009 0.006 0.010 0.031 
 18 QAc-G-0076    (0)   :  0.003 0.009 0.029 0.006 0.427 0.058 0.010 0.003 0.013 0.020 0.074 0.008 0.082 0.005 0.122 0.010 0.006 0.015 0.007 0.092 
 19 QAc-G-0077    (0)   :  0.005 0.009 0.004 0.002 0.004 0.005 0.003 0.004 0.004 0.002 0.007 0.028 0.004 0.003 0.005 0.007 0.888 0.004 0.008 0.005 
 20 QAc-G-0078    (0)   :  0.002 0.003 0.002 0.002 0.002 0.002 0.002 0.003 0.002 0.002 0.002 0.958 0.002 0.002 0.002 0.002 0.004 0.002 0.002 0.002 
 21 QAc-G-0079    (0)   :  0.003 0.003 0.003 0.002 0.003 0.002 0.002 0.003 0.003 0.002 0.003 0.951 0.003 0.002 0.003 0.003 0.004 0.002 0.002 0.002 
 22 QAc-G-0080    (0)   :  0.007 0.668 0.055 0.004 0.014 0.037 0.007 0.009 0.003 0.052 0.010 0.003 0.009 0.010 0.005 0.005 0.007 0.004 0.025 0.067 
 23 QAc-G-0081    (0)   :  0.011 0.004 0.201 0.067 0.014 0.047 0.361 0.045 0.004 0.003 0.103 0.006 0.004 0.005 0.009 0.004 0.004 0.030 0.003 0.074 
 24 QAc-G-0082    (0)   :  0.012 0.007 0.590 0.010 0.060 0.164 0.029 0.007 0.002 0.004 0.016 0.002 0.003 0.013 0.004 0.002 0.003 0.025 0.002 0.047 
 25 QAc-G-0083    (0)   :  0.006 0.009 0.012 0.008 0.021 0.016 0.006 0.651 0.008 0.008 0.035 0.007 0.005 0.004 0.128 0.022 0.011 0.012 0.013 0.018 
 26 QAc-G-0001   (13)   :  0.003 0.004 0.002 0.002 0.003 0.003 0.002 0.003 0.003 0.002 0.003 0.945 0.003 0.002 0.003 0.004 0.006 0.002 0.002 0.003 
 27 QAc-G-0002    (0)   :  0.002 0.004 0.002 0.002 0.002 0.002 0.002 0.002 0.002 0.002 0.002 0.954 0.002 0.002 0.002 0.003 0.006 0.002 0.002 0.002 
 28 QAc-G-0285    (0)   :  0.009 0.005 0.007 0.006 0.007 0.006 0.004 0.866 0.019 0.003 0.006 0.006 0.006 0.005 0.004 0.022 0.005 0.007 0.003 0.005 
 29 QAc-G-0286    (0)   :  0.002 0.003 0.002 0.003 0.002 0.002 0.002 0.003 0.940 0.003 0.003 0.003 0.003 0.003 0.002 0.015 0.003 0.002 0.002 0.002 
 30 QAc-G-0287    (0)   :  0.002 0.002 0.002 0.002 0.002 0.002 0.002 0.002 0.006 0.003 0.003 0.003 0.003 0.002 0.002 0.952 0.003 0.002 0.002 0.002 
 31 QAc-G-0288    (6)   :  0.004 0.007 0.007 0.014 0.006 0.008 0.013 0.004 0.528 0.005 0.007 0.015 0.004 0.008 0.010 0.319 0.016 0.014 0.005 0.007 
 32 QAc-G-0289    (0)   :  0.002 0.004 0.003 0.003 0.002 0.003 0.003 0.003 0.025 0.003 0.003 0.002 0.004 0.003 0.003 0.921 0.003 0.003 0.003 0.003 
 33 QAc-G-0290    (0)   :  0.003 0.003 0.003 0.003 0.003 0.003 0.003 0.004 0.842 0.003 0.004 0.002 0.003 0.003 0.004 0.095 0.004 0.004 0.006 0.004 
 34 QAc-G-0291    (0)   :  0.002 0.009 0.004 0.002 0.007 0.004 0.003 0.011 0.008 0.002 0.006 0.022 0.003 0.004 0.003 0.888 0.015 0.002 0.003 0.003 
 35 QAc-G-0292    (0)   :  0.005 0.003 0.006 0.013 0.003 0.005 0.016 0.582 0.009 0.004 0.005 0.003 0.009 0.005 0.004 0.308 0.003 0.010 0.003 0.006 
 36 QAc-G-0293    (0)   :  0.002 0.003 0.002 0.003 0.003 0.002 0.002 0.408 0.035 0.002 0.002 0.009 0.002 0.002 0.002 0.508 0.004 0.002 0.002 0.002 
 37 QAc-G-0294    (0)   :  0.012 0.004 0.104 0.008 0.308 0.035 0.023 0.003 0.005 0.026 0.264 0.011 0.050 0.042 0.030 0.005 0.011 0.008 0.007 0.043 
 38 QAc-G-0295    (0)   :  0.005 0.003 0.014 0.003 0.833 0.009 0.005 0.004 0.003 0.022 0.019 0.005 0.004 0.006 0.014 0.008 0.014 0.003 0.004 0.023 
 39 QAc-G-0296    (0)   :  0.003 0.003 0.004 0.004 0.009 0.004 0.003 0.003 0.005 0.913 0.007 0.003 0.006 0.004 0.007 0.005 0.005 0.004 0.006 0.004 
 40 QAc-G-0297    (0)   :  0.023 0.005 0.209 0.006 0.012 0.307 0.006 0.002 0.003 0.141 0.111 0.002 0.008 0.009 0.057 0.003 0.002 0.010 0.003 0.080 
 41 QAc-G-0298    (6)   :  0.005 0.004 0.016 0.004 0.155 0.011 0.004 0.007 0.003 0.687 0.009 0.009 0.003 0.003 0.018 0.003 0.030 0.004 0.004 0.022 
 42 QAc-G-0299    (0)   :  0.013 0.003 0.014 0.005 0.017 0.018 0.008 0.005 0.007 0.596 0.053 0.003 0.015 0.010 0.180 0.017 0.007 0.003 0.004 0.024 
 43 QAc-G-0300    (0)   :  0.004 0.003 0.011 0.009 0.037 0.008 0.014 0.003 0.004 0.768 0.031 0.002 0.007 0.005 0.037 0.003 0.004 0.015 0.024 0.010 
 44 QAc-G-0301    (0)   :  0.005 0.004 0.015 0.005 0.023 0.015 0.005 0.008 0.015 0.574 0.063 0.007 0.004 0.004 0.028 0.013 0.008 0.005 0.184 0.015 
 45 QAc-G-0302    (0)   :  0.800 0.003 0.025 0.004 0.003 0.019 0.009 0.005 0.007 0.006 0.007 0.003 0.010 0.032 0.041 0.005 0.004 0.004 0.003 0.011 
 46 QAc-G-0303    (0)   :  0.816 0.008 0.014 0.020 0.008 0.028 0.008 0.008 0.003 0.003 0.009 0.003 0.006 0.013 0.004 0.003 0.003 0.022 0.005 0.016 
 47 QAc-G-0304    (0)   :  0.002 0.003 0.002 0.002 0.003 0.002 0.002 0.004 0.005 0.003 0.003 0.003 0.002 0.002 0.003 0.949 0.003 0.003 0.002 0.003 
 48 QAc-G-0305    (0)   :  0.018 0.028 0.016 0.029 0.005 0.015 0.006 0.067 0.619 0.004 0.008 0.031 0.034 0.048 0.004 0.020 0.020 0.014 0.003 0.012 
 49 QAc-G-0306    (0)   :  0.002 0.003 0.002 0.002 0.002 0.002 0.002 0.004 0.943 0.003 0.002 0.003 0.002 0.002 0.002 0.013 0.003 0.002 0.002 0.002 
 50 QAc-G-0307    (0)   :  0.013 0.605 0.014 0.033 0.007 0.017 0.041 0.012 0.004 0.012 0.009 0.131 0.006 0.008 0.011 0.004 0.030 0.022 0.006 0.015 
 51 QAc-G-0308    (0)   :  0.005 0.581 0.005 0.010 0.014 0.006 0.004 0.005 0.022 0.012 0.008 0.013 0.008 0.004 0.006 0.005 0.280 0.005 0.002 0.005 
 52 QAc-G-0309    (0)   :  0.004 0.004 0.007 0.004 0.003 0.011 0.006 0.004 0.005 0.003 0.005 0.906 0.004 0.006 0.004 0.003 0.008 0.003 0.002 0.008 
 53 QAc-G-0310    (0)   :  0.003 0.003 0.003 0.003 0.003 0.003 0.003 0.003 0.003 0.003 0.003 0.941 0.003 0.003 0.003 0.003 0.006 0.003 0.003 0.003 
 54 QAc-G-0311    (0)   :  0.002 0.903 0.002 0.002 0.002 0.002 0.002 0.002 0.002 0.002 0.002 0.021 0.002 0.002 0.002 0.002 0.038 0.002 0.002 0.002 
 55 QAc-G-0312    (0)   :  0.021 0.557 0.021 0.032 0.032 0.042 0.019 0.004 0.004 0.020 0.031 0.005 0.017 0.020 0.032 0.006 0.007 0.015 0.014 0.100 
 56 QAc-G-0313    (0)   :  0.007 0.004 0.035 0.008 0.011 0.047 0.660 0.076 0.011 0.011 0.009 0.029 0.003 0.013 0.008 0.006 0.007 0.016 0.006 0.033 
 57 QAc-G-0314    (0)   :  0.014 0.003 0.030 0.008 0.012 0.029 0.750 0.003 0.003 0.037 0.014 0.005 0.005 0.004 0.022 0.003 0.011 0.016 0.006 0.026 
 58 QAc-G-0315    (0)   :  0.013 0.002 0.020 0.004 0.004 0.095 0.699 0.005 0.006 0.005 0.020 0.002 0.008 0.036 0.018 0.010 0.005 0.005 0.005 0.039 
 59 QAc-G-0316    (0)   :  0.004 0.011 0.027 0.015 0.002 0.030 0.795 0.005 0.007 0.004 0.005 0.021 0.003 0.005 0.011 0.005 0.014 0.010 0.004 0.022 
 60 QAc-G-0032    (6)   :  0.213 0.004 0.023 0.007 0.011 0.063 0.007 0.003 0.010 0.015 0.032 0.007 0.062 0.341 0.004 0.005 0.003 0.010 0.136 0.043 
 61 QAc-G-0033    (0)   :  0.004 0.002 0.005 0.006 0.007 0.005 0.005 0.003 0.005 0.837 0.022 0.006 0.006 0.004 0.057 0.004 0.008 0.004 0.006 0.005 
 62 QAc-G-0034    (0)   :  0.005 0.025 0.009 0.029 0.009 0.010 0.008 0.003 0.003 0.784 0.042 0.011 0.006 0.005 0.010 0.003 0.012 0.010 0.007 0.010 
 63 QAc-G-0035    (0)   :  0.005 0.004 0.089 0.006 0.113 0.007 0.006 0.007 0.017 0.010 0.518 0.003 0.008 0.004 0.174 0.005 0.004 0.004 0.009 0.008 
 64 QAc-G-0036    (0)   :  0.003 0.003 0.004 0.005 0.004 0.006 0.008 0.006 0.009 0.903 0.005 0.003 0.003 0.006 0.004 0.006 0.005 0.006 0.003 0.005 
 65 QAc-G-0037    (0)   :  0.002 0.008 0.004 0.002 0.921 0.003 0.003 0.003 0.007 0.004 0.007 0.003 0.004 0.002 0.003 0.009 0.008 0.002 0.003 0.003 
 66 QAc-G-0038    (0)   :  0.003 0.002 0.032 0.004 0.261 0.006 0.007 0.003 0.003 0.536 0.096 0.002 0.003 0.003 0.010 0.003 0.002 0.015 0.003 0.007 
 67 QAc-G-0039    (0)   :  0.009 0.009 0.095 0.016 0.091 0.023 0.204 0.003 0.007 0.041 0.360 0.010 0.010 0.013 0.019 0.005 0.042 0.018 0.003 0.024 
 68 QAc-G-0040    (0)   :  0.005 0.008 0.020 0.024 0.445 0.024 0.007 0.020 0.012 0.053 0.110 0.004 0.071 0.004 0.025 0.116 0.004 0.034 0.004 0.012 
 69 QAc-G-0041    (0)   :  0.003 0.002 0.004 0.017 0.771 0.005 0.005 0.009 0.003 0.087 0.008 0.002 0.003 0.003 0.003 0.002 0.002 0.010 0.056 0.004 
 70 QAc-G-0042    (0)   :  0.003 0.003 0.004 0.003 0.007 0.004 0.003 0.003 0.007 0.915 0.005 0.002 0.010 0.003 0.008 0.005 0.004 0.004 0.003 0.004 
 71 QAc-G-0043    (0)   :  0.004 0.005 0.010 0.006 0.799 0.007 0.004 0.004 0.012 0.018 0.053 0.004 0.009 0.003 0.022 0.011 0.015 0.003 0.003 0.006 
 72 QAc-G-0044    (0)   :  0.010 0.003 0.007 0.004 0.006 0.009 0.005 0.003 0.006 0.869 0.007 0.003 0.012 0.003 0.010 0.006 0.003 0.004 0.022 0.007 
 73 QAc-G-0045    (0)   :  0.003 0.019 0.008 0.009 0.026 0.006 0.006 0.004 0.005 0.722 0.080 0.008 0.010 0.003 0.039 0.005 0.026 0.005 0.009 0.006 
 74 QAc-G-0046    (0)   :  0.003 0.004 0.071 0.012 0.511 0.008 0.014 0.003 0.003 0.006 0.307 0.010 0.005 0.008 0.007 0.003 0.008 0.004 0.004 0.008 
 75 QAc-G-0047    (0)   :  0.007 0.006 0.089 0.006 0.169 0.010 0.012 0.004 0.005 0.005 0.576 0.013 0.013 0.005 0.034 0.005 0.023 0.005 0.004 0.010 
 76 QAc-G-0048    (0)   :  0.006 0.002 0.053 0.006 0.593 0.020 0.017 0.011 0.003 0.101 0.092 0.002 0.005 0.005 0.020 0.005 0.003 0.013 0.005 0.037 
 77 QAc-G-0049    (0)   :  0.002 0.004 0.002 0.003 0.002 0.003 0.003 0.003 0.005 0.002 0.003 0.938 0.002 0.003 0.003 0.003 0.011 0.003 0.002 0.002 
 78 QAc-G-0050    (0)   :  0.054 0.073 0.096 0.005 0.005 0.409 0.018 0.005 0.009 0.003 0.006 0.009 0.005 0.048 0.004 0.021 0.014 0.026 0.003 0.187 
 79 QAc-G-0051    (0)   :  0.002 0.004 0.002 0.002 0.002 0.002 0.002 0.003 0.003 0.002 0.002 0.952 0.002 0.003 0.002 0.003 0.004 0.002 0.002 0.002 
 80 QAc-G-0052    (0)   :  0.003 0.540 0.011 0.009 0.015 0.011 0.014 0.003 0.004 0.005 0.009 0.013 0.003 0.008 0.005 0.003 0.317 0.006 0.011 0.009 
 81 QAc-G-0053    (0)   :  0.002 0.005 0.008 0.002 0.017 0.004 0.005 0.003 0.004 0.003 0.012 0.005 0.002 0.002 0.004 0.006 0.907 0.003 0.003 0.004 
 82 QAc-G-0054    (0)   :  0.019 0.598 0.033 0.014 0.034 0.092 0.049 0.002 0.003 0.004 0.007 0.002 0.018 0.011 0.005 0.003 0.003 0.024 0.003 0.074 
 83 QAc-G-0055    (0)   :  0.027 0.655 0.111 0.015 0.007 0.051 0.011 0.003 0.003 0.021 0.006 0.004 0.010 0.014 0.005 0.003 0.005 0.006 0.003 0.040 
 84 QAc-G-0056    (0)   :  0.008 0.117 0.109 0.027 0.003 0.482 0.005 0.004 0.016 0.006 0.009 0.003 0.008 0.017 0.007 0.005 0.007 0.035 0.006 0.128 
 85 QAc-G-0057    (0)   :  0.003 0.004 0.003 0.002 0.003 0.003 0.002 0.003 0.004 0.003 0.003 0.945 0.003 0.002 0.003 0.002 0.006 0.002 0.002 0.003 
 86 QAc-G-0058    (6)   :  0.002 0.004 0.002 0.003 0.002 0.002 0.002 0.003 0.003 0.003 0.002 0.951 0.002 0.002 0.002 0.002 0.003 0.002 0.002 0.002 
 87 QAc-G-0059    (0)   :  0.004 0.530 0.222 0.006 0.051 0.035 0.018 0.002 0.002 0.004 0.026 0.004 0.003 0.003 0.002 0.002 0.003 0.004 0.002 0.077 
 88 QAc-G-0060    (6)   :  0.004 0.236 0.031 0.007 0.009 0.045 0.012 0.006 0.018 0.005 0.009 0.039 0.005 0.007 0.019 0.020 0.445 0.005 0.007 0.073 
 89 QAc-G-0276    (0)   :  0.004 0.012 0.004 0.005 0.016 0.006 0.005 0.580 0.122 0.007 0.015 0.005 0.003 0.004 0.016 0.174 0.010 0.003 0.003 0.006 
 90 QAc-G-0279    (0)   :  0.002 0.004 0.003 0.003 0.002 0.003 0.003 0.003 0.938 0.002 0.003 0.004 0.002 0.003 0.003 0.012 0.004 0.002 0.002 0.002 
 91 QAc-G-0280    (6)   :  0.003 0.003 0.004 0.003 0.004 0.004 0.005 0.005 0.823 0.009 0.004 0.004 0.003 0.006 0.010 0.094 0.003 0.004 0.004 0.005 
 92 QAc-G-0281    (0)   :  0.002 0.933 0.002 0.002 0.003 0.003 0.003 0.002 0.004 0.003 0.004 0.006 0.002 0.002 0.004 0.004 0.013 0.002 0.002 0.003 
 93 QAc-G-0018    (0)   :  0.008 0.021 0.013 0.009 0.014 0.011 0.015 0.004 0.005 0.766 0.012 0.011 0.014 0.046 0.007 0.004 0.019 0.006 0.006 0.010 
 94 QAc-G-0019    (0)   :  0.004 0.003 0.010 0.007 0.015 0.012 0.011 0.016 0.015 0.675 0.023 0.004 0.010 0.005 0.049 0.006 0.005 0.007 0.116 0.009 
 95 QAc-G-0020    (0)   :  0.003 0.003 0.013 0.004 0.859 0.009 0.004 0.003 0.003 0.005 0.056 0.003 0.004 0.004 0.008 0.003 0.003 0.003 0.007 0.005 
 96 QAc-G-0021    (6)   :  0.003 0.003 0.009 0.003 0.866 0.005 0.005 0.002 0.002 0.007 0.009 0.017 0.002 0.003 0.006 0.002 0.011 0.002 0.038 0.005 
 97 QAc-G-0022    (6)   :  0.007 0.007 0.103 0.072 0.131 0.085 0.027 0.007 0.003 0.059 0.146 0.007 0.006 0.005 0.068 0.004 0.012 0.031 0.077 0.144 
 98 QAc-G-0023    (0)   :  0.003 0.306 0.003 0.003 0.003 0.003 0.003 0.005 0.003 0.003 0.003 0.626 0.003 0.003 0.003 0.003 0.018 0.002 0.002 0.003 
 99 QAc-G-0024    (0)   :  0.003 0.003 0.003 0.003 0.003 0.003 0.003 0.002 0.003 0.005 0.004 0.929 0.003 0.003 0.004 0.003 0.012 0.002 0.003 0.003 
100 QAc-G-0016    (0)   :  0.096 0.437 0.020 0.005 0.006 0.055 0.006 0.005 0.009 0.039 0.011 0.003 0.133 0.100 0.004 0.007 0.004 0.030 0.005 0.027 
101 QAc-G-0017    (0)   :  0.543 0.002 0.018 0.005 0.010 0.020 0.064 0.006 0.005 0.007 0.009 0.003 0.019 0.008 0.003 0.006 0.003 0.011 0.197 0.063 
102 QAc-G-0250    (0)   :  0.025 0.018 0.080 0.014 0.020 0.096 0.059 0.226 0.156 0.007 0.039 0.008 0.008 0.143 0.010 0.035 0.003 0.010 0.006 0.037 
103 QAc-G-0003    (6)   :  0.003 0.003 0.003 0.004 0.003 0.003 0.003 0.005 0.928 0.003 0.003 0.003 0.003 0.003 0.005 0.009 0.004 0.004 0.003 0.003 
104 QAc-G-0004    (0)   :  0.743 0.003 0.018 0.004 0.042 0.014 0.026 0.005 0.003 0.007 0.029 0.009 0.010 0.008 0.020 0.003 0.005 0.005 0.006 0.040 
105 QAc-G-0005    (0)   :  0.003 0.003 0.002 0.003 0.002 0.003 0.003 0.002 0.003 0.004 0.003 0.003 0.005 0.003 0.003 0.003 0.003 0.002 0.945 0.003 
106 QAc-G-0006    (6)   :  0.768 0.005 0.105 0.004 0.005 0.018 0.014 0.007 0.004 0.003 0.013 0.003 0.005 0.007 0.006 0.004 0.002 0.013 0.003 0.011 
107 QAc-G-0283    (0)   :  0.041 0.004 0.225 0.017 0.005 0.180 0.019 0.107 0.004 0.007 0.006 0.003 0.004 0.010 0.004 0.003 0.004 0.259 0.003 0.096 
108 QAc-G-0265    (0)   :  0.006 0.003 0.106 0.007 0.003 0.106 0.017 0.203 0.006 0.009 0.026 0.397 0.005 0.015 0.027 0.003 0.006 0.008 0.004 0.043 
109 QAc-G-0266    (0)   :  0.002 0.005 0.002 0.002 0.002 0.002 0.002 0.003 0.004 0.002 0.002 0.949 0.002 0.002 0.002 0.003 0.007 0.002 0.002 0.002 
110 QAc-G-0267    (0)   :  0.004 0.006 0.009 0.004 0.139 0.013 0.005 0.539 0.004 0.110 0.025 0.003 0.006 0.006 0.019 0.004 0.007 0.019 0.057 0.022 
111 QAc-G-0268   (20)   :  0.014 0.006 0.069 0.003 0.003 0.109 0.138 0.007 0.384 0.005 0.008 0.004 0.008 0.018 0.011 0.153 0.006 0.006 0.010 0.039 
112 QAc-G-0269    (0)   :  0.003 0.004 0.004 0.003 0.006 0.004 0.004 0.003 0.196 0.005 0.006 0.007 0.002 0.003 0.004 0.731 0.004 0.003 0.004 0.004 
113 QAc-G-0270    (6)   :  0.003 0.002 0.003 0.003 0.003 0.003 0.004 0.003 0.003 0.938 0.004 0.003 0.003 0.003 0.004 0.004 0.003 0.003 0.004 0.003 
114 QAc-G-0271    (0)   :  0.009 0.002 0.132 0.007 0.036 0.160 0.017 0.006 0.006 0.017 0.236 0.003 0.007 0.014 0.131 0.003 0.005 0.008 0.127 0.075 
115 QAc-G-0272    (6)   :  0.003 0.004 0.006 0.004 0.007 0.005 0.005 0.004 0.008 0.899 0.007 0.004 0.008 0.004 0.005 0.009 0.006 0.004 0.003 0.005 
116 QAc-G-0273    (0)   :  0.003 0.934 0.003 0.003 0.002 0.003 0.003 0.003 0.003 0.002 0.003 0.011 0.003 0.003 0.003 0.004 0.005 0.003 0.003 0.003 
117 QAc-G-0274    (0)   :  0.002 0.002 0.002 0.003 0.002 0.002 0.002 0.002 0.002 0.003 0.002 0.002 0.003 0.002 0.003 0.002 0.003 0.003 0.955 0.003 
118 QAc-G-0251    (6)   :  0.005 0.004 0.003 0.005 0.003 0.004 0.003 0.003 0.003 0.932 0.003 0.004 0.005 0.003 0.003 0.003 0.003 0.004 0.005 0.003 
119 QAc-G-0252    (0)   :  0.011 0.006 0.010 0.026 0.097 0.012 0.004 0.003 0.006 0.724 0.016 0.004 0.007 0.007 0.006 0.004 0.009 0.027 0.005 0.016 
120 QAc-G-0253    (0)   :  0.003 0.911 0.005 0.003 0.004 0.005 0.004 0.003 0.003 0.004 0.004 0.014 0.002 0.003 0.003 0.004 0.010 0.002 0.002 0.008 
121 QAc-G-0254    (0)   :  0.003 0.012 0.005 0.004 0.002 0.006 0.003 0.003 0.003 0.003 0.004 0.869 0.002 0.003 0.003 0.004 0.052 0.003 0.003 0.012 
122 QAc-G-0255    (0)   :  0.809 0.003 0.039 0.006 0.005 0.011 0.008 0.005 0.008 0.005 0.008 0.003 0.008 0.014 0.032 0.002 0.005 0.005 0.005 0.018 
123 QAc-G-0256    (0)   :  0.062 0.003 0.004 0.003 0.002 0.004 0.003 0.004 0.005 0.004 0.004 0.003 0.869 0.005 0.005 0.006 0.003 0.003 0.005 0.004 
124 QAc-G-0257    (0)   :  0.626 0.004 0.014 0.024 0.017 0.020 0.004 0.004 0.003 0.012 0.004 0.002 0.048 0.009 0.004 0.003 0.025 0.032 0.057 0.086 
125 QAc-G-0258    (0)   :  0.915 0.002 0.007 0.003 0.004 0.008 0.003 0.003 0.003 0.005 0.004 0.002 0.009 0.004 0.004 0.002 0.003 0.003 0.007 0.008 
126 QAc-G-0259    (0)   :  0.008 0.004 0.080 0.012 0.004 0.746 0.023 0.002 0.002 0.002 0.010 0.002 0.007 0.004 0.005 0.002 0.002 0.004 0.002 0.079 
127 QAc-G-0260    (0)   :  0.006 0.003 0.045 0.012 0.006 0.162 0.009 0.006 0.022 0.008 0.008 0.005 0.119 0.007 0.010 0.035 0.016 0.025 0.023 0.474 
128 QAc-G-0261    (0)   :  0.011 0.003 0.045 0.004 0.012 0.073 0.020 0.003 0.003 0.009 0.006 0.002 0.005 0.015 0.003 0.003 0.003 0.004 0.279 0.494 
129 QAc-G-0262    (0)   :  0.018 0.005 0.041 0.007 0.003 0.101 0.007 0.010 0.009 0.005 0.005 0.003 0.054 0.012 0.003 0.010 0.004 0.012 0.014 0.676 
130 QAc-G-0010    (0)   :  0.003 0.004 0.016 0.007 0.014 0.007 0.020 0.749 0.080 0.006 0.017 0.014 0.003 0.005 0.006 0.021 0.011 0.004 0.005 0.007 
131 QAc-G-0011    (0)   :  0.003 0.003 0.006 0.029 0.005 0.005 0.890 0.003 0.003 0.004 0.007 0.003 0.003 0.004 0.003 0.003 0.003 0.013 0.006 0.005 
132 QAc-G-0015    (0)   :  0.075 0.212 0.067 0.028 0.005 0.029 0.016 0.007 0.003 0.007 0.008 0.457 0.014 0.005 0.004 0.002 0.018 0.015 0.005 0.023 
133 QAc-G-0106    (0)   :  0.765 0.002 0.011 0.005 0.002 0.015 0.003 0.003 0.003 0.033 0.005 0.002 0.070 0.006 0.005 0.003 0.003 0.007 0.020 0.039 
134 QAc-G-0107    (0)   :  0.126 0.009 0.010 0.004 0.002 0.016 0.011 0.011 0.005 0.006 0.005 0.006 0.707 0.049 0.005 0.005 0.006 0.005 0.003 0.009 
135 QAc-G-0108    (0)   :  0.111 0.002 0.006 0.004 0.006 0.007 0.004 0.004 0.005 0.006 0.004 0.002 0.805 0.005 0.003 0.008 0.002 0.005 0.004 0.008 
136 QAc-G-0109    (0)   :  0.598 0.019 0.064 0.022 0.007 0.049 0.020 0.006 0.004 0.015 0.006 0.006 0.025 0.026 0.004 0.007 0.007 0.018 0.023 0.075 
137 QAc-G-0110    (0)   :  0.683 0.005 0.020 0.008 0.007 0.020 0.007 0.009 0.088 0.033 0.016 0.005 0.033 0.007 0.017 0.013 0.004 0.010 0.002 0.013 
138 QAc-G-0111    (0)   :  0.789 0.004 0.031 0.007 0.020 0.013 0.011 0.022 0.006 0.006 0.008 0.006 0.025 0.010 0.007 0.006 0.004 0.008 0.005 0.011 
139 QAc-G-0112    (0)   :  0.808 0.004 0.008 0.003 0.003 0.020 0.010 0.010 0.004 0.004 0.004 0.010 0.034 0.007 0.004 0.039 0.008 0.004 0.004 0.012 
140 QAc-G-0113    (0)   :  0.622 0.070 0.018 0.006 0.005 0.022 0.006 0.013 0.013 0.010 0.007 0.002 0.056 0.071 0.005 0.004 0.020 0.007 0.016 0.028 
141 QAc-G-0114    (0)   :  0.774 0.005 0.016 0.005 0.007 0.014 0.007 0.008 0.012 0.013 0.040 0.009 0.006 0.021 0.030 0.008 0.012 0.004 0.003 0.008 
142 QAc-G-0115    (0)   :  0.842 0.008 0.010 0.006 0.006 0.014 0.015 0.004 0.008 0.004 0.005 0.003 0.032 0.010 0.003 0.008 0.004 0.004 0.006 0.010 
143 QAc-G-0116    (0)   :  0.853 0.006 0.007 0.006 0.003 0.008 0.007 0.016 0.010 0.004 0.004 0.006 0.013 0.012 0.005 0.010 0.005 0.004 0.008 0.011 
144 QAc-G-0117    (0)   :  0.023 0.014 0.218 0.014 0.053 0.033 0.021 0.024 0.005 0.039 0.023 0.005 0.271 0.117 0.032 0.004 0.016 0.007 0.034 0.047 
145 QAc-G-0118    (0)   :  0.875 0.002 0.006 0.010 0.003 0.008 0.006 0.012 0.004 0.006 0.003 0.002 0.009 0.004 0.006 0.003 0.002 0.007 0.024 0.007 
146 QAc-G-0119    (0)   :  0.809 0.003 0.034 0.003 0.011 0.022 0.012 0.002 0.002 0.008 0.011 0.010 0.008 0.005 0.007 0.002 0.004 0.003 0.025 0.018 
147 QAc-G-0120    (0)   :  0.772 0.004 0.042 0.016 0.004 0.041 0.014 0.005 0.006 0.012 0.012 0.004 0.006 0.008 0.010 0.005 0.010 0.006 0.005 0.018 
148 QAc-G-0121    (0)   :  0.005 0.005 0.005 0.003 0.012 0.004 0.004 0.004 0.007 0.010 0.007 0.004 0.014 0.003 0.004 0.008 0.002 0.003 0.892 0.005 
149 QAc-G-0122    (0)   :  0.005 0.004 0.004 0.004 0.012 0.005 0.009 0.008 0.020 0.008 0.006 0.004 0.019 0.004 0.005 0.052 0.003 0.004 0.819 0.005 
150 QAc-G-0123    (0)   :  0.003 0.002 0.002 0.002 0.004 0.002 0.002 0.002 0.002 0.005 0.003 0.002 0.002 0.002 0.004 0.002 0.003 0.002 0.952 0.003 
151 QAc-G-0124    (6)   :  0.003 0.003 0.004 0.003 0.003 0.003 0.004 0.003 0.003 0.005 0.003 0.003 0.004 0.003 0.005 0.003 0.003 0.004 0.937 0.003 
152 QAc-G-0125    (0)   :  0.017 0.007 0.056 0.020 0.018 0.081 0.031 0.023 0.006 0.003 0.016 0.044 0.007 0.040 0.003 0.014 0.018 0.029 0.446 0.122 
153 QAc-G-0126    (0)   :  0.070 0.029 0.102 0.011 0.015 0.260 0.047 0.005 0.007 0.008 0.013 0.003 0.036 0.019 0.004 0.005 0.016 0.014 0.150 0.186 
154 QAc-G-0127    (0)   :  0.007 0.008 0.006 0.011 0.006 0.008 0.003 0.005 0.003 0.007 0.013 0.004 0.016 0.010 0.004 0.004 0.006 0.017 0.851 0.010 
155 QAc-G-0128    (0)   :  0.003 0.003 0.003 0.003 0.002 0.003 0.003 0.003 0.005 0.003 0.003 0.003 0.003 0.003 0.004 0.005 0.003 0.003 0.939 0.004 
156 QAc-G-0129    (0)   :  0.003 0.002 0.002 0.002 0.002 0.002 0.002 0.002 0.003 0.003 0.002 0.002 0.003 0.002 0.003 0.003 0.002 0.002 0.953 0.003 
157 QAc-G-0130    (0)   :  0.036 0.003 0.007 0.018 0.013 0.007 0.003 0.008 0.008 0.007 0.007 0.002 0.069 0.007 0.003 0.002 0.003 0.017 0.771 0.007 
158 QAc-G-0131    (0)   :  0.004 0.005 0.005 0.003 0.007 0.004 0.005 0.003 0.005 0.005 0.007 0.003 0.006 0.004 0.006 0.005 0.004 0.004 0.910 0.005 
159 QAc-G-0132    (0)   :  0.065 0.006 0.018 0.006 0.005 0.015 0.007 0.010 0.009 0.004 0.007 0.014 0.047 0.011 0.007 0.020 0.007 0.005 0.724 0.014 
160 QAc-G-0133    (0)   :  0.003 0.004 0.005 0.005 0.006 0.005 0.004 0.006 0.003 0.024 0.005 0.004 0.012 0.004 0.004 0.007 0.004 0.003 0.886 0.008 
161 QAc-G-0134    (0)   :  0.004 0.003 0.004 0.003 0.005 0.004 0.004 0.002 0.004 0.004 0.005 0.009 0.008 0.003 0.005 0.003 0.002 0.003 0.920 0.004 
162 QAc-G-0135    (0)   :  0.892 0.004 0.008 0.004 0.006 0.007 0.007 0.003 0.006 0.007 0.008 0.006 0.004 0.003 0.008 0.005 0.006 0.005 0.003 0.006 
163 QAc-G-0136    (0)   :  0.725 0.009 0.012 0.010 0.003 0.013 0.009 0.120 0.010 0.006 0.003 0.006 0.019 0.015 0.004 0.003 0.004 0.015 0.005 0.011 
164 QAc-G-0137    (0)   :  0.729 0.003 0.012 0.004 0.004 0.014 0.041 0.005 0.004 0.010 0.013 0.003 0.030 0.040 0.010 0.005 0.004 0.006 0.049 0.014 
165 QAc-G-0138    (0)   :  0.821 0.011 0.010 0.019 0.002 0.008 0.017 0.028 0.002 0.003 0.003 0.004 0.010 0.003 0.003 0.003 0.004 0.028 0.006 0.014 
166 QAc-G-0139    (0)   :  0.791 0.003 0.007 0.005 0.060 0.008 0.007 0.003 0.004 0.033 0.018 0.002 0.008 0.006 0.005 0.003 0.002 0.005 0.022 0.009 
167 QAc-G-0140    (6)   :  0.012 0.003 0.004 0.003 0.003 0.005 0.003 0.003 0.003 0.005 0.005 0.002 0.917 0.008 0.005 0.003 0.003 0.003 0.005 0.004 
168 QAc-G-0141    (0)   :  0.008 0.068 0.065 0.033 0.010 0.038 0.006 0.012 0.016 0.010 0.013 0.005 0.588 0.055 0.010 0.005 0.008 0.012 0.008 0.030 
169 QAc-G-0142    (0)   :  0.932 0.002 0.004 0.003 0.002 0.004 0.003 0.003 0.003 0.004 0.005 0.002 0.007 0.003 0.008 0.003 0.002 0.003 0.003 0.004 
170 QAc-G-0143    (0)   :  0.005 0.004 0.242 0.003 0.003 0.608 0.005 0.003 0.006 0.007 0.003 0.002 0.002 0.003 0.004 0.005 0.006 0.004 0.003 0.082 
171 QAc-G-0144    (6)   :  0.541 0.004 0.096 0.003 0.006 0.102 0.112 0.008 0.005 0.005 0.005 0.003 0.005 0.063 0.004 0.003 0.004 0.005 0.002 0.023 
172 QAc-G-0145    (0)   :  0.003 0.002 0.003 0.003 0.003 0.003 0.003 0.003 0.935 0.004 0.003 0.003 0.003 0.003 0.003 0.013 0.003 0.003 0.002 0.003 
173 QAc-G-0146    (0)   :  0.002 0.004 0.003 0.003 0.002 0.003 0.002 0.003 0.003 0.004 0.003 0.003 0.003 0.002 0.003 0.003 0.004 0.003 0.944 0.003 
174 QAc-G-0147    (0)   :  0.011 0.005 0.034 0.050 0.006 0.047 0.016 0.012 0.005 0.030 0.007 0.003 0.034 0.113 0.007 0.006 0.008 0.161 0.125 0.318 
175 QAc-G-0148    (0)   :  0.011 0.003 0.007 0.004 0.004 0.009 0.008 0.007 0.003 0.016 0.006 0.003 0.014 0.849 0.006 0.002 0.004 0.007 0.007 0.029 
176 QAc-G-0149    (0)   :  0.003 0.002 0.003 0.003 0.005 0.003 0.005 0.003 0.004 0.004 0.005 0.003 0.005 0.003 0.005 0.004 0.002 0.003 0.933 0.003 
177 QAc-G-0150    (0)   :  0.002 0.003 0.002 0.003 0.003 0.002 0.002 0.003 0.935 0.003 0.002 0.003 0.003 0.003 0.002 0.016 0.003 0.003 0.003 0.003 
178 QAc-G-0151    (0)   :  0.003 0.002 0.003 0.003 0.003 0.003 0.003 0.003 0.003 0.005 0.004 0.003 0.003 0.002 0.006 0.003 0.004 0.002 0.940 0.003 
179 QAc-G-0152    (0)   :  0.002 0.005 0.003 0.003 0.004 0.003 0.003 0.002 0.002 0.005 0.004 0.003 0.002 0.002 0.004 0.002 0.007 0.003 0.936 0.003 
180 QAc-G-0153    (0)   :  0.005 0.002 0.013 0.018 0.006 0.008 0.004 0.048 0.002 0.020 0.004 0.002 0.006 0.005 0.004 0.003 0.002 0.007 0.831 0.009 
181 QAc-G-0154    (0)   :  0.016 0.003 0.007 0.005 0.016 0.006 0.004 0.012 0.013 0.092 0.004 0.003 0.048 0.004 0.004 0.005 0.003 0.004 0.746 0.007 
182 QAc-G-0155    (0)   :  0.002 0.002 0.003 0.003 0.004 0.003 0.002 0.003 0.002 0.005 0.004 0.003 0.003 0.002 0.006 0.003 0.003 0.003 0.941 0.003 
183 QAc-G-0158    (0)   :  0.003 0.003 0.002 0.003 0.002 0.003 0.003 0.003 0.003 0.002 0.003 0.003 0.003 0.003 0.003 0.002 0.003 0.002 0.949 0.003 
184 QAc-G-0159    (0)   :  0.645 0.006 0.032 0.011 0.009 0.030 0.054 0.004 0.011 0.012 0.009 0.011 0.072 0.012 0.004 0.011 0.004 0.009 0.015 0.036 
185 QAc-G-0160    (0)   :  0.002 0.002 0.002 0.002 0.002 0.002 0.002 0.002 0.008 0.002 0.002 0.002 0.003 0.002 0.002 0.951 0.003 0.002 0.002 0.002 
186 QAc-G-0161    (0)   :  0.002 0.002 0.002 0.002 0.002 0.002 0.002 0.003 0.007 0.003 0.002 0.003 0.002 0.002 0.002 0.952 0.002 0.002 0.002 0.002 
187 QAc-G-0162    (0)   :  0.005 0.012 0.022 0.007 0.079 0.019 0.032 0.441 0.084 0.183 0.029 0.007 0.004 0.016 0.007 0.027 0.003 0.007 0.004 0.011 
188 QAc-G-0163    (0)   :  0.010 0.003 0.015 0.005 0.007 0.011 0.008 0.009 0.006 0.015 0.015 0.002 0.004 0.020 0.027 0.825 0.002 0.004 0.002 0.010 
189 QAc-G-0164    (0)   :  0.003 0.013 0.008 0.040 0.002 0.011 0.013 0.002 0.048 0.003 0.009 0.003 0.003 0.003 0.003 0.803 0.004 0.019 0.002 0.007 
190 QAc-G-0165    (0)   :  0.004 0.003 0.003 0.005 0.003 0.004 0.003 0.004 0.886 0.005 0.004 0.002 0.005 0.003 0.004 0.043 0.003 0.005 0.006 0.005 
191 QAc-G-0166    (0)   :  0.003 0.004 0.004 0.003 0.003 0.005 0.005 0.003 0.458 0.008 0.004 0.004 0.003 0.003 0.014 0.463 0.003 0.005 0.003 0.004 
192 QAc-G-0167    (0)   :  0.002 0.003 0.005 0.004 0.005 0.005 0.005 0.004 0.439 0.004 0.005 0.005 0.003 0.011 0.004 0.479 0.004 0.004 0.004 0.005 
193 QAc-G-0168    (0)   :  0.002 0.004 0.002 0.002 0.002 0.003 0.002 0.003 0.089 0.003 0.003 0.006 0.002 0.003 0.003 0.859 0.003 0.002 0.003 0.003 
194 QAc-G-0169    (6)   :  0.172 0.003 0.029 0.006 0.003 0.090 0.019 0.008 0.572 0.003 0.008 0.003 0.004 0.027 0.010 0.004 0.003 0.008 0.003 0.023 
195 QAc-G-0170    (0)   :  0.003 0.003 0.003 0.003 0.003 0.003 0.003 0.003 0.937 0.004 0.003 0.003 0.003 0.004 0.003 0.008 0.003 0.003 0.004 0.003 
196 QAc-G-0171    (0)   :  0.002 0.003 0.002 0.003 0.003 0.002 0.003 0.003 0.006 0.003 0.003 0.003 0.002 0.002 0.003 0.944 0.003 0.004 0.002 0.003 
197 QAc-G-0172    (0)   :  0.657 0.012 0.045 0.010 0.004 0.038 0.026 0.012 0.016 0.004 0.009 0.009 0.016 0.014 0.018 0.010 0.004 0.010 0.013 0.075 
198 QAc-G-0173    (0)   :  0.003 0.003 0.003 0.003 0.003 0.003 0.002 0.470 0.061 0.003 0.003 0.007 0.003 0.002 0.002 0.418 0.004 0.002 0.002 0.003 
199 QAc-G-0174    (0)   :  0.003 0.004 0.003 0.004 0.003 0.003 0.003 0.874 0.034 0.007 0.006 0.005 0.009 0.006 0.006 0.015 0.005 0.003 0.003 0.004 
200 QAc-G-0175    (0)   :  0.002 0.003 0.003 0.003 0.003 0.003 0.002 0.004 0.930 0.003 0.002 0.003 0.003 0.002 0.003 0.022 0.003 0.003 0.002 0.002 
201 QAc-G-0176    (0)   :  0.006 0.010 0.012 0.004 0.053 0.009 0.012 0.004 0.088 0.068 0.011 0.003 0.004 0.004 0.008 0.684 0.006 0.004 0.004 0.007 
202 QAc-G-0177    (0)   :  0.002 0.003 0.003 0.003 0.002 0.003 0.003 0.004 0.935 0.003 0.003 0.003 0.003 0.003 0.003 0.014 0.004 0.002 0.002 0.002 
203 QAc-G-0178    (0)   :  0.003 0.021 0.007 0.135 0.002 0.013 0.026 0.008 0.601 0.003 0.006 0.005 0.004 0.004 0.004 0.095 0.006 0.038 0.010 0.008 
204 QAc-G-0179    (6)   :  0.002 0.003 0.002 0.002 0.002 0.003 0.002 0.004 0.007 0.004 0.002 0.003 0.002 0.002 0.003 0.947 0.003 0.002 0.002 0.003 
205 QAc-G-0180    (0)   :  0.002 0.002 0.002 0.003 0.002 0.002 0.002 0.003 0.019 0.003 0.003 0.002 0.003 0.002 0.002 0.937 0.002 0.003 0.002 0.002 
206 QAc-G-0181    (0)   :  0.003 0.002 0.003 0.005 0.004 0.003 0.005 0.003 0.016 0.003 0.006 0.002 0.003 0.003 0.014 0.915 0.003 0.003 0.003 0.004 
207 QAc-G-0182    (0)   :  0.006 0.003 0.005 0.005 0.003 0.008 0.006 0.373 0.011 0.006 0.006 0.002 0.008 0.007 0.005 0.515 0.003 0.007 0.005 0.015 
208 QAc-G-0183    (6)   :  0.006 0.004 0.008 0.004 0.003 0.010 0.008 0.007 0.154 0.003 0.005 0.004 0.004 0.013 0.004 0.732 0.008 0.004 0.003 0.016 
209 QAc-G-0184    (0)   :  0.004 0.003 0.003 0.003 0.003 0.003 0.002 0.004 0.833 0.004 0.003 0.003 0.004 0.002 0.003 0.112 0.003 0.003 0.003 0.003 
210 QAc-G-0185    (0)   :  0.007 0.004 0.007 0.057 0.004 0.010 0.014 0.026 0.733 0.008 0.007 0.004 0.007 0.004 0.006 0.052 0.005 0.023 0.014 0.009 
211 QAc-G-0186    (0)   :  0.002 0.002 0.003 0.005 0.004 0.003 0.005 0.003 0.004 0.003 0.004 0.002 0.003 0.002 0.009 0.937 0.002 0.003 0.002 0.003 
212 QAc-G-0187    (0)   :  0.003 0.005 0.008 0.026 0.006 0.012 0.044 0.003 0.790 0.005 0.010 0.015 0.003 0.007 0.006 0.016 0.011 0.018 0.003 0.009 
213 QAc-G-0188    (0)   :  0.276 0.003 0.202 0.005 0.025 0.096 0.021 0.006 0.109 0.005 0.019 0.002 0.011 0.015 0.013 0.088 0.004 0.005 0.004 0.091 
214 QAc-G-0189    (0)   :  0.003 0.027 0.004 0.004 0.002 0.005 0.003 0.037 0.826 0.004 0.004 0.014 0.004 0.004 0.002 0.042 0.005 0.003 0.002 0.003 
215 QAc-G-0190    (0)   :  0.002 0.003 0.002 0.003 0.002 0.003 0.003 0.003 0.935 0.003 0.003 0.003 0.003 0.003 0.003 0.013 0.003 0.003 0.003 0.002 
216 QAc-G-0191    (0)   :  0.003 0.003 0.003 0.003 0.003 0.003 0.003 0.003 0.934 0.004 0.003 0.004 0.002 0.003 0.003 0.014 0.003 0.002 0.003 0.003 
217 QAc-G-0192    (0)   :  0.002 0.002 0.002 0.002 0.002 0.002 0.002 0.003 0.006 0.003 0.002 0.003 0.003 0.002 0.002 0.954 0.002 0.002 0.002 0.002 
218 QAc-G-0193    (0)   :  0.003 0.003 0.005 0.005 0.005 0.004 0.005 0.003 0.062 0.007 0.006 0.002 0.004 0.004 0.005 0.857 0.006 0.005 0.006 0.005 
219 QAc-G-0194    (0)   :  0.003 0.004 0.003 0.004 0.003 0.004 0.004 0.003 0.909 0.006 0.004 0.003 0.003 0.004 0.005 0.023 0.006 0.004 0.003 0.004 
220 QAc-G-0195    (0)   :  0.004 0.005 0.005 0.004 0.009 0.006 0.004 0.767 0.027 0.005 0.009 0.025 0.004 0.002 0.012 0.085 0.013 0.003 0.002 0.007 
221 QAc-G-0196    (0)   :  0.002 0.004 0.003 0.003 0.003 0.004 0.004 0.350 0.384 0.004 0.006 0.013 0.002 0.005 0.004 0.194 0.004 0.003 0.002 0.004 
222 QAc-G-0197    (0)   :  0.002 0.003 0.002 0.002 0.002 0.002 0.002 0.003 0.005 0.003 0.002 0.002 0.003 0.002 0.002 0.955 0.002 0.002 0.002 0.002 
223 QAc-G-0198    (0)   :  0.003 0.004 0.005 0.003 0.004 0.005 0.005 0.005 0.045 0.008 0.008 0.004 0.003 0.005 0.005 0.870 0.003 0.004 0.006 0.006 
224 QAc-G-0199    (0)   :  0.003 0.011 0.005 0.090 0.010 0.007 0.006 0.013 0.807 0.004 0.005 0.002 0.003 0.003 0.003 0.004 0.003 0.007 0.008 0.005 
225 QAc-G-0200    (0)   :  0.002 0.003 0.003 0.004 0.004 0.004 0.004 0.004 0.907 0.009 0.005 0.003 0.003 0.004 0.008 0.019 0.004 0.004 0.002 0.003 
226 QAc-G-0201    (0)   :  0.002 0.003 0.007 0.004 0.003 0.008 0.007 0.420 0.159 0.004 0.007 0.004 0.003 0.010 0.004 0.336 0.005 0.004 0.002 0.009 
227 QAc-G-0202    (6)   :  0.004 0.008 0.004 0.003 0.004 0.004 0.003 0.374 0.482 0.004 0.004 0.013 0.007 0.005 0.003 0.063 0.007 0.003 0.003 0.003 
228 QAc-G-0203    (0)   :  0.003 0.007 0.004 0.002 0.002 0.006 0.003 0.003 0.016 0.004 0.004 0.004 0.003 0.003 0.002 0.909 0.010 0.002 0.002 0.011 
229 QAc-G-0204    (0)   :  0.002 0.003 0.003 0.003 0.004 0.003 0.003 0.003 0.934 0.004 0.004 0.005 0.002 0.003 0.003 0.009 0.003 0.002 0.002 0.003 
230 QAc-G-0205    (0)   :  0.002 0.004 0.002 0.002 0.002 0.002 0.002 0.002 0.002 0.002 0.002 0.957 0.002 0.002 0.002 0.003 0.004 0.002 0.002 0.002 
231 QAc-G-0206    (0)   :  0.033 0.018 0.157 0.005 0.042 0.045 0.016 0.004 0.003 0.005 0.014 0.531 0.005 0.009 0.007 0.002 0.013 0.005 0.003 0.084 
232 QAc-G-0207    (0)   :  0.003 0.919 0.004 0.005 0.005 0.004 0.003 0.003 0.005 0.003 0.005 0.007 0.004 0.004 0.004 0.004 0.006 0.004 0.003 0.004 
233 QAc-G-0208    (0)   :  0.002 0.004 0.003 0.004 0.002 0.003 0.003 0.003 0.004 0.003 0.003 0.941 0.002 0.003 0.003 0.002 0.008 0.002 0.003 0.003 
234 QAc-G-0209    (0)   :  0.002 0.007 0.003 0.004 0.002 0.003 0.003 0.004 0.004 0.003 0.003 0.938 0.002 0.003 0.002 0.003 0.005 0.003 0.002 0.003 
235 QAc-G-0210    (0)   :  0.005 0.169 0.005 0.004 0.003 0.007 0.005 0.003 0.003 0.003 0.005 0.241 0.008 0.004 0.003 0.003 0.519 0.004 0.002 0.006 
236 QAc-G-0211    (0)   :  0.002 0.925 0.003 0.003 0.002 0.005 0.003 0.002 0.003 0.003 0.004 0.006 0.006 0.003 0.003 0.002 0.017 0.002 0.002 0.004 
237 QAc-G-0212    (0)   :  0.002 0.058 0.003 0.004 0.003 0.004 0.003 0.004 0.005 0.005 0.003 0.445 0.003 0.003 0.003 0.006 0.435 0.003 0.003 0.004 
238 QAc-G-0213    (0)   :  0.002 0.373 0.006 0.004 0.007 0.005 0.004 0.003 0.005 0.005 0.007 0.040 0.004 0.004 0.010 0.006 0.504 0.004 0.003 0.005 
239 QAc-G-0214    (0)   :  0.002 0.003 0.002 0.002 0.002 0.002 0.002 0.003 0.003 0.002 0.003 0.952 0.002 0.002 0.002 0.003 0.005 0.002 0.002 0.002 
240 QAc-G-0215    (0)   :  0.006 0.765 0.017 0.008 0.004 0.010 0.004 0.003 0.003 0.003 0.006 0.046 0.003 0.007 0.016 0.003 0.072 0.006 0.002 0.014 
241 QAc-G-0216    (0)   :  0.118 0.035 0.249 0.006 0.008 0.074 0.044 0.224 0.025 0.005 0.006 0.076 0.009 0.022 0.019 0.011 0.026 0.004 0.004 0.035 
242 QAc-G-0217    (0)   :  0.005 0.028 0.006 0.010 0.003 0.005 0.005 0.005 0.003 0.003 0.006 0.012 0.003 0.005 0.004 0.002 0.879 0.006 0.007 0.005 
243 QAc-G-0218    (0)   :  0.002 0.016 0.004 0.005 0.004 0.005 0.004 0.003 0.004 0.003 0.005 0.005 0.002 0.003 0.004 0.003 0.915 0.004 0.003 0.006 
244 QAc-G-0219    (0)   :  0.014 0.156 0.013 0.004 0.026 0.015 0.008 0.005 0.010 0.012 0.007 0.005 0.007 0.004 0.004 0.004 0.682 0.004 0.006 0.012 
245 QAc-G-0220    (0)   :  0.002 0.005 0.007 0.004 0.002 0.012 0.006 0.002 0.003 0.003 0.003 0.005 0.003 0.003 0.003 0.002 0.906 0.003 0.003 0.023 
246 QAc-G-0221    (0)   :  0.003 0.004 0.004 0.014 0.005 0.004 0.005 0.007 0.003 0.003 0.005 0.009 0.004 0.004 0.004 0.004 0.902 0.008 0.004 0.006 
247 QAc-G-0222    (0)   :  0.002 0.004 0.003 0.003 0.003 0.003 0.003 0.003 0.003 0.003 0.003 0.937 0.003 0.003 0.004 0.003 0.009 0.003 0.002 0.003 
248 QAc-G-0223    (0)   :  0.004 0.016 0.004 0.005 0.003 0.003 0.003 0.003 0.003 0.004 0.003 0.022 0.003 0.003 0.003 0.002 0.906 0.004 0.003 0.004 
249 QAc-G-0224    (0)   :  0.004 0.564 0.005 0.004 0.003 0.007 0.008 0.005 0.027 0.004 0.005 0.036 0.003 0.019 0.003 0.004 0.290 0.004 0.003 0.005 
250 QAc-G-0226    (0)   :  0.003 0.004 0.003 0.003 0.003 0.003 0.003 0.002 0.003 0.003 0.003 0.939 0.003 0.002 0.003 0.003 0.009 0.003 0.003 0.003 
251 QAc-G-0227    (0)   :  0.003 0.002 0.003 0.003 0.004 0.003 0.004 0.003 0.003 0.936 0.004 0.003 0.004 0.003 0.004 0.003 0.003 0.003 0.006 0.003 
252 QAc-G-0228    (6)   :  0.004 0.007 0.007 0.010 0.636 0.007 0.004 0.003 0.005 0.270 0.010 0.004 0.004 0.003 0.005 0.004 0.004 0.005 0.004 0.004 
253 QAc-G-0229    (0)   :  0.007 0.007 0.010 0.010 0.006 0.011 0.006 0.005 0.006 0.865 0.010 0.006 0.006 0.006 0.009 0.004 0.004 0.008 0.004 0.008 
254 QAc-G-0230    (0)   :  0.014 0.004 0.052 0.006 0.279 0.013 0.009 0.006 0.007 0.015 0.285 0.026 0.009 0.006 0.228 0.008 0.012 0.005 0.003 0.011 
255 QAc-G-0231    (0)   :  0.002 0.790 0.003 0.002 0.002 0.003 0.003 0.003 0.005 0.003 0.003 0.062 0.004 0.004 0.003 0.006 0.094 0.003 0.003 0.003 
256 QAc-G-0232    (0)   :  0.005 0.003 0.015 0.014 0.814 0.016 0.015 0.003 0.003 0.025 0.026 0.003 0.005 0.010 0.011 0.003 0.005 0.007 0.006 0.012 
257 QAc-G-0233    (0)   :  0.003 0.024 0.099 0.045 0.051 0.045 0.007 0.003 0.004 0.004 0.634 0.005 0.003 0.005 0.019 0.004 0.008 0.020 0.004 0.013 
258 QAc-G-0234    (0)   :  0.003 0.003 0.005 0.006 0.005 0.005 0.006 0.008 0.007 0.886 0.022 0.004 0.005 0.004 0.008 0.007 0.003 0.006 0.004 0.004 
259 QAc-G-0235    (0)   :  0.796 0.008 0.013 0.015 0.004 0.014 0.004 0.025 0.004 0.006 0.007 0.007 0.012 0.008 0.006 0.003 0.004 0.006 0.003 0.056 
260 QAc-G-0236    (0)   :  0.005 0.003 0.004 0.006 0.868 0.005 0.003 0.007 0.005 0.024 0.006 0.005 0.012 0.004 0.007 0.007 0.006 0.005 0.010 0.007 
261 QAc-G-0237    (0)   :  0.006 0.004 0.009 0.012 0.013 0.017 0.007 0.008 0.007 0.718 0.011 0.006 0.010 0.010 0.014 0.022 0.059 0.013 0.019 0.036 
262 QAc-G-0238    (0)   :  0.003 0.009 0.006 0.005 0.663 0.007 0.004 0.004 0.007 0.191 0.041 0.003 0.006 0.004 0.012 0.006 0.008 0.006 0.009 0.005 
263 QAc-G-0239    (0)   :  0.003 0.003 0.004 0.003 0.942 0.003 0.003 0.003 0.002 0.004 0.004 0.002 0.003 0.002 0.003 0.003 0.002 0.003 0.002 0.003 
264 QAc-G-0240    (0)   :  0.004 0.002 0.004 0.004 0.004 0.003 0.004 0.002 0.003 0.937 0.004 0.002 0.003 0.003 0.004 0.002 0.002 0.004 0.004 0.004 
265 QAc-G-0241    (0)   :  0.020 0.003 0.165 0.020 0.126 0.138 0.006 0.022 0.006 0.070 0.161 0.005 0.008 0.015 0.037 0.010 0.008 0.015 0.006 0.158 
266 QAc-G-0242    (0)   :  0.002 0.005 0.094 0.004 0.067 0.007 0.008 0.003 0.003 0.005 0.733 0.004 0.003 0.006 0.027 0.003 0.005 0.005 0.006 0.008 
267 QAc-G-0243    (0)   :  0.006 0.007 0.069 0.019 0.077 0.060 0.026 0.005 0.003 0.015 0.336 0.005 0.008 0.008 0.069 0.003 0.015 0.071 0.039 0.160 
268 QAc-G-0244    (0)   :  0.007 0.003 0.007 0.004 0.003 0.007 0.005 0.004 0.003 0.907 0.004 0.003 0.005 0.004 0.003 0.004 0.006 0.003 0.003 0.015 
269 QAc-G-0245    (0)   :  0.004 0.003 0.004 0.004 0.005 0.004 0.003 0.004 0.004 0.911 0.008 0.003 0.004 0.003 0.013 0.003 0.004 0.004 0.007 0.004 
270 QAc-G-0246    (0)   :  0.003 0.003 0.003 0.003 0.948 0.003 0.002 0.002 0.003 0.003 0.004 0.002 0.003 0.003 0.003 0.003 0.002 0.003 0.003 0.003 
271 QAc-G-0247    (0)   :  0.003 0.003 0.003 0.003 0.949 0.003 0.002 0.002 0.002 0.004 0.004 0.002 0.003 0.002 0.003 0.002 0.002 0.003 0.002 0.003 
272 QAc-G-0248    (0)   :  0.008 0.004 0.016 0.004 0.151 0.009 0.005 0.003 0.003 0.351 0.034 0.003 0.004 0.006 0.382 0.003 0.003 0.003 0.003 0.006 
273 QAc-G-0249    (0)   :  0.012 0.003 0.019 0.112 0.003 0.023 0.068 0.005 0.013 0.008 0.013 0.010 0.003 0.005 0.031 0.010 0.007 0.636 0.002 0.015 
274 QAc-G-0025    (0)   :  0.002 0.003 0.002 0.002 0.003 0.002 0.003 0.002 0.003 0.003 0.003 0.950 0.002 0.002 0.003 0.003 0.005 0.002 0.002 0.002 
275 QAc-G-0028    (0)   :  0.003 0.010 0.087 0.017 0.060 0.015 0.008 0.004 0.006 0.031 0.682 0.008 0.007 0.003 0.019 0.010 0.006 0.011 0.005 0.008 
276 QAc-G-0275    (0)   :  0.003 0.925 0.004 0.003 0.006 0.003 0.003 0.004 0.008 0.002 0.004 0.008 0.003 0.002 0.003 0.006 0.007 0.002 0.002 0.003 
277 QAc-G-0263    (0)   :  0.008 0.007 0.019 0.021 0.004 0.020 0.418 0.389 0.027 0.004 0.007 0.007 0.005 0.011 0.004 0.007 0.006 0.018 0.003 0.015 
278 QAc-W-0001    (0)   :  0.008 0.002 0.005 0.005 0.004 0.005 0.004 0.002 0.002 0.011 0.013 0.003 0.008 0.003 0.888 0.002 0.004 0.003 0.020 0.006 
279 QAc-W-0002    (0)   :  0.018 0.004 0.023 0.010 0.375 0.029 0.008 0.005 0.026 0.251 0.077 0.003 0.034 0.011 0.036 0.016 0.004 0.043 0.003 0.023 
280 QAc-W-0003    (0)   :  0.011 0.016 0.030 0.006 0.009 0.011 0.005 0.020 0.004 0.006 0.016 0.007 0.009 0.013 0.755 0.006 0.055 0.004 0.008 0.009 
281 QAc-W-0004    (0)   :  0.003 0.003 0.004 0.004 0.004 0.003 0.005 0.003 0.004 0.008 0.007 0.006 0.003 0.003 0.917 0.004 0.007 0.003 0.003 0.003 
282 QAc-W-0005    (0)   :  0.004 0.002 0.005 0.006 0.003 0.004 0.005 0.004 0.004 0.006 0.005 0.003 0.003 0.003 0.922 0.003 0.003 0.004 0.004 0.006 
283 QAc-W-0006    (0)   :  0.004 0.002 0.004 0.004 0.003 0.005 0.006 0.003 0.004 0.005 0.008 0.004 0.007 0.003 0.913 0.004 0.006 0.005 0.004 0.005 
284 QAc-W-0007   (13)   :  0.004 0.003 0.005 0.008 0.007 0.005 0.005 0.004 0.005 0.011 0.009 0.003 0.005 0.004 0.902 0.003 0.005 0.005 0.004 0.004 
285 QAc-W-0008    (6)   :  0.006 0.003 0.012 0.026 0.007 0.020 0.006 0.003 0.004 0.019 0.020 0.002 0.005 0.017 0.825 0.004 0.003 0.005 0.003 0.012 
286 QAc-W-0009    (0)   :  0.065 0.006 0.049 0.007 0.388 0.069 0.007 0.004 0.014 0.017 0.023 0.003 0.111 0.017 0.032 0.015 0.008 0.031 0.005 0.130 
287 QAc-W-0010    (0)   :  0.006 0.004 0.016 0.032 0.010 0.020 0.058 0.012 0.007 0.006 0.069 0.003 0.022 0.011 0.649 0.004 0.004 0.031 0.013 0.022 
288 QAc-W-0011    (0)   :  0.016 0.005 0.027 0.010 0.086 0.039 0.023 0.009 0.042 0.044 0.037 0.005 0.017 0.008 0.538 0.030 0.014 0.004 0.009 0.036 
289 QAc-W-0012    (0)   :  0.007 0.005 0.016 0.006 0.043 0.023 0.009 0.004 0.028 0.099 0.285 0.006 0.005 0.009 0.399 0.019 0.004 0.012 0.009 0.013 
290 QAc-W-0013    (0)   :  0.014 0.045 0.014 0.006 0.139 0.016 0.006 0.004 0.013 0.113 0.039 0.041 0.451 0.005 0.022 0.006 0.042 0.006 0.004 0.013 
291 QAc-W-0014    (0)   :  0.003 0.003 0.011 0.035 0.014 0.007 0.010 0.008 0.003 0.015 0.057 0.004 0.005 0.004 0.778 0.003 0.004 0.023 0.005 0.008 
292 QAc-W-0015    (0)   :  0.008 0.031 0.011 0.024 0.018 0.010 0.006 0.045 0.016 0.670 0.024 0.012 0.033 0.003 0.014 0.011 0.030 0.014 0.003 0.016 
293 QAc-W-0016    (0)   :  0.010 0.004 0.013 0.012 0.006 0.017 0.073 0.016 0.007 0.003 0.027 0.016 0.003 0.046 0.708 0.002 0.013 0.009 0.003 0.013 
294 QAc-W-0017    (0)   :  0.020 0.038 0.187 0.057 0.006 0.123 0.022 0.071 0.010 0.171 0.022 0.004 0.028 0.008 0.019 0.009 0.038 0.087 0.007 0.073 
295 QAc-W-0018    (0)   :  0.010 0.013 0.057 0.020 0.015 0.042 0.365 0.003 0.003 0.009 0.049 0.010 0.016 0.037 0.262 0.003 0.044 0.006 0.007 0.029 
296 QAc-W-0019    (0)   :  0.012 0.005 0.009 0.011 0.005 0.008 0.008 0.004 0.005 0.010 0.020 0.008 0.006 0.004 0.855 0.004 0.006 0.009 0.004 0.009 
297 QAc-W-0020    (0)   :  0.006 0.002 0.060 0.003 0.005 0.029 0.010 0.003 0.003 0.006 0.062 0.003 0.004 0.005 0.721 0.003 0.003 0.006 0.050 0.019 
298 QAc-W-0021    (0)   :  0.032 0.008 0.055 0.008 0.013 0.044 0.329 0.003 0.013 0.008 0.054 0.105 0.008 0.006 0.253 0.006 0.011 0.011 0.008 0.026 
299 QAc-W-0022    (0)   :  0.010 0.006 0.110 0.043 0.012 0.097 0.224 0.033 0.012 0.198 0.054 0.018 0.018 0.006 0.035 0.006 0.013 0.049 0.005 0.051 
300 QAc-W-0023    (6)   :  0.026 0.004 0.102 0.015 0.021 0.100 0.011 0.004 0.003 0.063 0.071 0.017 0.092 0.007 0.145 0.003 0.011 0.068 0.032 0.204 
301 QAc-W-0024    (0)   :  0.009 0.026 0.093 0.014 0.003 0.063 0.029 0.004 0.042 0.019 0.035 0.031 0.007 0.005 0.461 0.024 0.079 0.012 0.006 0.037 
302 QAc-W-0025    (0)   :  0.006 0.009 0.024 0.014 0.104 0.020 0.009 0.003 0.006 0.172 0.259 0.004 0.005 0.009 0.323 0.005 0.004 0.004 0.004 0.014 
303 QAc-W-0026    (0)   :  0.007 0.006 0.016 0.032 0.003 0.027 0.009 0.015 0.098 0.018 0.268 0.018 0.009 0.008 0.356 0.018 0.028 0.025 0.027 0.013 
304 QAc-W-0027    (0)   :  0.008 0.003 0.006 0.011 0.009 0.012 0.009 0.003 0.010 0.487 0.049 0.003 0.009 0.007 0.345 0.004 0.005 0.008 0.003 0.009 
305 QAc-W-0028    (0)   :  0.008 0.003 0.036 0.005 0.024 0.021 0.004 0.006 0.010 0.060 0.025 0.003 0.033 0.004 0.715 0.004 0.003 0.010 0.003 0.023 
306 QAc-W-0029    (0)   :  0.007 0.010 0.065 0.006 0.075 0.016 0.010 0.003 0.004 0.084 0.491 0.005 0.023 0.014 0.148 0.003 0.003 0.004 0.007 0.022 
307 QAc-W-0030    (0)   :  0.006 0.004 0.057 0.004 0.302 0.021 0.007 0.009 0.011 0.050 0.372 0.005 0.012 0.021 0.052 0.014 0.005 0.005 0.017 0.028 
308 QAc-W-0031    (0)   :  0.005 0.020 0.007 0.004 0.009 0.008 0.004 0.003 0.004 0.025 0.092 0.040 0.011 0.004 0.725 0.005 0.019 0.004 0.003 0.007 
309 QAc-W-0032    (0)   :  0.003 0.002 0.027 0.005 0.024 0.009 0.008 0.002 0.002 0.017 0.302 0.004 0.003 0.004 0.517 0.002 0.006 0.011 0.037 0.013 
310 QAc-W-0033    (0)   :  0.003 0.015 0.082 0.009 0.007 0.123 0.014 0.009 0.004 0.013 0.455 0.006 0.016 0.026 0.111 0.007 0.005 0.031 0.016 0.049 
311 QAc-W-0034    (0)   :  0.021 0.003 0.015 0.011 0.017 0.011 0.006 0.003 0.004 0.163 0.373 0.004 0.027 0.008 0.301 0.006 0.004 0.011 0.005 0.009 
312 QAc-W-0035    (0)   :  0.006 0.003 0.021 0.034 0.125 0.056 0.128 0.010 0.016 0.237 0.069 0.008 0.005 0.069 0.094 0.009 0.043 0.025 0.005 0.035 
313 QAc-W-0036    (0)   :  0.008 0.003 0.010 0.007 0.008 0.012 0.005 0.004 0.004 0.161 0.142 0.004 0.021 0.005 0.525 0.004 0.004 0.009 0.053 0.013 
314 QAc-W-0037    (0)   :  0.004 0.008 0.008 0.006 0.008 0.008 0.007 0.003 0.029 0.772 0.042 0.015 0.005 0.007 0.025 0.012 0.009 0.005 0.016 0.011 
315 QAc-W-0038    (0)   :  0.009 0.004 0.247 0.007 0.017 0.098 0.010 0.021 0.008 0.087 0.055 0.004 0.006 0.010 0.266 0.009 0.005 0.009 0.016 0.112 
316 QAc-W-0039    (0)   :  0.005 0.005 0.006 0.007 0.006 0.007 0.004 0.012 0.011 0.079 0.338 0.004 0.021 0.004 0.399 0.053 0.014 0.007 0.010 0.008 
317 QAc-W-0040    (0)   :  0.004 0.006 0.018 0.025 0.003 0.020 0.007 0.005 0.009 0.010 0.020 0.003 0.003 0.004 0.637 0.008 0.012 0.162 0.012 0.033 
318 QAc-W-0041    (0)   :  0.024 0.059 0.030 0.021 0.037 0.039 0.015 0.004 0.027 0.051 0.198 0.007 0.073 0.032 0.206 0.012 0.126 0.008 0.004 0.025 
319 QAc-W-0042    (0)   :  0.006 0.006 0.005 0.005 0.004 0.004 0.004 0.003 0.004 0.008 0.007 0.002 0.875 0.007 0.005 0.006 0.004 0.005 0.033 0.006 
320 QAc-W-0043    (0)   :  0.012 0.005 0.006 0.004 0.003 0.005 0.003 0.012 0.006 0.017 0.003 0.002 0.891 0.006 0.004 0.005 0.004 0.004 0.004 0.006 
321 QAc-W-0044    (0)   :  0.005 0.005 0.006 0.042 0.008 0.008 0.007 0.038 0.017 0.016 0.009 0.003 0.752 0.005 0.007 0.007 0.003 0.015 0.041 0.007 
322 QAc-W-0045    (0)   :  0.013 0.004 0.009 0.005 0.006 0.007 0.007 0.003 0.004 0.012 0.004 0.003 0.789 0.099 0.005 0.004 0.005 0.004 0.010 0.007 
323 QAc-W-0046    (0)   :  0.004 0.004 0.004 0.005 0.005 0.003 0.005 0.003 0.006 0.010 0.004 0.005 0.908 0.004 0.005 0.005 0.005 0.004 0.007 0.004 
324 QAc-W-0047    (0)   :  0.012 0.002 0.004 0.007 0.006 0.005 0.003 0.043 0.004 0.013 0.005 0.004 0.857 0.004 0.005 0.005 0.002 0.006 0.006 0.005 
325 QAc-W-0048    (0)   :  0.033 0.003 0.012 0.003 0.003 0.011 0.012 0.003 0.002 0.005 0.008 0.007 0.836 0.007 0.012 0.003 0.003 0.005 0.020 0.011 
326 QAc-W-0049    (0)   :  0.064 0.004 0.007 0.003 0.003 0.012 0.006 0.003 0.002 0.006 0.005 0.006 0.785 0.004 0.004 0.003 0.003 0.005 0.069 0.007 
327 QAc-W-0050    (0)   :  0.083 0.002 0.009 0.004 0.006 0.013 0.030 0.004 0.006 0.011 0.006 0.006 0.047 0.726 0.003 0.003 0.003 0.021 0.005 0.012 
328 QAc-W-0051    (0)   :  0.005 0.004 0.005 0.004 0.005 0.005 0.005 0.011 0.009 0.004 0.011 0.004 0.014 0.855 0.005 0.006 0.004 0.004 0.024 0.016 
329 QAc-W-0052    (0)   :  0.003 0.002 0.003 0.003 0.006 0.003 0.004 0.003 0.004 0.005 0.005 0.003 0.005 0.003 0.004 0.004 0.002 0.003 0.931 0.003 
330 QAc-W-0053    (0)   :  0.310 0.002 0.006 0.006 0.007 0.008 0.008 0.004 0.003 0.006 0.010 0.003 0.571 0.020 0.007 0.003 0.004 0.008 0.006 0.008 
331 QAc-W-0054    (0)   :  0.003 0.003 0.009 0.010 0.005 0.015 0.432 0.023 0.021 0.005 0.006 0.004 0.083 0.235 0.004 0.093 0.005 0.014 0.015 0.014 
332 QAc-W-0055    (0)   :  0.003 0.005 0.007 0.014 0.003 0.008 0.009 0.017 0.119 0.004 0.005 0.029 0.017 0.571 0.005 0.151 0.008 0.009 0.004 0.011 
333 QAc-W-0056    (0)   :  0.004 0.003 0.036 0.014 0.043 0.026 0.017 0.008 0.007 0.023 0.024 0.005 0.005 0.667 0.054 0.004 0.018 0.009 0.009 0.025 
334 QAc-W-0057    (0)   :  0.029 0.008 0.024 0.013 0.004 0.016 0.013 0.140 0.005 0.017 0.006 0.028 0.015 0.637 0.006 0.005 0.007 0.007 0.007 0.013 
335 QAc-W-0058    (0)   :  0.032 0.006 0.015 0.003 0.005 0.010 0.006 0.008 0.005 0.004 0.005 0.082 0.035 0.710 0.005 0.011 0.028 0.003 0.013 0.014 
336 QAc-W-0059    (0)   :  0.918 0.002 0.003 0.004 0.002 0.003 0.003 0.004 0.004 0.004 0.003 0.003 0.025 0.003 0.004 0.004 0.002 0.003 0.004 0.003 
337 QAc-W-0060    (0)   :  0.007 0.003 0.006 0.006 0.008 0.010 0.003 0.785 0.009 0.056 0.004 0.002 0.005 0.008 0.004 0.015 0.004 0.011 0.034 0.020 
338 QAc-W-0061    (0)   :  0.025 0.013 0.015 0.022 0.003 0.019 0.010 0.623 0.111 0.034 0.012 0.012 0.014 0.008 0.015 0.018 0.003 0.020 0.003 0.020 
339 QAc-W-0062    (0)   :  0.003 0.007 0.005 0.010 0.003 0.005 0.003 0.872 0.009 0.004 0.003 0.003 0.003 0.003 0.003 0.008 0.014 0.009 0.017 0.016 
340 QAc-W-0063    (0)   :  0.004 0.005 0.012 0.008 0.008 0.017 0.014 0.747 0.012 0.006 0.017 0.005 0.006 0.009 0.017 0.013 0.016 0.026 0.013 0.045 
341 QAc-W-0064    (0)   :  0.004 0.007 0.012 0.008 0.019 0.011 0.008 0.796 0.032 0.007 0.009 0.004 0.004 0.011 0.012 0.010 0.009 0.011 0.005 0.018 
342 QAc-W-0065    (0)   :  0.008 0.004 0.014 0.028 0.004 0.014 0.021 0.698 0.009 0.018 0.005 0.007 0.006 0.118 0.007 0.003 0.006 0.011 0.005 0.014 
343 QAc-W-0066    (0)   :  0.002 0.003 0.002 0.003 0.003 0.002 0.003 0.003 0.017 0.003 0.003 0.004 0.003 0.002 0.003 0.935 0.003 0.002 0.002 0.003 
344 QAc-W-0067    (0)   :  0.002 0.003 0.002 0.002 0.002 0.002 0.002 0.003 0.020 0.003 0.002 0.003 0.003 0.002 0.002 0.936 0.003 0.002 0.003 0.002 
345 QAc-W-0068    (0)   :  0.002 0.002 0.002 0.002 0.003 0.002 0.003 0.004 0.006 0.003 0.003 0.003 0.002 0.002 0.002 0.949 0.002 0.002 0.002 0.002 
346 QAc-W-0069    (0)   :  0.002 0.002 0.002 0.002 0.003 0.003 0.003 0.004 0.005 0.003 0.003 0.003 0.002 0.002 0.003 0.946 0.003 0.002 0.002 0.002 
347 QAc-W-0070    (0)   :  0.002 0.002 0.002 0.003 0.002 0.003 0.002 0.326 0.010 0.003 0.002 0.003 0.002 0.003 0.002 0.623 0.002 0.003 0.002 0.002 
348 QAc-W-0071    (6)   :  0.004 0.006 0.004 0.004 0.004 0.005 0.006 0.619 0.246 0.006 0.004 0.009 0.005 0.003 0.003 0.055 0.005 0.004 0.003 0.004 
349 QAc-W-0072    (0)   :  0.003 0.003 0.012 0.079 0.004 0.011 0.019 0.709 0.005 0.005 0.013 0.004 0.004 0.021 0.031 0.003 0.007 0.052 0.003 0.011 
350 QAc-W-0073    (0)   :  0.063 0.006 0.020 0.008 0.006 0.011 0.008 0.798 0.004 0.006 0.005 0.004 0.011 0.009 0.010 0.003 0.004 0.005 0.005 0.012 
351 QAc-W-0074    (0)   :  0.003 0.002 0.003 0.004 0.003 0.003 0.004 0.932 0.005 0.005 0.004 0.004 0.002 0.003 0.005 0.004 0.005 0.004 0.003 0.003 
352 QAc-W-0075    (0)   :  0.003 0.003 0.004 0.003 0.003 0.004 0.005 0.908 0.011 0.003 0.003 0.006 0.003 0.003 0.003 0.023 0.004 0.003 0.002 0.003 
353 QAc-W-0076    (0)   :  0.004 0.003 0.006 0.026 0.003 0.005 0.006 0.882 0.005 0.003 0.004 0.009 0.004 0.005 0.003 0.003 0.004 0.016 0.002 0.005 
354 QAc-W-0077    (0)   :  0.004 0.004 0.005 0.006 0.003 0.006 0.004 0.639 0.157 0.009 0.007 0.003 0.041 0.024 0.006 0.063 0.005 0.005 0.004 0.005 
355 QAc-W-0078    (0)   :  0.004 0.024 0.032 0.036 0.011 0.121 0.024 0.004 0.061 0.014 0.096 0.139 0.006 0.011 0.019 0.031 0.238 0.047 0.009 0.073 
356 QAc-W-0079    (6)   :  0.004 0.003 0.004 0.006 0.004 0.005 0.004 0.005 0.011 0.009 0.006 0.892 0.006 0.005 0.007 0.013 0.005 0.005 0.003 0.004 
357 QAc-W-0080   (13)   :  0.006 0.004 0.007 0.003 0.004 0.006 0.004 0.003 0.003 0.003 0.028 0.883 0.003 0.003 0.024 0.004 0.005 0.003 0.002 0.004 
358 QAc-W-0081    (0)   :  0.003 0.456 0.006 0.004 0.009 0.005 0.004 0.005 0.005 0.003 0.011 0.047 0.006 0.004 0.008 0.003 0.392 0.005 0.014 0.009 
359 QAc-W-0082    (0)   :  0.004 0.282 0.008 0.008 0.004 0.006 0.006 0.005 0.003 0.006 0.007 0.006 0.003 0.524 0.004 0.003 0.109 0.005 0.002 0.005 
360 QAc-W-0083    (0)   :  0.004 0.005 0.005 0.012 0.005 0.004 0.003 0.013 0.007 0.006 0.005 0.007 0.005 0.005 0.006 0.006 0.883 0.007 0.006 0.005 
361 QAc-W-0084    (0)   :  0.004 0.037 0.003 0.003 0.004 0.004 0.003 0.004 0.007 0.004 0.004 0.008 0.004 0.003 0.004 0.005 0.888 0.003 0.004 0.004 
362 QAc-W-0085    (0)   :  0.002 0.949 0.002 0.003 0.002 0.002 0.002 0.003 0.004 0.002 0.002 0.003 0.002 0.002 0.002 0.003 0.005 0.002 0.003 0.002 
363 QAc-W-0086    (0)   :  0.003 0.861 0.005 0.012 0.003 0.006 0.005 0.003 0.005 0.004 0.009 0.006 0.004 0.004 0.008 0.004 0.040 0.011 0.003 0.005 
364 QAc-W-0087    (0)   :  0.011 0.177 0.006 0.010 0.003 0.009 0.005 0.003 0.005 0.004 0.009 0.023 0.008 0.005 0.004 0.005 0.686 0.016 0.003 0.008 
365 QAc-W-0088    (0)   :  0.020 0.006 0.006 0.003 0.003 0.009 0.007 0.003 0.004 0.004 0.003 0.008 0.003 0.005 0.003 0.003 0.901 0.003 0.003 0.005 
366 QAc-W-0089    (0)   :  0.003 0.043 0.007 0.003 0.013 0.007 0.011 0.005 0.014 0.006 0.017 0.086 0.010 0.016 0.006 0.009 0.731 0.004 0.004 0.007 
367 QAc-W-0090    (0)   :  0.004 0.064 0.007 0.004 0.014 0.007 0.009 0.003 0.012 0.006 0.017 0.031 0.010 0.014 0.005 0.006 0.771 0.005 0.004 0.008 
368 QAc-W-0091    (0)   :  0.009 0.059 0.010 0.016 0.003 0.016 0.016 0.004 0.004 0.004 0.014 0.044 0.004 0.009 0.005 0.004 0.745 0.012 0.005 0.019 
369 QAc-W-0092    (0)   :  0.006 0.154 0.009 0.007 0.009 0.013 0.008 0.004 0.006 0.026 0.078 0.010 0.012 0.005 0.041 0.008 0.449 0.006 0.142 0.008 
370 QAc-W-0093    (0)   :  0.017 0.058 0.159 0.020 0.076 0.082 0.006 0.004 0.003 0.005 0.012 0.232 0.003 0.013 0.013 0.002 0.155 0.011 0.004 0.125 
371 QAc-W-0094    (0)   :  0.005 0.004 0.016 0.008 0.009 0.008 0.010 0.009 0.003 0.005 0.018 0.004 0.006 0.007 0.031 0.002 0.796 0.007 0.036 0.015 
372 QAc-W-0095    (0)   :  0.003 0.003 0.004 0.004 0.005 0.004 0.004 0.005 0.003 0.004 0.006 0.016 0.004 0.004 0.007 0.003 0.905 0.003 0.009 0.005 
373 QAc-W-0096    (0)   :  0.008 0.006 0.020 0.009 0.006 0.011 0.013 0.018 0.007 0.003 0.015 0.005 0.007 0.010 0.019 0.003 0.778 0.005 0.041 0.016 
374 QAc-W-0097    (0)   :  0.056 0.024 0.030 0.006 0.008 0.039 0.008 0.005 0.011 0.052 0.018 0.047 0.021 0.016 0.021 0.005 0.492 0.004 0.004 0.133 
375 QAc-W-0098    (0)   :  0.007 0.007 0.005 0.003 0.004 0.005 0.009 0.002 0.003 0.004 0.004 0.064 0.003 0.004 0.004 0.003 0.859 0.003 0.004 0.004 
376 QAc-W-0099    (0)   :  0.005 0.530 0.013 0.017 0.013 0.016 0.241 0.003 0.005 0.013 0.019 0.005 0.010 0.008 0.005 0.004 0.059 0.014 0.006 0.015 
377 QAc-W-0100    (0)   :  0.003 0.007 0.005 0.003 0.003 0.005 0.032 0.003 0.003 0.003 0.003 0.007 0.002 0.005 0.003 0.003 0.900 0.003 0.002 0.004 
378 QAc-W-0101    (0)   :  0.003 0.162 0.005 0.007 0.002 0.006 0.007 0.011 0.040 0.007 0.008 0.021 0.004 0.006 0.007 0.010 0.678 0.006 0.003 0.006 
379 QAc-W-0104    (0)   :  0.007 0.732 0.007 0.006 0.003 0.007 0.011 0.004 0.002 0.005 0.006 0.121 0.007 0.006 0.004 0.003 0.051 0.008 0.003 0.008 
380 QAc-W-0105    (0)   :  0.002 0.339 0.007 0.005 0.010 0.005 0.014 0.004 0.004 0.007 0.014 0.026 0.004 0.004 0.006 0.005 0.531 0.003 0.006 0.004 
381 QAc-W-0106    (0)   :  0.003 0.316 0.017 0.005 0.011 0.010 0.113 0.003 0.005 0.009 0.018 0.007 0.006 0.005 0.006 0.007 0.431 0.005 0.015 0.009 
382 QAc-W-0107    (0)   :  0.003 0.006 0.003 0.004 0.003 0.003 0.003 0.005 0.005 0.003 0.002 0.934 0.003 0.003 0.003 0.003 0.006 0.003 0.003 0.003 
383 QAc-W-0108    (0)   :  0.002 0.003 0.002 0.003 0.003 0.002 0.003 0.004 0.004 0.002 0.003 0.950 0.002 0.002 0.003 0.002 0.003 0.002 0.002 0.002 
384 QAc-W-0109    (0)   :  0.018 0.076 0.012 0.004 0.006 0.012 0.007 0.007 0.011 0.006 0.024 0.133 0.033 0.006 0.007 0.036 0.570 0.005 0.008 0.020 
385 QAc-W-0110   (13)   :  0.004 0.288 0.005 0.008 0.003 0.008 0.004 0.004 0.005 0.004 0.130 0.005 0.004 0.004 0.432 0.007 0.070 0.007 0.003 0.005 
386 QAc-W-0111    (6)   :  0.005 0.113 0.012 0.004 0.017 0.011 0.026 0.003 0.006 0.008 0.021 0.589 0.013 0.004 0.005 0.011 0.135 0.004 0.006 0.007 
387 QAc-W-0112   (13)   :  0.009 0.008 0.008 0.006 0.005 0.006 0.010 0.003 0.004 0.007 0.004 0.020 0.003 0.010 0.005 0.002 0.871 0.007 0.005 0.007 
388 QAc-W-0113   (13)   :  0.008 0.005 0.009 0.755 0.009 0.019 0.012 0.005 0.005 0.009 0.008 0.004 0.008 0.010 0.014 0.003 0.008 0.086 0.004 0.020 
389 QAc-W-0114   (13)   :  0.018 0.006 0.013 0.223 0.003 0.010 0.008 0.004 0.005 0.005 0.006 0.025 0.014 0.004 0.007 0.004 0.011 0.615 0.009 0.011 
390 QAc-W-0115    (0)   :  0.003 0.004 0.008 0.611 0.007 0.014 0.037 0.006 0.006 0.010 0.010 0.004 0.003 0.005 0.009 0.004 0.009 0.230 0.005 0.014 
391 QAc-W-0116    (0)   :  0.012 0.003 0.013 0.516 0.018 0.011 0.008 0.003 0.002 0.012 0.011 0.004 0.011 0.005 0.007 0.002 0.004 0.330 0.012 0.015 
392 QAc-W-0117    (0)   :  0.009 0.004 0.008 0.024 0.005 0.006 0.007 0.004 0.004 0.008 0.007 0.003 0.005 0.003 0.004 0.004 0.002 0.883 0.003 0.007 
393 QAc-W-0118    (0)   :  0.006 0.018 0.009 0.543 0.006 0.012 0.014 0.030 0.040 0.005 0.006 0.018 0.004 0.007 0.006 0.009 0.010 0.248 0.004 0.006 
394 QAc-W-0119    (0)   :  0.004 0.003 0.013 0.157 0.010 0.014 0.017 0.003 0.010 0.007 0.007 0.005 0.006 0.013 0.005 0.006 0.003 0.701 0.007 0.010 
395 QAc-W-0120    (0)   :  0.008 0.016 0.031 0.200 0.038 0.045 0.016 0.014 0.008 0.004 0.017 0.004 0.007 0.005 0.008 0.013 0.005 0.530 0.003 0.029 
396 QAc-W-0121    (0)   :  0.006 0.003 0.011 0.015 0.008 0.010 0.006 0.007 0.025 0.005 0.010 0.005 0.014 0.019 0.005 0.043 0.002 0.795 0.002 0.010 
397 QAc-W-0122    (0)   :  0.014 0.004 0.022 0.697 0.007 0.026 0.007 0.006 0.003 0.005 0.017 0.005 0.029 0.006 0.015 0.003 0.003 0.102 0.004 0.026 
398 QAc-W-0123    (6)   :  0.010 0.024 0.029 0.192 0.005 0.033 0.010 0.007 0.007 0.013 0.006 0.007 0.006 0.011 0.003 0.006 0.005 0.586 0.009 0.029 
399 QAc-W-0124    (0)   :  0.003 0.016 0.009 0.751 0.007 0.007 0.008 0.054 0.007 0.014 0.029 0.005 0.004 0.005 0.018 0.008 0.021 0.022 0.006 0.008 
400 QAc-W-0125    (0)   :  0.008 0.018 0.008 0.042 0.002 0.009 0.017 0.006 0.008 0.008 0.005 0.015 0.005 0.005 0.008 0.007 0.012 0.797 0.008 0.010 
401 QAc-W-0126   (13)   :  0.007 0.070 0.028 0.124 0.003 0.040 0.022 0.007 0.006 0.009 0.012 0.011 0.015 0.010 0.007 0.006 0.014 0.565 0.009 0.036 
402 QAc-W-0127    (6)   :  0.005 0.003 0.006 0.072 0.005 0.010 0.185 0.006 0.005 0.005 0.010 0.004 0.006 0.005 0.013 0.004 0.003 0.642 0.004 0.009 
403 QAc-W-0128   (13)   :  0.016 0.013 0.012 0.086 0.007 0.021 0.021 0.005 0.017 0.007 0.015 0.028 0.009 0.005 0.019 0.009 0.060 0.634 0.003 0.014 
404 QAc-W-0129   (13)   :  0.019 0.003 0.017 0.227 0.012 0.029 0.010 0.010 0.004 0.007 0.041 0.005 0.005 0.005 0.036 0.006 0.006 0.533 0.005 0.022 
405 QAc-W-0130   (13)   :  0.028 0.008 0.011 0.708 0.023 0.015 0.026 0.003 0.005 0.003 0.016 0.005 0.007 0.004 0.024 0.004 0.006 0.089 0.003 0.012 
406 QAc-W-0131    (0)   :  0.004 0.004 0.024 0.042 0.004 0.017 0.570 0.007 0.005 0.004 0.016 0.006 0.003 0.006 0.006 0.002 0.004 0.232 0.033 0.010 
407 QAc-W-0132    (6)   :  0.004 0.016 0.012 0.546 0.022 0.014 0.044 0.015 0.024 0.027 0.020 0.008 0.005 0.007 0.011 0.050 0.011 0.137 0.015 0.011 
408 QAc-W-0133    (6)   :  0.004 0.009 0.008 0.015 0.004 0.022 0.765 0.005 0.074 0.003 0.005 0.004 0.007 0.005 0.004 0.015 0.012 0.021 0.003 0.015 
409 QAc-W-0134    (0)   :  0.004 0.004 0.004 0.038 0.003 0.005 0.005 0.005 0.004 0.008 0.003 0.006 0.006 0.004 0.004 0.003 0.006 0.876 0.005 0.007 
410 QAc-W-0135    (0)   :  0.006 0.004 0.007 0.789 0.009 0.006 0.005 0.013 0.008 0.016 0.008 0.006 0.006 0.003 0.065 0.011 0.003 0.025 0.003 0.005 
411 QAc-W-0136    (0)   :  0.003 0.005 0.004 0.027 0.004 0.005 0.009 0.003 0.003 0.006 0.004 0.002 0.002 0.003 0.003 0.002 0.004 0.896 0.007 0.006 
412 QAc-W-0137    (0)   :  0.002 0.002 0.003 0.008 0.004 0.004 0.004 0.004 0.003 0.003 0.004 0.002 0.003 0.003 0.002 0.003 0.002 0.936 0.004 0.004 
413 QAc-W-0138    (0)   :  0.003 0.002 0.004 0.011 0.004 0.004 0.024 0.003 0.003 0.005 0.005 0.002 0.003 0.003 0.005 0.002 0.003 0.906 0.005 0.005 
414 QAc-W-0139    (0)   :  0.004 0.003 0.017 0.161 0.008 0.031 0.208 0.118 0.014 0.009 0.035 0.029 0.005 0.013 0.034 0.004 0.036 0.249 0.006 0.013 
415 QAc-W-0140    (0)   :  0.021 0.002 0.010 0.013 0.006 0.012 0.005 0.003 0.005 0.019 0.011 0.003 0.036 0.012 0.009 0.004 0.005 0.806 0.003 0.014 
416 QAc-W-0141    (6)   :  0.034 0.004 0.098 0.033 0.020 0.044 0.214 0.006 0.031 0.061 0.131 0.005 0.009 0.017 0.019 0.009 0.006 0.210 0.004 0.044 
417 QAc-W-0142    (0)   :  0.004 0.003 0.004 0.055 0.004 0.007 0.014 0.015 0.011 0.003 0.003 0.006 0.005 0.007 0.004 0.003 0.003 0.840 0.003 0.005 
418 QAc-W-0143    (0)   :  0.008 0.018 0.008 0.718 0.005 0.019 0.015 0.005 0.003 0.003 0.008 0.003 0.011 0.006 0.009 0.002 0.006 0.139 0.004 0.011 
419 QAc-W-0144    (0)   :  0.028 0.007 0.015 0.318 0.003 0.013 0.007 0.004 0.002 0.007 0.007 0.003 0.159 0.013 0.007 0.002 0.004 0.356 0.004 0.038 
420 QAc-W-0145    (0)   :  0.005 0.004 0.008 0.874 0.002 0.006 0.004 0.005 0.004 0.004 0.003 0.002 0.003 0.004 0.003 0.002 0.002 0.054 0.004 0.005 
421 QAc-W-0146    (0)   :  0.003 0.003 0.005 0.890 0.017 0.005 0.006 0.003 0.004 0.009 0.009 0.004 0.004 0.004 0.004 0.002 0.004 0.016 0.004 0.004 
422 QAc-W-0147    (0)   :  0.003 0.004 0.005 0.886 0.004 0.004 0.007 0.005 0.003 0.003 0.003 0.003 0.003 0.003 0.004 0.002 0.003 0.050 0.002 0.004 
423 QAc-W-0148    (0)   :  0.003 0.002 0.004 0.743 0.005 0.004 0.007 0.005 0.003 0.012 0.005 0.003 0.004 0.004 0.006 0.003 0.003 0.174 0.006 0.005 
424 QAc-W-0149    (0)   :  0.031 0.034 0.019 0.647 0.004 0.020 0.035 0.006 0.003 0.003 0.019 0.003 0.041 0.006 0.012 0.003 0.005 0.082 0.009 0.019 
425 QAc-W-0150    (0)   :  0.005 0.005 0.014 0.769 0.017 0.013 0.031 0.004 0.004 0.010 0.017 0.014 0.005 0.005 0.025 0.004 0.008 0.027 0.012 0.010 
426 QAc-W-0151    (0)   :  0.005 0.002 0.006 0.855 0.004 0.007 0.015 0.004 0.004 0.022 0.006 0.004 0.004 0.004 0.006 0.003 0.004 0.033 0.006 0.005 
427 QAc-W-0152    (0)   :  0.004 0.004 0.003 0.900 0.004 0.004 0.003 0.007 0.005 0.006 0.004 0.002 0.013 0.009 0.004 0.003 0.003 0.016 0.002 0.004 
428 QAc-W-0153    (0)   :  0.010 0.005 0.164 0.010 0.017 0.426 0.015 0.025 0.004 0.027 0.029 0.045 0.005 0.006 0.005 0.006 0.013 0.028 0.004 0.155 
429 QAc-W-0154    (0)   :  0.007 0.005 0.043 0.224 0.017 0.049 0.032 0.004 0.003 0.003 0.026 0.002 0.003 0.006 0.100 0.003 0.004 0.448 0.003 0.020 
430 QAc-W-0155    (0)   :  0.003 0.002 0.007 0.241 0.004 0.006 0.007 0.006 0.004 0.006 0.006 0.003 0.009 0.013 0.007 0.003 0.004 0.658 0.003 0.010 
431 QAc-W-0156    (0)   :  0.004 0.012 0.012 0.655 0.011 0.014 0.020 0.003 0.005 0.024 0.028 0.052 0.004 0.007 0.031 0.002 0.026 0.061 0.009 0.021 
432 QAc-W-0157    (0)   :  0.011 0.004 0.031 0.051 0.009 0.079 0.013 0.016 0.021 0.013 0.006 0.002 0.008 0.006 0.004 0.004 0.003 0.676 0.020 0.024 
433 QAc-W-0158    (0)   :  0.003 0.010 0.009 0.383 0.030 0.010 0.017 0.005 0.028 0.021 0.029 0.012 0.004 0.004 0.028 0.015 0.071 0.307 0.004 0.012 
434 QAc-W-0159    (0)   :  0.004 0.007 0.006 0.029 0.004 0.008 0.005 0.003 0.009 0.005 0.012 0.006 0.005 0.005 0.006 0.005 0.002 0.862 0.006 0.010 
435 QAc-W-0160    (0)   :  0.004 0.004 0.031 0.178 0.018 0.062 0.044 0.012 0.004 0.017 0.025 0.005 0.006 0.005 0.029 0.003 0.007 0.494 0.006 0.047 
436 QAc-W-0161    (0)   :  0.006 0.002 0.008 0.044 0.023 0.016 0.063 0.002 0.004 0.020 0.023 0.003 0.011 0.007 0.017 0.004 0.004 0.656 0.076 0.012 
437 QAc-W-0162    (0)   :  0.011 0.003 0.010 0.215 0.004 0.008 0.014 0.157 0.005 0.003 0.006 0.002 0.006 0.009 0.003 0.004 0.007 0.506 0.017 0.010 
438 QAc-W-0163    (0)   :  0.007 0.004 0.010 0.230 0.005 0.017 0.006 0.003 0.004 0.007 0.005 0.003 0.021 0.143 0.004 0.004 0.004 0.506 0.005 0.012 
439 QAc-W-0164    (0)   :  0.004 0.003 0.006 0.248 0.003 0.015 0.152 0.016 0.009 0.006 0.004 0.004 0.007 0.009 0.008 0.003 0.007 0.475 0.007 0.014 
440 QAc-W-0165    (0)   :  0.006 0.002 0.044 0.017 0.011 0.026 0.015 0.008 0.018 0.003 0.007 0.002 0.002 0.005 0.004 0.017 0.003 0.765 0.009 0.034 
441 QAc-W-0166    (0)   :  0.003 0.003 0.006 0.730 0.003 0.008 0.010 0.005 0.004 0.010 0.006 0.003 0.008 0.013 0.067 0.005 0.006 0.094 0.006 0.011 


Estimated Allele Frequencies in each cluster
First column gives estimated ancestral frequencies


Locus 1 : 
21 alleles
0.5% missing data
 210   (0.124) 0.373 0.265 0.104 0.171 0.010 0.119 0.108 0.012 0.002 0.070 0.036 0.313 0.180 0.101 0.025 0.002 0.093 0.172 0.003 0.108 
 212   (0.104) 0.040 0.038 0.069 0.185 0.109 0.102 0.259 0.007 0.190 0.399 0.126 0.230 0.013 0.116 0.036 0.350 0.342 0.012 0.003 0.068 
 202   (0.056) 0.009 0.003 0.044 0.006 0.036 0.059 0.093 0.003 0.001 0.010 0.060 0.243 0.006 0.023 0.046 0.001 0.147 0.010 0.374 0.053 
 226   (0.057) 0.009 0.248 0.030 0.006 0.003 0.053 0.039 0.053 0.288 0.002 0.009 0.001 0.007 0.020 0.004 0.126 0.150 0.005 0.203 0.106 
 216   (0.069) 0.047 0.290 0.047 0.012 0.005 0.071 0.024 0.046 0.001 0.003 0.023 0.001 0.009 0.021 0.013 0.001 0.048 0.171 0.323 0.118 
 200   (0.254) 0.275 0.100 0.353 0.210 0.756 0.255 0.314 0.128 0.510 0.346 0.554 0.205 0.320 0.119 0.551 0.379 0.038 0.141 0.084 0.264 
 224   (0.041) 0.005 0.004 0.056 0.004 0.015 0.046 0.013 0.380 0.001 0.153 0.046 0.001 0.005 0.012 0.011 0.138 0.002 0.004 0.001 0.042 
 218   (0.053) 0.006 0.033 0.034 0.148 0.004 0.048 0.044 0.008 0.001 0.003 0.086 0.001 0.005 0.031 0.068 0.001 0.129 0.159 0.001 0.032 
 222   (0.025) 0.003 0.001 0.037 0.165 0.002 0.023 0.010 0.001 0.000 0.001 0.004 0.000 0.002 0.007 0.004 0.000 0.001 0.262 0.001 0.022 
 228   (0.012) 0.001 0.000 0.005 0.001 0.001 0.009 0.004 0.229 0.000 0.000 0.002 0.000 0.001 0.002 0.001 0.000 0.000 0.001 0.000 0.005 
 214   (0.037) 0.005 0.001 0.025 0.056 0.002 0.032 0.014 0.124 0.001 0.002 0.006 0.001 0.264 0.500 0.003 0.001 0.002 0.023 0.001 0.032 
 208   (0.048) 0.067 0.012 0.106 0.005 0.050 0.054 0.014 0.003 0.001 0.006 0.019 0.002 0.005 0.013 0.213 0.001 0.043 0.004 0.001 0.066 
 220   (0.021) 0.003 0.001 0.026 0.003 0.001 0.025 0.006 0.002 0.000 0.001 0.006 0.000 0.002 0.005 0.002 0.000 0.001 0.017 0.001 0.016 
 206   (0.031) 0.094 0.001 0.021 0.022 0.002 0.033 0.041 0.002 0.001 0.001 0.007 0.000 0.004 0.014 0.016 0.000 0.001 0.010 0.001 0.026 
 196   (0.004) 0.000 0.000 0.004 0.000 0.000 0.008 0.001 0.000 0.000 0.000 0.001 0.000 0.000 0.001 0.000 0.000 0.000 0.001 0.000 0.005 
 238   (0.010) 0.001 0.000 0.012 0.001 0.001 0.010 0.003 0.001 0.000 0.000 0.001 0.000 0.001 0.002 0.001 0.000 0.000 0.004 0.000 0.008 
 121   (0.011) 0.001 0.000 0.008 0.001 0.001 0.012 0.003 0.001 0.000 0.000 0.008 0.000 0.001 0.003 0.003 0.000 0.000 0.001 0.001 0.008 
 204   (0.012) 0.046 0.000 0.005 0.001 0.001 0.010 0.003 0.001 0.000 0.000 0.002 0.000 0.001 0.003 0.001 0.000 0.000 0.001 0.000 0.006 
 190   (0.014) 0.001 0.000 0.006 0.001 0.001 0.017 0.003 0.001 0.000 0.001 0.002 0.000 0.001 0.003 0.001 0.000 0.001 0.001 0.000 0.007 
 198   (0.009) 0.012 0.000 0.004 0.001 0.001 0.007 0.002 0.000 0.000 0.001 0.001 0.000 0.002 0.002 0.001 0.000 0.000 0.001 0.000 0.007 
 232   (0.009) 0.002 0.000 0.004 0.001 0.000 0.007 0.002 0.000 0.000 0.000 0.001 0.000 0.169 0.002 0.001 0.000 0.000 0.001 0.000 0.003 

Locus 2 : 
15 alleles
1.6% missing data
 171   (0.222) 0.602 0.025 0.346 0.077 0.216 0.235 0.114 0.023 0.004 0.452 0.197 0.252 0.370 0.283 0.324 0.003 0.113 0.060 0.421 0.290 
 175   (0.096) 0.025 0.275 0.065 0.018 0.012 0.099 0.049 0.018 0.251 0.021 0.090 0.451 0.014 0.175 0.025 0.052 0.012 0.022 0.131 0.140 
 185   (0.075) 0.008 0.018 0.090 0.277 0.013 0.069 0.049 0.033 0.002 0.003 0.079 0.287 0.009 0.044 0.006 0.001 0.068 0.202 0.002 0.080 
 181   (0.086) 0.009 0.472 0.064 0.009 0.060 0.076 0.067 0.017 0.423 0.121 0.167 0.002 0.340 0.027 0.023 0.451 0.641 0.008 0.002 0.050 
 179   (0.065) 0.014 0.002 0.036 0.380 0.011 0.059 0.164 0.442 0.022 0.004 0.013 0.001 0.016 0.016 0.005 0.001 0.003 0.218 0.346 0.035 
 173   (0.208) 0.041 0.196 0.155 0.055 0.637 0.198 0.286 0.076 0.293 0.343 0.340 0.003 0.207 0.260 0.119 0.489 0.027 0.288 0.089 0.225 
 177   (0.029) 0.003 0.001 0.022 0.099 0.002 0.025 0.021 0.373 0.001 0.001 0.006 0.000 0.003 0.020 0.002 0.001 0.001 0.026 0.004 0.017 
 183   (0.052) 0.202 0.003 0.093 0.033 0.003 0.052 0.084 0.003 0.001 0.002 0.012 0.001 0.006 0.012 0.004 0.001 0.047 0.127 0.001 0.042 
 187   (0.090) 0.063 0.005 0.087 0.015 0.042 0.104 0.144 0.012 0.002 0.049 0.060 0.001 0.026 0.147 0.100 0.001 0.004 0.028 0.003 0.074 
 189   (0.017) 0.002 0.001 0.010 0.031 0.001 0.016 0.006 0.001 0.000 0.002 0.028 0.000 0.002 0.004 0.387 0.000 0.001 0.004 0.000 0.008 
 191   (0.015) 0.025 0.002 0.007 0.002 0.001 0.013 0.004 0.001 0.000 0.001 0.003 0.000 0.003 0.003 0.001 0.000 0.082 0.002 0.000 0.014 
 163   (0.010) 0.001 0.000 0.005 0.001 0.001 0.014 0.003 0.000 0.000 0.000 0.001 0.000 0.001 0.002 0.001 0.000 0.000 0.001 0.000 0.005 
 165   (0.010) 0.001 0.000 0.004 0.001 0.001 0.014 0.003 0.000 0.000 0.000 0.001 0.000 0.001 0.002 0.001 0.000 0.000 0.001 0.000 0.005 
 193   (0.009) 0.001 0.000 0.007 0.001 0.000 0.012 0.002 0.000 0.000 0.000 0.001 0.000 0.001 0.002 0.001 0.000 0.000 0.001 0.000 0.005 
 169   (0.015) 0.002 0.000 0.008 0.002 0.001 0.013 0.004 0.001 0.000 0.001 0.002 0.000 0.001 0.003 0.001 0.000 0.001 0.013 0.000 0.009 

Locus 3 : 
7 alleles
2.5% missing data
 206   (0.855) 0.920 0.994 0.848 0.981 0.990 0.850 0.856 0.926 0.996 0.993 0.932 0.988 0.965 0.920 0.749 0.986 0.979 0.979 0.993 0.861 
 208   (0.055) 0.016 0.002 0.089 0.007 0.004 0.060 0.061 0.041 0.001 0.003 0.046 0.001 0.024 0.043 0.244 0.001 0.003 0.006 0.001 0.037 
 198   (0.010) 0.001 0.000 0.005 0.001 0.001 0.009 0.004 0.001 0.000 0.000 0.002 0.009 0.001 0.003 0.001 0.000 0.001 0.001 0.000 0.006 
 204   (0.039) 0.040 0.002 0.028 0.007 0.003 0.039 0.044 0.030 0.002 0.002 0.013 0.001 0.005 0.022 0.003 0.012 0.016 0.009 0.004 0.069 
 218   (0.015) 0.014 0.001 0.007 0.001 0.001 0.014 0.025 0.001 0.000 0.001 0.003 0.000 0.002 0.005 0.001 0.000 0.001 0.001 0.000 0.009 
 230   (0.010) 0.007 0.000 0.008 0.001 0.001 0.009 0.007 0.000 0.000 0.000 0.001 0.000 0.001 0.005 0.001 0.000 0.000 0.001 0.000 0.005 
 212   (0.015) 0.002 0.001 0.015 0.002 0.001 0.020 0.004 0.001 0.000 0.001 0.003 0.000 0.001 0.003 0.001 0.000 0.001 0.002 0.000 0.013 

Locus 4 : 
15 alleles
3.6% missing data
 165   (0.108) 0.028 0.198 0.106 0.012 0.384 0.102 0.055 0.382 0.002 0.007 0.197 0.983 0.011 0.159 0.018 0.004 0.506 0.013 0.003 0.082 
 173   (0.035) 0.007 0.729 0.023 0.003 0.002 0.041 0.009 0.002 0.001 0.001 0.005 0.001 0.004 0.014 0.003 0.000 0.385 0.003 0.001 0.030 
 163   (0.184) 0.366 0.015 0.235 0.244 0.025 0.186 0.371 0.102 0.003 0.100 0.106 0.003 0.176 0.119 0.110 0.003 0.009 0.329 0.006 0.206 
 167   (0.163) 0.048 0.029 0.218 0.119 0.351 0.167 0.154 0.011 0.003 0.097 0.223 0.002 0.119 0.154 0.143 0.002 0.035 0.192 0.564 0.170 
 161   (0.309) 0.314 0.014 0.223 0.555 0.211 0.298 0.121 0.492 0.972 0.781 0.390 0.007 0.661 0.500 0.579 0.985 0.025 0.408 0.421 0.278 
 153   (0.012) 0.001 0.000 0.007 0.001 0.012 0.012 0.004 0.001 0.000 0.001 0.006 0.000 0.003 0.003 0.016 0.000 0.001 0.001 0.000 0.011 
 171   (0.039) 0.040 0.003 0.088 0.004 0.004 0.045 0.052 0.002 0.001 0.002 0.010 0.001 0.005 0.011 0.003 0.000 0.002 0.004 0.001 0.136 
 179   (0.014) 0.002 0.000 0.013 0.001 0.001 0.015 0.003 0.001 0.000 0.001 0.005 0.000 0.001 0.003 0.001 0.000 0.001 0.001 0.000 0.009 
 157   (0.031) 0.060 0.001 0.017 0.003 0.002 0.028 0.016 0.002 0.001 0.006 0.019 0.000 0.003 0.009 0.120 0.000 0.001 0.003 0.001 0.018 
 149   (0.007) 0.013 0.000 0.004 0.001 0.001 0.007 0.002 0.000 0.000 0.000 0.001 0.000 0.001 0.002 0.001 0.000 0.000 0.001 0.000 0.004 
 177   (0.026) 0.006 0.006 0.022 0.003 0.002 0.024 0.157 0.002 0.000 0.001 0.006 0.000 0.003 0.009 0.002 0.000 0.022 0.003 0.001 0.015 
 155   (0.014) 0.001 0.001 0.011 0.002 0.001 0.020 0.004 0.001 0.000 0.001 0.022 0.000 0.001 0.003 0.001 0.000 0.001 0.002 0.000 0.007 
 175   (0.007) 0.030 0.000 0.004 0.001 0.000 0.006 0.002 0.000 0.000 0.000 0.002 0.000 0.001 0.002 0.001 0.000 0.000 0.001 0.000 0.004 
 169   (0.020) 0.080 0.001 0.013 0.002 0.001 0.023 0.005 0.001 0.000 0.001 0.003 0.000 0.009 0.005 0.002 0.000 0.011 0.002 0.001 0.011 
 159   (0.031) 0.003 0.001 0.015 0.046 0.002 0.027 0.044 0.002 0.016 0.001 0.006 0.000 0.003 0.008 0.003 0.004 0.001 0.037 0.001 0.016 

Locus 5 : 
16 alleles
0.0% missing data
 148   (0.132) 0.060 0.194 0.113 0.029 0.014 0.125 0.233 0.159 0.396 0.194 0.202 0.489 0.024 0.033 0.128 0.430 0.446 0.060 0.004 0.077 
 160   (0.029) 0.014 0.001 0.019 0.003 0.002 0.026 0.007 0.002 0.000 0.001 0.006 0.209 0.055 0.006 0.003 0.000 0.001 0.003 0.038 0.022 
 146   (0.124) 0.034 0.357 0.201 0.016 0.148 0.127 0.056 0.214 0.231 0.006 0.042 0.292 0.113 0.148 0.020 0.481 0.186 0.017 0.015 0.100 
 154   (0.047) 0.012 0.004 0.028 0.168 0.003 0.042 0.281 0.192 0.001 0.002 0.009 0.001 0.006 0.017 0.009 0.001 0.002 0.161 0.002 0.028 
 150   (0.066) 0.059 0.003 0.085 0.007 0.014 0.069 0.053 0.005 0.002 0.008 0.135 0.001 0.009 0.407 0.098 0.006 0.003 0.006 0.002 0.054 
 138   (0.103) 0.019 0.005 0.087 0.259 0.204 0.111 0.030 0.091 0.002 0.022 0.036 0.002 0.017 0.051 0.015 0.001 0.301 0.328 0.147 0.282 
 166   (0.033) 0.206 0.001 0.016 0.003 0.002 0.028 0.008 0.002 0.001 0.002 0.034 0.000 0.144 0.007 0.036 0.000 0.002 0.003 0.352 0.016 
 164   (0.016) 0.003 0.000 0.008 0.002 0.001 0.014 0.020 0.001 0.000 0.001 0.003 0.000 0.002 0.011 0.001 0.000 0.001 0.004 0.066 0.008 
 142   (0.019) 0.009 0.002 0.014 0.003 0.001 0.019 0.008 0.001 0.001 0.001 0.003 0.000 0.005 0.169 0.001 0.000 0.001 0.022 0.001 0.010 
 144   (0.162) 0.374 0.013 0.149 0.171 0.312 0.161 0.066 0.315 0.360 0.465 0.112 0.002 0.394 0.079 0.074 0.003 0.018 0.129 0.034 0.136 
 140   (0.085) 0.016 0.003 0.082 0.147 0.053 0.094 0.039 0.004 0.002 0.290 0.160 0.001 0.009 0.017 0.199 0.001 0.004 0.226 0.334 0.064 
 158   (0.037) 0.014 0.190 0.023 0.029 0.019 0.037 0.012 0.002 0.001 0.002 0.027 0.000 0.200 0.009 0.006 0.001 0.003 0.006 0.001 0.025 
 162   (0.025) 0.003 0.220 0.061 0.003 0.002 0.028 0.007 0.001 0.000 0.001 0.007 0.001 0.009 0.014 0.002 0.000 0.007 0.002 0.001 0.022 
 152   (0.091) 0.095 0.005 0.098 0.159 0.224 0.091 0.171 0.010 0.002 0.005 0.219 0.001 0.010 0.027 0.406 0.075 0.004 0.031 0.003 0.072 
 134   (0.013) 0.081 0.000 0.005 0.001 0.001 0.010 0.003 0.001 0.000 0.000 0.002 0.000 0.001 0.002 0.001 0.000 0.001 0.001 0.000 0.006 
 156   (0.018) 0.002 0.001 0.011 0.002 0.001 0.019 0.005 0.001 0.000 0.001 0.003 0.000 0.002 0.004 0.001 0.000 0.021 0.002 0.001 0.077 

Locus 6 : 
12 alleles
0.0% missing data
 225   (0.044) 0.005 0.002 0.026 0.012 0.003 0.040 0.050 0.013 0.295 0.002 0.009 0.282 0.004 0.015 0.008 0.179 0.003 0.037 0.001 0.025 
 239   (0.128) 0.056 0.006 0.098 0.023 0.208 0.136 0.053 0.284 0.218 0.026 0.053 0.003 0.041 0.112 0.014 0.807 0.069 0.032 0.202 0.208 
 229   (0.030) 0.003 0.283 0.013 0.003 0.002 0.025 0.007 0.001 0.001 0.001 0.007 0.486 0.007 0.006 0.007 0.000 0.232 0.003 0.001 0.014 
 235   (0.284) 0.102 0.621 0.251 0.588 0.345 0.279 0.144 0.366 0.477 0.308 0.324 0.221 0.056 0.491 0.279 0.004 0.442 0.362 0.009 0.238 
 237   (0.194) 0.246 0.012 0.392 0.286 0.206 0.212 0.154 0.225 0.004 0.469 0.142 0.003 0.127 0.096 0.192 0.005 0.009 0.185 0.009 0.250 
 233   (0.106) 0.014 0.007 0.082 0.021 0.056 0.097 0.049 0.099 0.002 0.183 0.392 0.002 0.184 0.129 0.466 0.002 0.137 0.012 0.278 0.090 
 227   (0.033) 0.502 0.001 0.016 0.003 0.002 0.028 0.008 0.002 0.001 0.001 0.005 0.000 0.293 0.069 0.002 0.000 0.001 0.003 0.342 0.018 
 245   (0.050) 0.006 0.002 0.043 0.022 0.009 0.058 0.014 0.003 0.001 0.003 0.033 0.001 0.221 0.015 0.020 0.001 0.002 0.163 0.001 0.063 
 241   (0.058) 0.014 0.062 0.040 0.013 0.004 0.055 0.262 0.004 0.002 0.003 0.019 0.002 0.057 0.023 0.006 0.001 0.102 0.058 0.155 0.043 
 231   (0.032) 0.039 0.001 0.018 0.004 0.002 0.027 0.247 0.002 0.001 0.001 0.006 0.000 0.004 0.029 0.002 0.000 0.001 0.074 0.001 0.024 
 243   (0.031) 0.013 0.003 0.016 0.024 0.163 0.029 0.010 0.002 0.001 0.001 0.008 0.000 0.004 0.011 0.002 0.000 0.001 0.070 0.001 0.022 
 251   (0.011) 0.001 0.000 0.005 0.001 0.001 0.015 0.003 0.001 0.000 0.000 0.001 0.000 0.001 0.002 0.001 0.000 0.000 0.001 0.000 0.005 

Locus 7 : 
7 alleles
0.0% missing data
 118   (0.870) 0.943 0.947 0.921 0.987 0.767 0.884 0.965 0.971 0.994 0.824 0.856 0.992 0.967 0.675 0.980 0.986 0.956 0.987 0.573 0.866 
 124   (0.040) 0.019 0.001 0.035 0.004 0.227 0.036 0.010 0.002 0.001 0.160 0.119 0.001 0.004 0.008 0.013 0.001 0.002 0.004 0.425 0.029 
 116   (0.013) 0.002 0.000 0.005 0.001 0.001 0.011 0.003 0.001 0.000 0.001 0.003 0.000 0.001 0.297 0.001 0.000 0.001 0.001 0.000 0.007 
 114   (0.037) 0.016 0.023 0.022 0.004 0.003 0.035 0.011 0.002 0.001 0.013 0.016 0.007 0.005 0.009 0.004 0.007 0.034 0.005 0.001 0.078 
 122   (0.011) 0.015 0.000 0.004 0.001 0.001 0.009 0.002 0.000 0.000 0.000 0.002 0.000 0.001 0.002 0.001 0.000 0.000 0.001 0.000 0.005 
 112   (0.017) 0.004 0.027 0.007 0.002 0.001 0.014 0.005 0.001 0.000 0.001 0.003 0.001 0.020 0.006 0.001 0.000 0.007 0.002 0.000 0.008 
 120   (0.013) 0.001 0.000 0.006 0.001 0.001 0.011 0.003 0.023 0.003 0.001 0.002 0.000 0.001 0.003 0.001 0.006 0.001 0.001 0.000 0.007 

Locus 8 : 
5 alleles
0.5% missing data
 135   (0.046) 0.005 0.003 0.186 0.010 0.350 0.044 0.050 0.011 0.001 0.003 0.174 0.001 0.004 0.010 0.005 0.001 0.012 0.015 0.001 0.046 
 139   (0.721) 0.696 0.836 0.628 0.696 0.431 0.713 0.733 0.961 0.943 0.976 0.656 0.995 0.837 0.706 0.945 0.995 0.899 0.616 0.953 0.771 
 137   (0.178) 0.293 0.156 0.159 0.192 0.215 0.181 0.074 0.025 0.055 0.018 0.162 0.003 0.154 0.271 0.046 0.003 0.088 0.321 0.044 0.149 
 143   (0.033) 0.003 0.001 0.016 0.081 0.002 0.042 0.065 0.002 0.001 0.001 0.005 0.000 0.003 0.008 0.002 0.000 0.001 0.034 0.001 0.018 
 141   (0.021) 0.002 0.003 0.011 0.020 0.002 0.020 0.079 0.001 0.000 0.001 0.004 0.000 0.002 0.005 0.002 0.000 0.001 0.014 0.001 0.015 

Locus 9 : 
15 alleles
1.6% missing data
 116   (0.271) 0.069 0.039 0.348 0.310 0.751 0.272 0.508 0.157 0.203 0.179 0.579 0.526 0.062 0.131 0.558 0.152 0.406 0.372 0.009 0.286 
 112   (0.079) 0.027 0.003 0.062 0.181 0.005 0.077 0.051 0.402 0.002 0.080 0.026 0.204 0.032 0.019 0.022 0.002 0.003 0.174 0.002 0.088 
 118   (0.108) 0.096 0.918 0.141 0.189 0.007 0.107 0.088 0.007 0.003 0.029 0.041 0.262 0.022 0.033 0.030 0.002 0.532 0.125 0.087 0.087 
 122   (0.076) 0.387 0.003 0.045 0.008 0.005 0.070 0.028 0.359 0.551 0.003 0.012 0.001 0.311 0.074 0.008 0.652 0.003 0.008 0.463 0.109 
 114   (0.212) 0.255 0.026 0.224 0.249 0.064 0.226 0.213 0.042 0.124 0.283 0.297 0.003 0.251 0.062 0.352 0.168 0.032 0.242 0.006 0.242 
 120   (0.052) 0.043 0.003 0.027 0.008 0.024 0.053 0.016 0.008 0.001 0.256 0.011 0.001 0.012 0.055 0.004 0.001 0.002 0.038 0.203 0.046 
 130   (0.036) 0.008 0.001 0.017 0.003 0.135 0.032 0.009 0.002 0.001 0.149 0.006 0.000 0.177 0.007 0.003 0.000 0.002 0.003 0.127 0.039 
 124   (0.049) 0.027 0.002 0.032 0.040 0.003 0.047 0.016 0.019 0.111 0.002 0.008 0.001 0.021 0.283 0.004 0.022 0.002 0.027 0.001 0.033 
 110   (0.012) 0.001 0.000 0.029 0.001 0.001 0.011 0.003 0.001 0.000 0.000 0.002 0.000 0.001 0.003 0.001 0.000 0.000 0.001 0.000 0.007 
 134   (0.009) 0.001 0.000 0.004 0.001 0.000 0.009 0.023 0.000 0.000 0.000 0.002 0.000 0.001 0.003 0.001 0.000 0.000 0.001 0.000 0.005 
 128   (0.027) 0.036 0.001 0.016 0.002 0.002 0.024 0.007 0.001 0.000 0.010 0.006 0.000 0.025 0.006 0.010 0.000 0.001 0.003 0.099 0.014 
 126   (0.033) 0.040 0.001 0.029 0.003 0.002 0.029 0.028 0.002 0.001 0.006 0.006 0.000 0.080 0.316 0.005 0.000 0.002 0.003 0.001 0.021 
 108   (0.013) 0.001 0.000 0.014 0.001 0.001 0.022 0.003 0.001 0.000 0.001 0.002 0.000 0.001 0.002 0.001 0.000 0.001 0.001 0.000 0.008 
 106   (0.009) 0.006 0.000 0.006 0.001 0.001 0.010 0.003 0.001 0.003 0.000 0.002 0.000 0.001 0.003 0.001 0.000 0.000 0.001 0.000 0.006 
 138   (0.013) 0.001 0.000 0.006 0.001 0.001 0.011 0.003 0.001 0.000 0.001 0.002 0.000 0.002 0.003 0.001 0.000 0.012 0.001 0.000 0.009 

Locus 10 : 
8 alleles
0.0% missing data
 232   (0.802) 0.513 0.980 0.862 0.926 0.793 0.791 0.829 0.989 0.996 0.987 0.950 0.997 0.492 0.890 0.936 0.997 0.949 0.814 0.995 0.796 
 238   (0.112) 0.391 0.008 0.060 0.066 0.013 0.121 0.133 0.005 0.002 0.009 0.033 0.001 0.500 0.088 0.058 0.001 0.005 0.178 0.003 0.152 
 220   (0.010) 0.001 0.000 0.004 0.001 0.147 0.008 0.002 0.000 0.000 0.000 0.001 0.000 0.001 0.002 0.001 0.000 0.000 0.001 0.000 0.004 
 226   (0.009) 0.001 0.008 0.006 0.001 0.001 0.009 0.003 0.000 0.000 0.000 0.002 0.001 0.001 0.002 0.001 0.000 0.015 0.001 0.000 0.013 
 234   (0.019) 0.002 0.001 0.017 0.002 0.043 0.026 0.004 0.001 0.000 0.001 0.007 0.000 0.002 0.004 0.001 0.000 0.001 0.002 0.000 0.010 
 240   (0.013) 0.030 0.000 0.010 0.001 0.001 0.011 0.003 0.001 0.000 0.000 0.002 0.000 0.001 0.002 0.001 0.000 0.001 0.001 0.000 0.006 
 236   (0.014) 0.010 0.001 0.032 0.001 0.001 0.016 0.021 0.002 0.001 0.001 0.002 0.000 0.001 0.007 0.001 0.000 0.001 0.001 0.000 0.010 
 244   (0.020) 0.051 0.002 0.009 0.002 0.001 0.017 0.005 0.001 0.000 0.001 0.003 0.000 0.002 0.004 0.001 0.000 0.029 0.002 0.000 0.009 

Locus 11 : 
8 alleles
0.0% missing data
 165   (0.759) 0.815 0.973 0.722 0.932 0.792 0.743 0.640 0.707 0.582 0.672 0.935 0.791 0.867 0.508 0.926 0.996 0.897 0.937 0.959 0.795 
 167   (0.096) 0.051 0.009 0.057 0.014 0.006 0.096 0.285 0.283 0.414 0.004 0.016 0.206 0.010 0.423 0.012 0.001 0.097 0.047 0.003 0.055 
 161   (0.098) 0.128 0.017 0.188 0.010 0.200 0.107 0.055 0.005 0.002 0.322 0.040 0.002 0.119 0.059 0.057 0.001 0.004 0.010 0.037 0.124 
 153   (0.008) 0.001 0.000 0.009 0.001 0.000 0.009 0.003 0.003 0.000 0.000 0.003 0.001 0.001 0.002 0.001 0.000 0.000 0.001 0.000 0.006 
 169   (0.010) 0.001 0.000 0.008 0.001 0.001 0.010 0.010 0.000 0.001 0.000 0.002 0.000 0.001 0.003 0.001 0.000 0.000 0.001 0.000 0.006 
 155   (0.011) 0.001 0.000 0.005 0.001 0.001 0.015 0.003 0.001 0.000 0.000 0.002 0.000 0.001 0.002 0.001 0.000 0.000 0.001 0.000 0.006 
 173   (0.011) 0.001 0.000 0.008 0.001 0.001 0.015 0.002 0.001 0.000 0.000 0.002 0.000 0.001 0.002 0.001 0.000 0.000 0.001 0.000 0.006 
 163   (0.006) 0.001 0.000 0.003 0.040 0.000 0.005 0.001 0.000 0.000 0.000 0.001 0.000 0.001 0.001 0.000 0.000 0.000 0.002 0.000 0.002 

Locus 12 : 
9 alleles
0.0% missing data
 137   (0.522) 0.402 0.335 0.510 0.788 0.082 0.536 0.703 0.392 0.507 0.348 0.428 0.179 0.593 0.769 0.407 0.393 0.366 0.868 0.882 0.590 
 140   (0.175) 0.072 0.106 0.156 0.084 0.521 0.173 0.123 0.084 0.003 0.299 0.394 0.338 0.020 0.089 0.543 0.002 0.578 0.060 0.071 0.177 
 134   (0.229) 0.455 0.553 0.273 0.055 0.393 0.220 0.155 0.521 0.489 0.349 0.165 0.482 0.379 0.126 0.034 0.604 0.052 0.065 0.045 0.181 
 149   (0.014) 0.001 0.001 0.008 0.001 0.001 0.016 0.003 0.001 0.000 0.001 0.002 0.000 0.001 0.003 0.001 0.000 0.001 0.001 0.000 0.009 
 131   (0.009) 0.001 0.004 0.020 0.001 0.001 0.008 0.003 0.000 0.000 0.000 0.002 0.000 0.001 0.002 0.001 0.000 0.000 0.001 0.000 0.010 
 143   (0.017) 0.054 0.001 0.014 0.001 0.001 0.014 0.004 0.001 0.000 0.001 0.002 0.000 0.003 0.003 0.001 0.000 0.001 0.001 0.000 0.013 
 128   (0.008) 0.012 0.000 0.005 0.001 0.000 0.007 0.002 0.000 0.000 0.000 0.001 0.000 0.001 0.002 0.001 0.000 0.000 0.001 0.000 0.005 
 125   (0.016) 0.002 0.001 0.006 0.068 0.001 0.013 0.004 0.001 0.000 0.001 0.003 0.000 0.001 0.004 0.012 0.000 0.001 0.002 0.000 0.007 
 146   (0.011) 0.001 0.000 0.009 0.001 0.001 0.013 0.003 0.001 0.000 0.000 0.002 0.000 0.001 0.002 0.001 0.000 0.000 0.001 0.000 0.008 

Locus 13 : 
20 alleles
0.2% missing data
 206   (0.136) 0.017 0.169 0.090 0.292 0.009 0.125 0.361 0.025 0.026 0.234 0.042 0.574 0.058 0.145 0.201 0.003 0.440 0.083 0.263 0.133 
 210   (0.107) 0.016 0.246 0.086 0.065 0.188 0.106 0.035 0.041 0.583 0.070 0.135 0.244 0.017 0.027 0.212 0.342 0.336 0.019 0.003 0.085 
 190   (0.061) 0.013 0.002 0.128 0.028 0.012 0.069 0.064 0.008 0.001 0.006 0.189 0.001 0.006 0.017 0.031 0.001 0.002 0.239 0.003 0.056 
 202   (0.109) 0.093 0.154 0.159 0.023 0.029 0.106 0.110 0.006 0.002 0.005 0.192 0.002 0.488 0.268 0.021 0.002 0.039 0.020 0.431 0.217 
 214   (0.046) 0.011 0.002 0.055 0.005 0.003 0.048 0.014 0.090 0.188 0.011 0.020 0.001 0.005 0.011 0.061 0.198 0.002 0.005 0.001 0.042 
 212   (0.032) 0.003 0.001 0.013 0.193 0.003 0.028 0.008 0.001 0.142 0.001 0.006 0.000 0.003 0.008 0.003 0.220 0.001 0.374 0.001 0.015 
 192   (0.087) 0.015 0.044 0.084 0.033 0.408 0.094 0.030 0.005 0.002 0.264 0.129 0.002 0.139 0.050 0.156 0.001 0.022 0.024 0.278 0.100 
 204   (0.042) 0.103 0.002 0.025 0.037 0.003 0.037 0.024 0.028 0.003 0.007 0.026 0.001 0.008 0.011 0.067 0.001 0.002 0.034 0.006 0.030 
 184   (0.044) 0.004 0.357 0.029 0.232 0.220 0.051 0.012 0.002 0.003 0.002 0.041 0.001 0.004 0.009 0.005 0.001 0.002 0.011 0.001 0.025 
 216   (0.023) 0.002 0.001 0.014 0.002 0.079 0.020 0.008 0.002 0.001 0.289 0.025 0.000 0.002 0.006 0.011 0.001 0.001 0.002 0.001 0.014 
 208   (0.049) 0.005 0.002 0.033 0.017 0.020 0.044 0.058 0.002 0.041 0.098 0.042 0.001 0.007 0.012 0.194 0.004 0.002 0.088 0.001 0.034 
 200   (0.073) 0.365 0.006 0.057 0.042 0.010 0.068 0.032 0.005 0.004 0.004 0.064 0.171 0.161 0.067 0.017 0.001 0.046 0.046 0.006 0.055 
 198   (0.033) 0.025 0.001 0.029 0.004 0.002 0.030 0.161 0.002 0.001 0.001 0.009 0.000 0.003 0.092 0.003 0.000 0.001 0.005 0.001 0.050 
 194   (0.057) 0.263 0.002 0.104 0.007 0.003 0.053 0.016 0.775 0.001 0.003 0.009 0.001 0.084 0.239 0.010 0.001 0.099 0.008 0.001 0.037 
 186   (0.018) 0.010 0.001 0.009 0.002 0.001 0.019 0.005 0.002 0.000 0.001 0.003 0.000 0.002 0.005 0.001 0.223 0.001 0.002 0.000 0.014 
 188   (0.017) 0.036 0.001 0.015 0.002 0.001 0.020 0.004 0.001 0.000 0.001 0.008 0.000 0.002 0.014 0.002 0.000 0.001 0.002 0.001 0.012 
 196   (0.031) 0.013 0.008 0.034 0.013 0.002 0.036 0.048 0.001 0.001 0.002 0.005 0.000 0.005 0.010 0.002 0.000 0.001 0.035 0.001 0.036 
 220   (0.010) 0.001 0.000 0.005 0.001 0.001 0.010 0.002 0.000 0.000 0.000 0.001 0.000 0.002 0.002 0.001 0.000 0.000 0.001 0.000 0.025 
 180   (0.014) 0.001 0.000 0.015 0.001 0.001 0.021 0.003 0.001 0.000 0.001 0.002 0.000 0.001 0.003 0.001 0.000 0.001 0.001 0.000 0.009 
 182   (0.013) 0.001 0.000 0.017 0.001 0.009 0.013 0.003 0.001 0.000 0.001 0.050 0.000 0.001 0.003 0.002 0.000 0.001 0.001 0.000 0.012 

Locus 14 : 
8 alleles
1.6% missing data
 139   (0.091) 0.010 0.306 0.057 0.009 0.014 0.082 0.033 0.174 0.018 0.210 0.143 0.285 0.161 0.053 0.058 0.216 0.047 0.009 0.027 0.052 
 145   (0.068) 0.017 0.351 0.062 0.252 0.006 0.069 0.052 0.004 0.005 0.009 0.130 0.003 0.008 0.019 0.006 0.003 0.044 0.109 0.002 0.055 
 151   (0.329) 0.308 0.277 0.240 0.434 0.070 0.309 0.331 0.572 0.393 0.186 0.191 0.704 0.638 0.221 0.610 0.482 0.664 0.379 0.371 0.297 
 157   (0.319) 0.272 0.023 0.448 0.232 0.894 0.327 0.446 0.077 0.243 0.539 0.479 0.005 0.098 0.376 0.303 0.045 0.234 0.284 0.594 0.329 
 154   (0.092) 0.036 0.005 0.077 0.025 0.009 0.097 0.107 0.168 0.339 0.051 0.041 0.001 0.013 0.122 0.015 0.253 0.004 0.208 0.002 0.055 
 163   (0.041) 0.062 0.033 0.040 0.004 0.003 0.047 0.014 0.002 0.001 0.002 0.008 0.001 0.007 0.107 0.003 0.001 0.005 0.004 0.002 0.166 
 142   (0.028) 0.010 0.004 0.055 0.039 0.002 0.027 0.009 0.001 0.000 0.002 0.005 0.000 0.003 0.094 0.002 0.000 0.001 0.005 0.001 0.022 
 160   (0.033) 0.286 0.001 0.021 0.003 0.002 0.042 0.009 0.002 0.001 0.001 0.005 0.000 0.072 0.008 0.002 0.000 0.001 0.003 0.001 0.023 

Locus 15 : 
14 alleles
1.1% missing data
 256   (0.166) 0.081 0.290 0.099 0.083 0.016 0.163 0.089 0.079 0.200 0.234 0.070 0.004 0.101 0.166 0.264 0.159 0.159 0.158 0.233 0.173 
 262   (0.031) 0.003 0.090 0.013 0.003 0.002 0.026 0.008 0.001 0.001 0.001 0.004 0.659 0.003 0.159 0.002 0.000 0.416 0.003 0.001 0.015 
 246   (0.106) 0.146 0.023 0.101 0.012 0.054 0.108 0.050 0.006 0.002 0.115 0.086 0.085 0.120 0.208 0.081 0.001 0.155 0.035 0.003 0.102 
 258   (0.159) 0.053 0.007 0.144 0.338 0.437 0.150 0.404 0.010 0.003 0.260 0.333 0.002 0.311 0.140 0.177 0.002 0.083 0.166 0.469 0.154 
 254   (0.089) 0.085 0.003 0.105 0.063 0.006 0.092 0.080 0.308 0.296 0.009 0.051 0.001 0.009 0.026 0.152 0.002 0.008 0.040 0.282 0.070 
 250   (0.040) 0.005 0.001 0.023 0.005 0.002 0.037 0.043 0.099 0.472 0.002 0.006 0.001 0.005 0.021 0.003 0.828 0.002 0.035 0.001 0.037 
 242   (0.095) 0.168 0.242 0.112 0.198 0.007 0.097 0.060 0.335 0.020 0.005 0.024 0.239 0.018 0.038 0.008 0.002 0.101 0.122 0.002 0.096 
 252   (0.083) 0.087 0.332 0.240 0.029 0.239 0.082 0.122 0.040 0.002 0.010 0.047 0.003 0.012 0.046 0.033 0.002 0.064 0.018 0.002 0.066 
 248   (0.131) 0.304 0.009 0.078 0.239 0.210 0.132 0.070 0.115 0.003 0.361 0.094 0.002 0.411 0.168 0.044 0.002 0.006 0.345 0.004 0.216 
 260   (0.046) 0.061 0.002 0.055 0.007 0.025 0.051 0.015 0.002 0.001 0.003 0.273 0.004 0.005 0.012 0.233 0.001 0.002 0.010 0.001 0.029 
 264   (0.010) 0.001 0.000 0.005 0.001 0.001 0.009 0.030 0.000 0.000 0.000 0.001 0.000 0.001 0.002 0.001 0.000 0.000 0.001 0.000 0.005 
 244   (0.024) 0.003 0.001 0.014 0.020 0.001 0.027 0.019 0.001 0.001 0.001 0.007 0.000 0.002 0.007 0.002 0.000 0.002 0.067 0.001 0.022 
 276   (0.011) 0.001 0.000 0.005 0.001 0.001 0.015 0.003 0.000 0.000 0.000 0.002 0.000 0.001 0.002 0.001 0.000 0.000 0.001 0.000 0.006 
 240   (0.009) 0.002 0.000 0.006 0.001 0.001 0.011 0.004 0.000 0.000 0.000 0.001 0.000 0.001 0.003 0.001 0.000 0.000 0.001 0.001 0.010 

Values of parameters used in structure:
DATAFILE=C:\Users\eschumacher\Documents\GitHub\GCC_QUAC_ZAIN\Data_Files\Structure_Files\QUAC\QUAC_woK_nopopinfo_garden_wild\QUAC_woK_nopopinfo_garden_wild\project_data,	OUTFILE=C:\Users\eschumacher\Documents\GitHub\GCC_QUAC_ZAIN\Data_Files\Structure_Files\QUAC\QUAC_woK_nopopinfo_garden_wild\QUAC_woK_nopopinfo_garden_wild\50-50\Results\50-50_run_96,	NUMINDS=441,	NUMLOCI=15,	MISSING=-9,	LABEL=1,	POPDATA=0,	POPFLAG=0,	PHENOTYPE=0,	EXTRACOLS=0,	MAXPOPS=20,	BURNIN=50000,	NUMREPS=50000,	USEPOPINFO=0,	INFERALPHA=1,	INFERLAMBDA=0,	POPSPECIFICLAMBDA=0,	POPALPHAS=0,	COMPUTEPROB=1,	NOADMIX=0,	ADMBURNIN=2500,	UPDATEFREQ=1,	PRINTLIKES=0,	INTERMEDSAVE=0,	PRINTKLD=0,	PRINTNET=0,	PRINTLAMBDA=0,	ANCESTDIST=0,	NUMBOXES=1000,	ANCESTPINT=0.90000,	GENSBACK=2,	MIGRPRIOR=0.05000,	PRINTQHAT=0,	PRINTQSUM=0,	ALPHA=1.0000,	FREQSCORR=1,	FPRIORMEAN=0.0100,	FPRIORSD=0.0500,	ONEFST=0,	LAMBDA=1.0000,	UNIFPRIORALPHA=1,	ALPHAMAX=10.0000,	ALPHAPRIORA=1.0000,	ALPHAPRIORB=2.0000,	ALPHAPROPSD=0.0250,	STARTATPOPINFO=0,	RANDOMIZE=1,	LINKAGE=0,	METROFREQ=10,	REPORTHITRATE=0,	MARKOVPHASE=-1,	PHASED=0,	PLOIDY=2,	PHASEINFO=0	LOCPRIOR=0, 	LOCPRIORINIT=1.000000, 	LOCDATA=0, 	LOCISPOP=0, 	LOCPRIORSTEP=0.100000, 	MAXLOCPRIOR=20.000000, 	SEED=1670380406,	
[STRAT parameters]:    NUMSIMSTATS=1000,	PHENOTYPECOL=-9,	POOLFREQ=10,	LOCUSxONLY=0,	EMERROR=0.00100,	MISSINGPHENO=-9,	