

----------------------------------------------------
STRUCTURE by Pritchard, Stephens and Donnelly (2000)
     and Falush, Stephens and Pritchard (2003)
       Code by Pritchard, Falush and Hubisz
             Version 2.3.4 (Jul 2012)
----------------------------------------------------



Command line arguments:   bin\structure -m C:\Users\eschumacher\Documents\GitHub\GCC_QUAC_ZAIN\Data_Files\Structure_Files\QUAC\QUAC_woK_nopopinfo_garden_wild\QUAC_woK_nopopinfo_garden_wild\50-50\mainparams -e C:\Users\eschumacher\Documents\GitHub\GCC_QUAC_ZAIN\Data_Files\Structure_Files\QUAC\QUAC_woK_nopopinfo_garden_wild\QUAC_woK_nopopinfo_garden_wild\50-50\extraparams 
Input File:    C:\Users\eschumacher\Documents\GitHub\GCC_QUAC_ZAIN\Data_Files\Structure_Files\QUAC\QUAC_woK_nopopinfo_garden_wild\QUAC_woK_nopopinfo_garden_wild\project_data

Run parameters:
   441 individuals
   15 loci
   20 populations assumed
   50000 Burn-in period
   50000 Reps


--------------------------------------------
Overall proportion of membership of the
sample in each of the 20 clusters

Inferred Clusters
  1      2      3      4      5      6      7      8      9     10     11     12     13     14     15     16     17     18     19     20    
0.025  0.024  0.028  0.055  0.054  0.065  0.100  0.038  0.020  0.050  0.070  0.024  0.113  0.063  0.035  0.025  0.074  0.054  0.044  0.039  

--------------------------------------------

Allele-freq. divergence among pops (Net nucleotide distance),
computed using point estimates of P.

      1       2       3       4       5       6       7       8       9      10      11      12      13      14      15      16      17      18      19      20      
 1      -    0.0018  0.0274  0.0879  0.0546  0.0894  0.0377  0.0621  0.0172  0.1132  0.0514  0.0386  0.1134  0.0489  0.0342  0.0886  0.1264  0.0792  0.0799  0.0653  
 2   0.0018     -    0.0256  0.0805  0.0518  0.0858  0.0347  0.0554  0.0139  0.1075  0.0509  0.0344  0.1022  0.0490  0.0356  0.0834  0.1200  0.0749  0.0834  0.0583  
 3   0.0274  0.0256     -    0.1037  0.0748  0.1035  0.0483  0.0920  0.0475  0.1540  0.0825  0.0585  0.1434  0.0872  0.0468  0.0961  0.1425  0.1110  0.1049  0.0857  
 4   0.0879  0.0805  0.1037     -    0.1101  0.1715  0.1153  0.1557  0.1038  0.0955  0.1450  0.1232  0.1694  0.1602  0.1068  0.0600  0.0786  0.1414  0.1666  0.1413  
 5   0.0546  0.0518  0.0748  0.1101     -    0.1294  0.0844  0.1055  0.0600  0.1864  0.0769  0.0975  0.1453  0.1147  0.0505  0.1367  0.1630  0.1323  0.1179  0.1057  
 6   0.0894  0.0858  0.1035  0.1715  0.1294     -    0.1133  0.1130  0.0999  0.2121  0.1211  0.1087  0.1831  0.1316  0.1144  0.1738  0.2319  0.1607  0.1788  0.1508  
 7   0.0377  0.0347  0.0483  0.1153  0.0844  0.1133     -    0.0861  0.0432  0.1455  0.0895  0.0706  0.1481  0.0919  0.0703  0.1205  0.1720  0.1026  0.1364  0.0893  
 8   0.0621  0.0554  0.0920  0.1557  0.1055  0.1130  0.0861     -    0.0647  0.1757  0.0904  0.0799  0.1295  0.0493  0.1045  0.1516  0.1956  0.1177  0.1640  0.1131  
 9   0.0172  0.0139  0.0475  0.1038  0.0600  0.0999  0.0432  0.0647     -    0.1292  0.0530  0.0444  0.1133  0.0612  0.0454  0.1013  0.1456  0.0974  0.0895  0.0596  
10   0.1132  0.1075  0.1540  0.0955  0.1864  0.2121  0.1455  0.1757  0.1292     -    0.1832  0.1523  0.1880  0.1711  0.1587  0.1098  0.1520  0.1689  0.2106  0.1676  
11   0.0514  0.0509  0.0825  0.1450  0.0769  0.1211  0.0895  0.0904  0.0530  0.1832     -    0.0863  0.1304  0.0987  0.0734  0.1412  0.1854  0.1230  0.1008  0.0987  
12   0.0386  0.0344  0.0585  0.1232  0.0975  0.1087  0.0706  0.0799  0.0444  0.1523  0.0863     -    0.1356  0.0890  0.0769  0.1195  0.1587  0.0954  0.1383  0.0879  
13   0.1134  0.1022  0.1434  0.1694  0.1453  0.1831  0.1481  0.1295  0.1133  0.1880  0.1304  0.1356     -    0.1600  0.1511  0.1571  0.2011  0.1158  0.2014  0.0597  
14   0.0489  0.0490  0.0872  0.1602  0.1147  0.1316  0.0919  0.0493  0.0612  0.1711  0.0987  0.0890  0.1600     -    0.1060  0.1674  0.1826  0.1135  0.1522  0.1209  
15   0.0342  0.0356  0.0468  0.1068  0.0505  0.1144  0.0703  0.1045  0.0454  0.1587  0.0734  0.0769  0.1511  0.1060     -    0.1209  0.1518  0.1330  0.0471  0.0942  
16   0.0886  0.0834  0.0961  0.0600  0.1367  0.1738  0.1205  0.1516  0.1013  0.1098  0.1412  0.1195  0.1571  0.1674  0.1209     -    0.1238  0.1547  0.1787  0.1291  
17   0.1264  0.1200  0.1425  0.0786  0.1630  0.2319  0.1720  0.1956  0.1456  0.1520  0.1854  0.1587  0.2011  0.1826  0.1518  0.1238     -    0.1522  0.2079  0.1783  
18   0.0792  0.0749  0.1110  0.1414  0.1323  0.1607  0.1026  0.1177  0.0974  0.1689  0.1230  0.0954  0.1158  0.1135  0.1330  0.1547  0.1522     -    0.1873  0.0988  
19   0.0799  0.0834  0.1049  0.1666  0.1179  0.1788  0.1364  0.1640  0.0895  0.2106  0.1008  0.1383  0.2014  0.1522  0.0471  0.1787  0.2079  0.1873     -    0.1460  
20   0.0653  0.0583  0.0857  0.1413  0.1057  0.1508  0.0893  0.1131  0.0596  0.1676  0.0987  0.0879  0.0597  0.1209  0.0942  0.1291  0.1783  0.0988  0.1460     -    

Average distances (expected heterozygosity) between individuals in same cluster:
cluster  1  : 0.6670 
cluster  2  : 0.6796 
cluster  3  : 0.6044 
cluster  4  : 0.4617 
cluster  5  : 0.4969 
cluster  6  : 0.4530 
cluster  7  : 0.5387 
cluster  8  : 0.5321 
cluster  9  : 0.6576 
cluster 10  : 0.4280 
cluster 11  : 0.4961 
cluster 12  : 0.6034 
cluster 13  : 0.3766 
cluster 14  : 0.5921 
cluster 15  : 0.5481 
cluster 16  : 0.4455 
cluster 17  : 0.3883 
cluster 18  : 0.4832 
cluster 19  : 0.4993 
cluster 20  : 0.5080 

--------------------------------------------
Estimated Ln Prob of Data   = -15617.0
Mean value of ln likelihood = -14028.0
Variance of ln likelihood   = 3178.0
Mean value of alpha         = 0.0330

Mean value of Fst_1         = 0.0652
Mean value of Fst_2         = 0.0239
Mean value of Fst_3         = 0.1456
Mean value of Fst_4         = 0.3253
Mean value of Fst_5         = 0.2524
Mean value of Fst_6         = 0.4277
Mean value of Fst_7         = 0.1739
Mean value of Fst_8         = 0.2571
Mean value of Fst_9         = 0.2007
Mean value of Fst_10         = 0.4167
Mean value of Fst_11         = 0.3050
Mean value of Fst_12         = 0.1832
Mean value of Fst_13         = 0.5251
Mean value of Fst_14         = 0.1467
Mean value of Fst_15         = 0.2054
Mean value of Fst_16         = 0.4201
Mean value of Fst_17         = 0.5548
Mean value of Fst_18         = 0.3137
Mean value of Fst_19         = 0.3320
Mean value of Fst_20         = 0.3694


Inferred ancestry of individuals:
        Label (%Miss) :  Inferred clusters
  1 QAc-G-0029    (0)   :  0.024 0.024 0.011 0.077 0.006 0.006 0.009 0.003 0.014 0.025 0.005 0.007 0.023 0.003 0.066 0.015 0.624 0.005 0.026 0.027 
  2 QAc-G-0030    (0)   :  0.002 0.002 0.002 0.004 0.002 0.002 0.002 0.002 0.002 0.002 0.002 0.002 0.002 0.002 0.002 0.003 0.956 0.003 0.002 0.002 
  3 QAc-G-0031    (0)   :  0.003 0.002 0.003 0.005 0.002 0.002 0.003 0.002 0.002 0.003 0.003 0.003 0.004 0.002 0.002 0.006 0.944 0.004 0.002 0.003 
  4 QAc-G-0061    (0)   :  0.003 0.003 0.003 0.869 0.003 0.003 0.003 0.002 0.002 0.008 0.003 0.002 0.004 0.002 0.004 0.016 0.062 0.003 0.003 0.003 
  5 QAc-G-0062    (0)   :  0.023 0.025 0.171 0.003 0.003 0.352 0.040 0.005 0.015 0.012 0.004 0.016 0.024 0.005 0.028 0.005 0.006 0.237 0.004 0.021 
  6 QAc-G-0063    (0)   :  0.026 0.021 0.023 0.003 0.015 0.008 0.008 0.007 0.017 0.004 0.012 0.014 0.182 0.007 0.064 0.006 0.004 0.036 0.009 0.534 
  7 QAc-G-0064    (0)   :  0.003 0.004 0.003 0.003 0.003 0.927 0.003 0.005 0.003 0.003 0.006 0.003 0.006 0.003 0.003 0.002 0.003 0.006 0.005 0.004 
  8 QAc-G-0065    (0)   :  0.003 0.003 0.003 0.003 0.003 0.939 0.002 0.007 0.003 0.002 0.003 0.003 0.002 0.003 0.004 0.003 0.008 0.002 0.002 0.002 
  9 QAc-G-0066    (0)   :  0.003 0.003 0.003 0.004 0.003 0.002 0.003 0.003 0.003 0.003 0.003 0.003 0.737 0.002 0.003 0.005 0.004 0.003 0.004 0.207 
 10 QAc-G-0067    (0)   :  0.003 0.003 0.003 0.006 0.003 0.926 0.004 0.003 0.003 0.010 0.003 0.003 0.003 0.003 0.002 0.008 0.005 0.002 0.002 0.003 
 11 QAc-G-0068    (0)   :  0.003 0.003 0.003 0.003 0.003 0.005 0.005 0.003 0.206 0.003 0.002 0.192 0.342 0.002 0.002 0.003 0.002 0.003 0.003 0.210 
 12 QAc-G-0070    (0)   :  0.009 0.009 0.015 0.003 0.007 0.006 0.088 0.003 0.015 0.006 0.004 0.004 0.079 0.005 0.009 0.003 0.003 0.015 0.004 0.711 
 13 QAc-G-0071   (13)   :  0.006 0.005 0.004 0.005 0.003 0.002 0.005 0.005 0.005 0.018 0.007 0.004 0.658 0.007 0.004 0.005 0.018 0.048 0.004 0.188 
 14 QAc-G-0072    (0)   :  0.003 0.004 0.005 0.004 0.004 0.003 0.005 0.003 0.003 0.002 0.004 0.005 0.854 0.002 0.005 0.005 0.003 0.003 0.004 0.079 
 15 QAc-G-0073    (0)   :  0.006 0.006 0.004 0.003 0.012 0.003 0.004 0.008 0.015 0.006 0.085 0.004 0.007 0.004 0.052 0.017 0.005 0.004 0.748 0.006 
 16 QAc-G-0074    (0)   :  0.023 0.016 0.015 0.003 0.033 0.004 0.016 0.010 0.019 0.004 0.557 0.004 0.054 0.006 0.018 0.006 0.003 0.020 0.007 0.183 
 17 QAc-G-0075    (0)   :  0.043 0.017 0.013 0.010 0.044 0.010 0.005 0.005 0.052 0.004 0.661 0.006 0.013 0.007 0.033 0.004 0.035 0.007 0.009 0.022 
 18 QAc-G-0076    (0)   :  0.038 0.089 0.010 0.008 0.101 0.007 0.012 0.087 0.036 0.009 0.018 0.005 0.011 0.003 0.195 0.004 0.009 0.004 0.348 0.008 
 19 QAc-G-0077    (0)   :  0.005 0.005 0.003 0.858 0.004 0.008 0.004 0.004 0.005 0.012 0.002 0.004 0.006 0.006 0.006 0.015 0.039 0.005 0.003 0.004 
 20 QAc-G-0078    (0)   :  0.002 0.002 0.002 0.004 0.002 0.002 0.002 0.002 0.002 0.003 0.002 0.002 0.002 0.002 0.002 0.003 0.958 0.002 0.002 0.002 
 21 QAc-G-0079    (0)   :  0.002 0.002 0.002 0.004 0.003 0.002 0.002 0.003 0.002 0.003 0.002 0.002 0.003 0.003 0.003 0.003 0.951 0.003 0.003 0.003 
 22 QAc-G-0080    (0)   :  0.069 0.033 0.010 0.004 0.005 0.029 0.004 0.010 0.026 0.616 0.061 0.014 0.005 0.008 0.015 0.062 0.003 0.010 0.013 0.003 
 23 QAc-G-0081    (0)   :  0.164 0.091 0.320 0.006 0.009 0.003 0.076 0.004 0.032 0.004 0.003 0.007 0.004 0.011 0.186 0.003 0.006 0.047 0.014 0.012 
 24 QAc-G-0082    (0)   :  0.469 0.195 0.021 0.002 0.005 0.002 0.022 0.003 0.086 0.007 0.004 0.027 0.002 0.018 0.037 0.005 0.002 0.007 0.075 0.010 
 25 QAc-G-0083    (0)   :  0.012 0.014 0.007 0.013 0.137 0.011 0.010 0.004 0.019 0.009 0.007 0.007 0.013 0.006 0.028 0.006 0.007 0.659 0.019 0.011 
 26 QAc-G-0001   (13)   :  0.003 0.002 0.003 0.006 0.003 0.002 0.003 0.003 0.002 0.005 0.002 0.002 0.004 0.003 0.003 0.004 0.943 0.003 0.003 0.003 
 27 QAc-G-0002    (0)   :  0.002 0.002 0.002 0.006 0.002 0.002 0.002 0.002 0.002 0.004 0.002 0.002 0.003 0.002 0.002 0.003 0.953 0.002 0.002 0.002 
 28 QAc-G-0285    (0)   :  0.006 0.006 0.004 0.005 0.004 0.003 0.007 0.006 0.006 0.005 0.003 0.005 0.017 0.008 0.005 0.005 0.006 0.861 0.007 0.031 
 29 QAc-G-0286    (0)   :  0.002 0.003 0.003 0.002 0.003 0.002 0.003 0.003 0.003 0.003 0.003 0.003 0.729 0.002 0.002 0.003 0.003 0.005 0.002 0.219 
 30 QAc-G-0287    (0)   :  0.002 0.002 0.002 0.003 0.002 0.002 0.002 0.003 0.002 0.002 0.003 0.002 0.952 0.002 0.002 0.003 0.002 0.003 0.002 0.005 
 31 QAc-G-0288    (6)   :  0.004 0.005 0.006 0.008 0.005 0.003 0.006 0.003 0.007 0.004 0.004 0.004 0.166 0.003 0.004 0.007 0.007 0.004 0.004 0.745 
 32 QAc-G-0289    (0)   :  0.003 0.003 0.002 0.003 0.003 0.003 0.003 0.004 0.003 0.003 0.003 0.002 0.932 0.002 0.003 0.005 0.002 0.003 0.002 0.013 
 33 QAc-G-0290    (0)   :  0.003 0.003 0.003 0.004 0.004 0.006 0.003 0.003 0.003 0.003 0.003 0.003 0.744 0.003 0.003 0.004 0.002 0.004 0.003 0.197 
 34 QAc-G-0291    (0)   :  0.003 0.004 0.003 0.011 0.002 0.002 0.002 0.003 0.003 0.008 0.002 0.004 0.881 0.002 0.006 0.017 0.022 0.012 0.007 0.005 
 35 QAc-G-0292    (0)   :  0.006 0.005 0.012 0.004 0.004 0.003 0.011 0.010 0.005 0.003 0.004 0.006 0.251 0.005 0.005 0.006 0.003 0.636 0.003 0.017 
 36 QAc-G-0293    (0)   :  0.003 0.003 0.002 0.004 0.002 0.002 0.002 0.003 0.002 0.003 0.002 0.003 0.489 0.002 0.002 0.004 0.009 0.450 0.003 0.010 
 37 QAc-G-0294    (0)   :  0.034 0.026 0.020 0.009 0.028 0.006 0.007 0.042 0.025 0.003 0.029 0.027 0.005 0.010 0.512 0.011 0.011 0.003 0.189 0.004 
 38 QAc-G-0295    (0)   :  0.014 0.015 0.004 0.017 0.018 0.003 0.003 0.003 0.008 0.003 0.029 0.007 0.006 0.005 0.048 0.007 0.005 0.004 0.798 0.003 
 39 QAc-G-0296    (0)   :  0.003 0.003 0.003 0.005 0.007 0.007 0.004 0.006 0.004 0.003 0.911 0.003 0.005 0.003 0.008 0.006 0.003 0.004 0.009 0.004 
 40 QAc-G-0297    (0)   :  0.289 0.223 0.005 0.002 0.062 0.004 0.006 0.007 0.144 0.005 0.178 0.005 0.003 0.015 0.029 0.004 0.002 0.003 0.010 0.004 
 41 QAc-G-0298    (6)   :  0.019 0.012 0.004 0.043 0.015 0.003 0.004 0.003 0.006 0.004 0.710 0.005 0.003 0.004 0.016 0.009 0.008 0.007 0.121 0.003 
 42 QAc-G-0299    (0)   :  0.018 0.018 0.008 0.007 0.185 0.004 0.003 0.012 0.015 0.003 0.607 0.015 0.013 0.011 0.035 0.006 0.003 0.005 0.014 0.016 
 43 QAc-G-0300    (0)   :  0.009 0.007 0.018 0.004 0.036 0.021 0.011 0.007 0.011 0.003 0.773 0.006 0.003 0.004 0.046 0.005 0.002 0.003 0.029 0.004 
 44 QAc-G-0301    (0)   :  0.027 0.011 0.005 0.009 0.025 0.178 0.004 0.005 0.063 0.004 0.569 0.005 0.016 0.005 0.018 0.007 0.008 0.008 0.020 0.013 
 45 QAc-G-0302    (0)   :  0.020 0.018 0.010 0.004 0.032 0.003 0.005 0.014 0.012 0.003 0.007 0.034 0.006 0.806 0.006 0.004 0.003 0.005 0.002 0.006 
 46 QAc-G-0303    (0)   :  0.020 0.022 0.006 0.003 0.003 0.005 0.034 0.010 0.010 0.010 0.003 0.018 0.003 0.809 0.011 0.003 0.002 0.008 0.010 0.006 
 47 QAc-G-0304    (0)   :  0.002 0.003 0.002 0.003 0.003 0.002 0.002 0.002 0.002 0.003 0.004 0.002 0.947 0.002 0.003 0.003 0.004 0.005 0.003 0.003 
 48 QAc-G-0305    (0)   :  0.015 0.020 0.008 0.019 0.004 0.003 0.021 0.030 0.019 0.045 0.005 0.056 0.185 0.015 0.005 0.018 0.030 0.105 0.006 0.393 
 49 QAc-G-0306    (0)   :  0.002 0.002 0.002 0.003 0.003 0.002 0.003 0.002 0.002 0.004 0.002 0.003 0.718 0.002 0.002 0.005 0.003 0.005 0.002 0.232 
 50 QAc-G-0307    (0)   :  0.016 0.015 0.053 0.031 0.012 0.007 0.025 0.006 0.011 0.620 0.012 0.013 0.003 0.012 0.011 0.010 0.118 0.015 0.006 0.006 
 51 QAc-G-0308    (0)   :  0.005 0.006 0.004 0.285 0.006 0.002 0.006 0.008 0.011 0.535 0.012 0.004 0.010 0.004 0.007 0.045 0.015 0.006 0.016 0.013 
 52 QAc-G-0309    (0)   :  0.008 0.011 0.006 0.006 0.004 0.002 0.003 0.003 0.007 0.004 0.003 0.006 0.004 0.003 0.005 0.007 0.905 0.004 0.003 0.005 
 53 QAc-G-0310    (0)   :  0.003 0.003 0.003 0.006 0.003 0.003 0.003 0.003 0.003 0.003 0.003 0.003 0.003 0.002 0.003 0.005 0.941 0.003 0.003 0.003 
 54 QAc-G-0311    (0)   :  0.002 0.002 0.002 0.030 0.002 0.002 0.002 0.002 0.002 0.903 0.003 0.002 0.002 0.002 0.002 0.013 0.018 0.002 0.002 0.002 
 55 QAc-G-0312    (0)   :  0.061 0.055 0.020 0.005 0.040 0.016 0.026 0.021 0.041 0.520 0.022 0.029 0.005 0.024 0.017 0.041 0.005 0.004 0.041 0.007 
 56 QAc-G-0313    (0)   :  0.046 0.071 0.627 0.006 0.007 0.006 0.015 0.003 0.027 0.003 0.014 0.015 0.008 0.006 0.015 0.007 0.022 0.080 0.009 0.014 
 57 QAc-G-0314    (0)   :  0.037 0.035 0.751 0.008 0.023 0.005 0.014 0.005 0.018 0.003 0.034 0.005 0.003 0.010 0.016 0.009 0.004 0.002 0.011 0.007 
 58 QAc-G-0315    (0)   :  0.047 0.075 0.659 0.005 0.017 0.004 0.004 0.009 0.023 0.002 0.005 0.076 0.009 0.013 0.021 0.005 0.003 0.003 0.003 0.017 
 59 QAc-G-0316    (0)   :  0.027 0.031 0.799 0.011 0.009 0.005 0.009 0.003 0.013 0.009 0.003 0.006 0.006 0.004 0.005 0.022 0.020 0.004 0.002 0.012 
 60 QAc-G-0032    (6)   :  0.033 0.020 0.008 0.003 0.003 0.115 0.006 0.049 0.390 0.003 0.012 0.189 0.005 0.121 0.005 0.005 0.005 0.003 0.009 0.015 
 61 QAc-G-0033    (0)   :  0.005 0.005 0.005 0.008 0.062 0.006 0.005 0.005 0.012 0.002 0.835 0.004 0.004 0.004 0.012 0.005 0.007 0.003 0.007 0.005 
 62 QAc-G-0034    (0)   :  0.009 0.011 0.009 0.011 0.010 0.006 0.015 0.007 0.012 0.023 0.788 0.005 0.003 0.005 0.040 0.014 0.011 0.003 0.010 0.007 
 63 QAc-G-0035    (0)   :  0.010 0.009 0.005 0.004 0.195 0.009 0.005 0.009 0.011 0.004 0.009 0.004 0.006 0.005 0.583 0.005 0.003 0.006 0.091 0.026 
 64 QAc-G-0036    (0)   :  0.005 0.006 0.007 0.005 0.004 0.003 0.005 0.003 0.007 0.003 0.901 0.006 0.007 0.003 0.004 0.006 0.003 0.005 0.004 0.012 
 65 QAc-G-0037    (0)   :  0.003 0.003 0.002 0.007 0.003 0.003 0.002 0.004 0.003 0.007 0.004 0.003 0.009 0.002 0.006 0.011 0.003 0.003 0.917 0.005 
 66 QAc-G-0038    (0)   :  0.010 0.005 0.007 0.002 0.013 0.003 0.010 0.003 0.009 0.002 0.562 0.003 0.003 0.003 0.134 0.002 0.002 0.002 0.222 0.004 
 67 QAc-G-0039    (0)   :  0.021 0.019 0.152 0.021 0.018 0.003 0.013 0.009 0.014 0.007 0.029 0.011 0.006 0.007 0.557 0.043 0.009 0.003 0.051 0.006 
 68 QAc-G-0040    (0)   :  0.023 0.021 0.009 0.004 0.026 0.004 0.050 0.067 0.026 0.008 0.062 0.005 0.091 0.004 0.114 0.004 0.004 0.025 0.444 0.008 
 69 QAc-G-0041    (0)   :  0.004 0.005 0.006 0.002 0.004 0.062 0.017 0.003 0.004 0.002 0.095 0.003 0.002 0.003 0.007 0.002 0.002 0.009 0.762 0.007 
 70 QAc-G-0042    (0)   :  0.004 0.004 0.003 0.004 0.008 0.004 0.003 0.008 0.004 0.003 0.917 0.003 0.006 0.003 0.005 0.004 0.002 0.003 0.007 0.005 
 71 QAc-G-0043    (0)   :  0.008 0.007 0.005 0.015 0.022 0.003 0.004 0.009 0.018 0.004 0.022 0.003 0.013 0.005 0.057 0.012 0.005 0.004 0.778 0.007 
 72 QAc-G-0044    (0)   :  0.007 0.008 0.006 0.003 0.008 0.024 0.004 0.013 0.005 0.003 0.870 0.004 0.006 0.009 0.007 0.003 0.003 0.004 0.006 0.006 
 73 QAc-G-0045    (0)   :  0.007 0.006 0.007 0.024 0.035 0.010 0.006 0.009 0.017 0.020 0.737 0.004 0.005 0.003 0.036 0.027 0.009 0.003 0.026 0.009 
 74 QAc-G-0046    (0)   :  0.011 0.009 0.011 0.006 0.006 0.004 0.006 0.006 0.007 0.004 0.007 0.011 0.002 0.003 0.423 0.004 0.010 0.003 0.464 0.003 
 75 QAc-G-0047    (0)   :  0.008 0.007 0.011 0.017 0.020 0.004 0.005 0.010 0.006 0.005 0.005 0.005 0.006 0.007 0.753 0.018 0.012 0.004 0.094 0.006 
 76 QAc-G-0048    (0)   :  0.035 0.014 0.013 0.003 0.019 0.005 0.010 0.005 0.022 0.002 0.097 0.006 0.004 0.006 0.275 0.003 0.002 0.010 0.464 0.004 
 77 QAc-G-0049    (0)   :  0.002 0.002 0.003 0.010 0.003 0.002 0.003 0.002 0.003 0.004 0.002 0.003 0.003 0.002 0.003 0.008 0.935 0.003 0.002 0.003 
 78 QAc-G-0050    (0)   :  0.261 0.331 0.022 0.014 0.004 0.004 0.012 0.005 0.073 0.086 0.002 0.054 0.022 0.045 0.008 0.005 0.010 0.005 0.005 0.032 
 79 QAc-G-0051    (0)   :  0.002 0.002 0.002 0.004 0.002 0.002 0.002 0.002 0.002 0.004 0.002 0.002 0.003 0.002 0.002 0.003 0.952 0.003 0.002 0.002 
 80 QAc-G-0052    (0)   :  0.013 0.012 0.014 0.262 0.006 0.011 0.007 0.004 0.011 0.527 0.006 0.007 0.004 0.003 0.009 0.063 0.016 0.003 0.018 0.005 
 81 QAc-G-0053    (0)   :  0.005 0.005 0.004 0.906 0.003 0.003 0.002 0.002 0.003 0.004 0.003 0.002 0.005 0.002 0.013 0.008 0.006 0.003 0.013 0.006 
 82 QAc-G-0054    (0)   :  0.071 0.096 0.053 0.003 0.006 0.004 0.026 0.017 0.028 0.579 0.005 0.013 0.003 0.016 0.007 0.011 0.002 0.002 0.049 0.009 
 83 QAc-G-0055    (0)   :  0.115 0.052 0.017 0.004 0.005 0.003 0.009 0.008 0.018 0.658 0.021 0.024 0.003 0.031 0.007 0.006 0.004 0.003 0.006 0.006 
 84 QAc-G-0056    (0)   :  0.189 0.381 0.005 0.007 0.007 0.006 0.036 0.008 0.113 0.154 0.006 0.027 0.008 0.010 0.013 0.006 0.003 0.004 0.003 0.014 
 85 QAc-G-0057    (0)   :  0.003 0.002 0.002 0.005 0.003 0.002 0.002 0.002 0.002 0.004 0.003 0.003 0.003 0.003 0.003 0.003 0.945 0.003 0.003 0.003 
 86 QAc-G-0058    (6)   :  0.002 0.002 0.002 0.004 0.002 0.002 0.002 0.002 0.002 0.004 0.003 0.003 0.002 0.002 0.002 0.003 0.951 0.003 0.002 0.003 
 87 QAc-G-0059    (0)   :  0.166 0.082 0.015 0.003 0.002 0.002 0.005 0.002 0.025 0.550 0.004 0.006 0.002 0.005 0.057 0.004 0.004 0.002 0.059 0.004 
 88 QAc-G-0060    (6)   :  0.027 0.050 0.007 0.609 0.010 0.007 0.005 0.004 0.017 0.152 0.004 0.009 0.023 0.004 0.009 0.006 0.033 0.006 0.007 0.015 
 89 QAc-G-0276    (0)   :  0.007 0.007 0.005 0.011 0.018 0.003 0.004 0.004 0.011 0.010 0.006 0.004 0.217 0.004 0.011 0.011 0.005 0.595 0.014 0.053 
 90 QAc-G-0279    (0)   :  0.003 0.003 0.003 0.004 0.004 0.002 0.003 0.003 0.004 0.004 0.003 0.004 0.724 0.002 0.003 0.004 0.006 0.003 0.003 0.216 
 91 QAc-G-0280    (6)   :  0.005 0.005 0.004 0.003 0.011 0.004 0.004 0.003 0.004 0.003 0.008 0.006 0.733 0.003 0.004 0.004 0.003 0.005 0.003 0.185 
 92 QAc-G-0281    (0)   :  0.003 0.003 0.003 0.012 0.003 0.002 0.002 0.003 0.003 0.930 0.003 0.002 0.004 0.002 0.004 0.006 0.006 0.003 0.003 0.003 
 93 QAc-G-0018    (0)   :  0.012 0.011 0.015 0.014 0.007 0.005 0.006 0.016 0.010 0.019 0.746 0.048 0.005 0.008 0.012 0.031 0.011 0.003 0.017 0.005 
 94 QAc-G-0019    (0)   :  0.011 0.008 0.009 0.005 0.055 0.111 0.006 0.011 0.036 0.003 0.658 0.006 0.009 0.003 0.016 0.007 0.003 0.015 0.013 0.015 
 95 QAc-G-0020    (0)   :  0.006 0.007 0.006 0.003 0.008 0.007 0.003 0.005 0.005 0.003 0.005 0.004 0.003 0.002 0.033 0.005 0.003 0.003 0.887 0.003 
 96 QAc-G-0021    (6)   :  0.007 0.004 0.008 0.015 0.007 0.036 0.002 0.003 0.008 0.003 0.006 0.003 0.002 0.002 0.010 0.003 0.014 0.002 0.861 0.003 
 97 QAc-G-0022    (6)   :  0.147 0.058 0.037 0.023 0.066 0.070 0.057 0.005 0.060 0.008 0.066 0.009 0.004 0.007 0.221 0.005 0.006 0.008 0.132 0.012 
 98 QAc-G-0023    (0)   :  0.003 0.003 0.003 0.014 0.003 0.002 0.002 0.003 0.003 0.316 0.003 0.003 0.003 0.003 0.003 0.007 0.615 0.004 0.003 0.003 
 99 QAc-G-0024    (0)   :  0.003 0.003 0.004 0.008 0.004 0.003 0.003 0.003 0.003 0.004 0.004 0.003 0.003 0.003 0.004 0.011 0.927 0.002 0.003 0.003 
100 QAc-G-0016    (0)   :  0.028 0.053 0.005 0.004 0.005 0.006 0.009 0.100 0.126 0.440 0.035 0.074 0.007 0.074 0.005 0.005 0.003 0.004 0.006 0.012 
101 QAc-G-0017    (0)   :  0.039 0.015 0.129 0.003 0.004 0.178 0.008 0.030 0.023 0.002 0.007 0.010 0.006 0.506 0.010 0.003 0.003 0.006 0.009 0.007 
102 QAc-G-0250    (0)   :  0.077 0.085 0.030 0.003 0.007 0.006 0.010 0.009 0.051 0.012 0.006 0.185 0.081 0.019 0.031 0.020 0.007 0.233 0.019 0.109 
103 QAc-G-0003    (6)   :  0.004 0.004 0.004 0.005 0.005 0.003 0.005 0.004 0.005 0.005 0.004 0.006 0.628 0.003 0.004 0.005 0.004 0.009 0.004 0.290 
104 QAc-G-0004    (0)   :  0.028 0.017 0.038 0.004 0.020 0.006 0.004 0.009 0.019 0.003 0.007 0.009 0.003 0.736 0.026 0.014 0.009 0.005 0.039 0.004 
105 QAc-G-0005    (0)   :  0.003 0.003 0.003 0.003 0.003 0.945 0.003 0.005 0.003 0.002 0.003 0.003 0.003 0.003 0.003 0.003 0.003 0.002 0.002 0.003 
106 QAc-G-0006    (6)   :  0.052 0.018 0.011 0.002 0.007 0.003 0.010 0.005 0.015 0.004 0.004 0.011 0.004 0.811 0.015 0.007 0.002 0.007 0.005 0.007 
107 QAc-G-0283    (0)   :  0.293 0.211 0.031 0.004 0.004 0.003 0.165 0.004 0.072 0.004 0.008 0.010 0.003 0.038 0.014 0.003 0.003 0.115 0.005 0.009 
108 QAc-G-0265    (0)   :  0.082 0.092 0.017 0.005 0.030 0.003 0.007 0.007 0.038 0.003 0.007 0.031 0.004 0.005 0.042 0.006 0.387 0.216 0.003 0.014 
109 QAc-G-0266    (0)   :  0.002 0.002 0.002 0.005 0.002 0.002 0.002 0.002 0.002 0.005 0.002 0.002 0.004 0.002 0.002 0.006 0.947 0.003 0.002 0.003 
110 QAc-G-0267    (0)   :  0.012 0.013 0.005 0.007 0.022 0.062 0.008 0.005 0.026 0.005 0.095 0.006 0.004 0.004 0.028 0.006 0.003 0.550 0.133 0.005 
111 QAc-G-0268   (20)   :  0.084 0.121 0.065 0.004 0.013 0.008 0.004 0.010 0.029 0.004 0.005 0.034 0.365 0.016 0.011 0.051 0.003 0.009 0.003 0.159 
112 QAc-G-0269    (0)   :  0.003 0.003 0.003 0.003 0.004 0.003 0.002 0.002 0.004 0.003 0.004 0.003 0.913 0.003 0.004 0.004 0.004 0.003 0.004 0.028 
113 QAc-G-0270    (6)   :  0.003 0.003 0.003 0.003 0.004 0.004 0.003 0.003 0.003 0.002 0.939 0.003 0.004 0.002 0.003 0.003 0.003 0.003 0.003 0.003 
114 QAc-G-0271    (0)   :  0.115 0.077 0.024 0.005 0.144 0.114 0.006 0.006 0.088 0.003 0.021 0.013 0.003 0.010 0.303 0.005 0.003 0.005 0.031 0.023 
115 QAc-G-0272    (6)   :  0.004 0.004 0.004 0.006 0.007 0.003 0.004 0.009 0.005 0.003 0.893 0.004 0.008 0.004 0.007 0.009 0.004 0.004 0.006 0.012 
116 QAc-G-0273    (0)   :  0.003 0.003 0.003 0.006 0.002 0.003 0.003 0.004 0.002 0.934 0.003 0.003 0.004 0.002 0.003 0.005 0.010 0.003 0.002 0.003 
117 QAc-G-0274    (0)   :  0.002 0.002 0.002 0.003 0.003 0.956 0.003 0.003 0.002 0.002 0.003 0.003 0.002 0.002 0.002 0.002 0.002 0.002 0.002 0.002 
118 QAc-G-0251    (6)   :  0.003 0.003 0.003 0.003 0.003 0.005 0.004 0.005 0.003 0.004 0.933 0.003 0.003 0.005 0.003 0.003 0.004 0.003 0.003 0.003 
119 QAc-G-0252    (0)   :  0.015 0.011 0.005 0.009 0.005 0.006 0.027 0.007 0.021 0.007 0.739 0.006 0.004 0.012 0.009 0.004 0.003 0.003 0.101 0.006 
120 QAc-G-0253    (0)   :  0.006 0.006 0.004 0.009 0.003 0.002 0.003 0.003 0.004 0.911 0.004 0.003 0.004 0.003 0.006 0.007 0.014 0.003 0.005 0.003 
121 QAc-G-0254    (0)   :  0.007 0.008 0.004 0.049 0.003 0.003 0.003 0.003 0.004 0.013 0.003 0.003 0.003 0.003 0.005 0.009 0.870 0.003 0.002 0.002 
122 QAc-G-0255    (0)   :  0.025 0.018 0.007 0.006 0.029 0.005 0.005 0.006 0.019 0.003 0.005 0.015 0.003 0.814 0.008 0.004 0.003 0.005 0.005 0.013 
123 QAc-G-0256    (0)   :  0.003 0.004 0.003 0.003 0.004 0.004 0.003 0.867 0.004 0.003 0.004 0.005 0.006 0.066 0.004 0.003 0.003 0.004 0.002 0.003 
124 QAc-G-0257    (0)   :  0.026 0.033 0.005 0.038 0.004 0.072 0.031 0.041 0.012 0.004 0.014 0.016 0.003 0.661 0.007 0.004 0.002 0.005 0.018 0.005 
125 QAc-G-0258    (0)   :  0.008 0.008 0.004 0.003 0.004 0.006 0.003 0.012 0.005 0.002 0.004 0.004 0.003 0.916 0.004 0.003 0.002 0.003 0.004 0.003 
126 QAc-G-0259    (0)   :  0.267 0.533 0.012 0.001 0.006 0.002 0.008 0.006 0.114 0.004 0.002 0.004 0.002 0.009 0.008 0.002 0.002 0.002 0.004 0.012 
127 QAc-G-0260    (0)   :  0.228 0.337 0.013 0.024 0.010 0.027 0.027 0.146 0.053 0.004 0.007 0.040 0.031 0.007 0.009 0.004 0.004 0.006 0.006 0.017 
128 QAc-G-0261    (0)   :  0.248 0.182 0.032 0.004 0.003 0.353 0.005 0.006 0.040 0.003 0.009 0.066 0.003 0.013 0.010 0.004 0.003 0.003 0.010 0.004 
129 QAc-G-0262    (0)   :  0.350 0.256 0.018 0.005 0.003 0.018 0.012 0.095 0.075 0.005 0.006 0.079 0.012 0.028 0.006 0.003 0.004 0.012 0.005 0.007 
130 QAc-G-0010    (0)   :  0.008 0.008 0.010 0.007 0.004 0.004 0.004 0.003 0.005 0.003 0.005 0.005 0.023 0.003 0.016 0.007 0.012 0.669 0.011 0.193 
131 QAc-G-0011    (0)   :  0.004 0.005 0.914 0.003 0.003 0.006 0.017 0.003 0.005 0.003 0.004 0.004 0.003 0.003 0.006 0.004 0.003 0.002 0.005 0.004 
132 QAc-G-0015    (0)   :  0.056 0.028 0.020 0.013 0.003 0.006 0.023 0.013 0.015 0.250 0.007 0.007 0.002 0.076 0.012 0.021 0.424 0.009 0.006 0.006 
133 QAc-G-0106    (0)   :  0.015 0.021 0.003 0.003 0.005 0.024 0.006 0.062 0.012 0.002 0.044 0.007 0.003 0.778 0.003 0.002 0.002 0.002 0.003 0.003 
134 QAc-G-0107    (0)   :  0.011 0.013 0.011 0.007 0.004 0.003 0.004 0.738 0.007 0.009 0.007 0.050 0.005 0.096 0.005 0.006 0.005 0.012 0.002 0.005 
135 QAc-G-0108    (0)   :  0.007 0.006 0.005 0.003 0.003 0.004 0.004 0.797 0.008 0.002 0.006 0.005 0.006 0.121 0.004 0.002 0.002 0.003 0.006 0.005 
136 QAc-G-0109    (0)   :  0.079 0.055 0.029 0.007 0.004 0.023 0.024 0.022 0.032 0.022 0.015 0.038 0.005 0.603 0.006 0.007 0.005 0.007 0.007 0.010 
137 QAc-G-0110    (0)   :  0.039 0.024 0.007 0.005 0.015 0.003 0.009 0.060 0.078 0.005 0.028 0.008 0.023 0.610 0.007 0.005 0.005 0.010 0.008 0.051 
138 QAc-G-0111    (0)   :  0.023 0.011 0.013 0.005 0.007 0.006 0.006 0.022 0.010 0.005 0.007 0.014 0.006 0.792 0.011 0.006 0.007 0.021 0.025 0.005 
139 QAc-G-0112    (0)   :  0.015 0.018 0.010 0.007 0.004 0.004 0.004 0.078 0.008 0.004 0.004 0.009 0.035 0.763 0.004 0.006 0.011 0.013 0.004 0.004 
140 QAc-G-0113    (0)   :  0.025 0.021 0.006 0.023 0.005 0.018 0.007 0.087 0.017 0.066 0.010 0.078 0.006 0.585 0.010 0.004 0.002 0.015 0.005 0.009 
141 QAc-G-0114    (0)   :  0.014 0.017 0.006 0.015 0.031 0.003 0.004 0.006 0.028 0.005 0.011 0.018 0.011 0.761 0.023 0.010 0.008 0.006 0.006 0.017 
142 QAc-G-0115    (0)   :  0.012 0.015 0.012 0.004 0.003 0.005 0.004 0.040 0.011 0.006 0.004 0.010 0.009 0.830 0.004 0.010 0.003 0.004 0.005 0.008 
143 QAc-G-0116    (0)   :  0.008 0.007 0.009 0.005 0.004 0.008 0.005 0.014 0.006 0.006 0.004 0.012 0.012 0.857 0.005 0.005 0.006 0.014 0.003 0.010 
144 QAc-G-0117    (0)   :  0.101 0.028 0.021 0.012 0.029 0.029 0.008 0.294 0.033 0.016 0.052 0.171 0.004 0.023 0.045 0.040 0.005 0.024 0.057 0.007 
145 QAc-G-0118    (0)   :  0.007 0.009 0.007 0.002 0.007 0.025 0.008 0.010 0.006 0.002 0.008 0.003 0.003 0.869 0.003 0.002 0.002 0.012 0.004 0.010 
146 QAc-G-0119    (0)   :  0.022 0.019 0.014 0.004 0.008 0.023 0.003 0.007 0.008 0.003 0.007 0.005 0.002 0.831 0.012 0.003 0.010 0.002 0.011 0.005 
147 QAc-G-0120    (0)   :  0.053 0.046 0.013 0.007 0.011 0.005 0.008 0.006 0.057 0.004 0.011 0.009 0.005 0.723 0.008 0.012 0.004 0.006 0.004 0.007 
148 QAc-G-0121    (0)   :  0.004 0.004 0.005 0.002 0.004 0.897 0.003 0.013 0.004 0.005 0.009 0.004 0.007 0.006 0.007 0.003 0.004 0.004 0.011 0.005 
149 QAc-G-0122    (0)   :  0.005 0.004 0.009 0.003 0.006 0.836 0.004 0.017 0.004 0.004 0.009 0.005 0.042 0.006 0.008 0.003 0.004 0.008 0.010 0.013 
150 QAc-G-0123    (0)   :  0.003 0.003 0.002 0.003 0.004 0.952 0.002 0.002 0.002 0.002 0.004 0.002 0.002 0.002 0.003 0.003 0.002 0.002 0.004 0.002 
151 QAc-G-0124    (6)   :  0.004 0.003 0.003 0.003 0.005 0.937 0.004 0.004 0.003 0.003 0.005 0.003 0.003 0.003 0.003 0.004 0.003 0.003 0.002 0.003 
152 QAc-G-0125    (0)   :  0.124 0.100 0.034 0.013 0.003 0.445 0.030 0.006 0.036 0.005 0.003 0.050 0.010 0.019 0.015 0.025 0.031 0.019 0.020 0.012 
153 QAc-G-0126    (0)   :  0.156 0.211 0.131 0.024 0.004 0.142 0.013 0.044 0.063 0.032 0.010 0.027 0.005 0.068 0.016 0.005 0.003 0.005 0.015 0.029 
154 QAc-G-0127    (0)   :  0.008 0.009 0.003 0.005 0.004 0.851 0.013 0.016 0.023 0.008 0.006 0.008 0.004 0.006 0.006 0.006 0.003 0.004 0.006 0.010 
155 QAc-G-0128    (0)   :  0.003 0.003 0.003 0.003 0.004 0.942 0.003 0.004 0.003 0.003 0.003 0.003 0.005 0.003 0.003 0.003 0.003 0.003 0.002 0.003 
156 QAc-G-0129    (0)   :  0.002 0.002 0.002 0.002 0.003 0.954 0.002 0.003 0.002 0.002 0.003 0.002 0.002 0.003 0.002 0.002 0.002 0.002 0.002 0.003 
157 QAc-G-0130    (0)   :  0.007 0.006 0.004 0.003 0.003 0.765 0.015 0.065 0.023 0.003 0.006 0.006 0.003 0.029 0.006 0.003 0.002 0.007 0.012 0.031 
158 QAc-G-0131    (0)   :  0.005 0.004 0.005 0.004 0.007 0.909 0.004 0.007 0.004 0.006 0.005 0.004 0.005 0.004 0.007 0.004 0.003 0.003 0.006 0.004 
159 QAc-G-0132    (0)   :  0.013 0.017 0.007 0.005 0.008 0.723 0.005 0.046 0.012 0.006 0.004 0.014 0.015 0.060 0.005 0.018 0.015 0.010 0.006 0.010 
160 QAc-G-0133    (0)   :  0.006 0.005 0.003 0.003 0.004 0.891 0.004 0.011 0.005 0.003 0.024 0.004 0.006 0.002 0.004 0.004 0.004 0.005 0.006 0.004 
161 QAc-G-0134    (0)   :  0.004 0.004 0.004 0.002 0.005 0.921 0.003 0.007 0.004 0.003 0.004 0.003 0.004 0.004 0.005 0.004 0.010 0.003 0.004 0.004 
162 QAc-G-0135    (0)   :  0.007 0.006 0.007 0.007 0.010 0.003 0.004 0.004 0.005 0.003 0.007 0.003 0.005 0.892 0.008 0.006 0.007 0.003 0.005 0.007 
163 QAc-G-0136    (0)   :  0.011 0.011 0.008 0.004 0.005 0.005 0.013 0.021 0.007 0.010 0.008 0.020 0.005 0.723 0.003 0.008 0.006 0.121 0.004 0.008 
164 QAc-G-0137    (0)   :  0.011 0.013 0.032 0.003 0.011 0.042 0.005 0.030 0.009 0.003 0.011 0.058 0.005 0.732 0.011 0.009 0.003 0.005 0.003 0.004 
165 QAc-G-0138    (0)   :  0.010 0.010 0.021 0.004 0.003 0.006 0.031 0.009 0.006 0.012 0.003 0.004 0.003 0.828 0.003 0.004 0.004 0.034 0.002 0.003 
166 QAc-G-0139    (0)   :  0.006 0.007 0.007 0.002 0.005 0.025 0.006 0.009 0.006 0.003 0.031 0.006 0.003 0.786 0.022 0.003 0.002 0.003 0.065 0.004 
167 QAc-G-0140    (6)   :  0.005 0.004 0.004 0.003 0.006 0.005 0.003 0.917 0.004 0.003 0.005 0.008 0.003 0.011 0.004 0.005 0.002 0.003 0.003 0.003 
168 QAc-G-0141    (0)   :  0.059 0.042 0.007 0.007 0.010 0.009 0.025 0.593 0.024 0.067 0.013 0.062 0.010 0.009 0.020 0.009 0.005 0.012 0.008 0.011 
169 QAc-G-0142    (0)   :  0.004 0.004 0.003 0.002 0.009 0.003 0.003 0.006 0.005 0.002 0.004 0.003 0.003 0.931 0.004 0.002 0.002 0.003 0.002 0.003 
170 QAc-G-0143    (0)   :  0.109 0.657 0.009 0.006 0.004 0.003 0.003 0.003 0.104 0.004 0.006 0.004 0.005 0.004 0.002 0.004 0.002 0.003 0.004 0.064 
171 QAc-G-0144    (6)   :  0.105 0.109 0.043 0.003 0.003 0.002 0.004 0.005 0.057 0.004 0.005 0.047 0.004 0.538 0.005 0.032 0.003 0.009 0.006 0.016 
172 QAc-G-0145    (0)   :  0.003 0.003 0.003 0.003 0.003 0.002 0.003 0.003 0.005 0.002 0.006 0.003 0.680 0.003 0.003 0.003 0.003 0.005 0.003 0.261 
173 QAc-G-0146    (0)   :  0.003 0.003 0.002 0.004 0.004 0.945 0.003 0.003 0.003 0.004 0.003 0.002 0.003 0.002 0.002 0.004 0.002 0.002 0.002 0.003 
174 QAc-G-0147    (0)   :  0.092 0.109 0.025 0.012 0.008 0.169 0.181 0.044 0.043 0.006 0.037 0.203 0.006 0.012 0.014 0.005 0.003 0.017 0.006 0.008 
175 QAc-G-0148    (0)   :  0.008 0.009 0.007 0.004 0.005 0.007 0.005 0.015 0.014 0.003 0.018 0.869 0.003 0.011 0.005 0.003 0.003 0.006 0.004 0.003 
176 QAc-G-0149    (0)   :  0.003 0.003 0.004 0.002 0.005 0.934 0.003 0.004 0.003 0.002 0.004 0.003 0.004 0.003 0.006 0.002 0.002 0.003 0.006 0.004 
177 QAc-G-0150    (0)   :  0.003 0.003 0.003 0.003 0.003 0.003 0.003 0.002 0.003 0.004 0.003 0.004 0.735 0.002 0.003 0.004 0.003 0.004 0.003 0.209 
178 QAc-G-0151    (0)   :  0.003 0.003 0.002 0.003 0.005 0.941 0.003 0.003 0.003 0.002 0.005 0.003 0.003 0.003 0.003 0.004 0.002 0.003 0.004 0.003 
179 QAc-G-0152    (0)   :  0.003 0.003 0.003 0.006 0.004 0.934 0.003 0.002 0.003 0.005 0.005 0.002 0.002 0.002 0.003 0.006 0.003 0.002 0.004 0.003 
180 QAc-G-0153    (0)   :  0.012 0.010 0.005 0.002 0.005 0.836 0.014 0.007 0.006 0.002 0.020 0.005 0.002 0.006 0.005 0.002 0.002 0.052 0.006 0.003 
181 QAc-G-0154    (0)   :  0.005 0.007 0.004 0.003 0.004 0.743 0.003 0.054 0.008 0.003 0.091 0.004 0.008 0.015 0.005 0.002 0.003 0.012 0.013 0.013 
182 QAc-G-0155    (0)   :  0.003 0.003 0.002 0.003 0.006 0.941 0.003 0.003 0.003 0.002 0.005 0.003 0.003 0.002 0.003 0.003 0.002 0.003 0.004 0.003 
183 QAc-G-0158    (0)   :  0.002 0.002 0.003 0.003 0.003 0.951 0.003 0.003 0.002 0.003 0.002 0.003 0.003 0.003 0.002 0.003 0.003 0.003 0.002 0.003 
184 QAc-G-0159    (0)   :  0.031 0.030 0.074 0.004 0.005 0.015 0.010 0.091 0.026 0.006 0.011 0.014 0.013 0.623 0.012 0.006 0.009 0.004 0.010 0.007 
185 QAc-G-0160    (0)   :  0.002 0.002 0.002 0.003 0.002 0.002 0.002 0.003 0.002 0.002 0.003 0.002 0.953 0.002 0.002 0.003 0.002 0.002 0.002 0.006 
186 QAc-G-0161    (0)   :  0.003 0.002 0.002 0.002 0.003 0.002 0.002 0.002 0.002 0.002 0.003 0.002 0.952 0.002 0.002 0.002 0.002 0.003 0.002 0.005 
187 QAc-G-0162    (0)   :  0.019 0.019 0.028 0.003 0.005 0.004 0.006 0.004 0.020 0.011 0.193 0.015 0.054 0.004 0.031 0.007 0.007 0.436 0.065 0.068 
188 QAc-G-0163    (0)   :  0.013 0.014 0.009 0.002 0.030 0.002 0.004 0.004 0.008 0.002 0.013 0.023 0.798 0.012 0.034 0.002 0.002 0.011 0.008 0.006 
189 QAc-G-0164    (0)   :  0.007 0.009 0.011 0.004 0.003 0.002 0.032 0.003 0.007 0.013 0.003 0.003 0.795 0.002 0.007 0.005 0.003 0.002 0.002 0.085 
190 QAc-G-0165    (0)   :  0.005 0.005 0.003 0.003 0.005 0.007 0.005 0.006 0.006 0.003 0.007 0.003 0.619 0.005 0.004 0.003 0.002 0.006 0.003 0.298 
191 QAc-G-0166    (0)   :  0.004 0.004 0.003 0.003 0.009 0.002 0.003 0.003 0.003 0.003 0.006 0.002 0.847 0.002 0.004 0.003 0.003 0.003 0.002 0.090 
192 QAc-G-0167    (0)   :  0.004 0.004 0.004 0.003 0.004 0.003 0.004 0.002 0.004 0.003 0.004 0.006 0.858 0.002 0.005 0.004 0.004 0.003 0.005 0.073 
193 QAc-G-0168    (0)   :  0.003 0.002 0.002 0.003 0.003 0.002 0.002 0.003 0.003 0.003 0.003 0.002 0.935 0.002 0.002 0.003 0.004 0.003 0.002 0.018 
194 QAc-G-0169    (6)   :  0.032 0.046 0.016 0.003 0.012 0.003 0.005 0.004 0.039 0.003 0.003 0.022 0.021 0.101 0.005 0.004 0.003 0.010 0.003 0.663 
195 QAc-G-0170    (0)   :  0.004 0.004 0.004 0.003 0.004 0.005 0.004 0.003 0.005 0.003 0.005 0.005 0.711 0.003 0.003 0.004 0.003 0.005 0.003 0.219 
196 QAc-G-0171    (0)   :  0.003 0.003 0.003 0.003 0.003 0.002 0.003 0.003 0.003 0.003 0.004 0.003 0.942 0.002 0.003 0.004 0.004 0.005 0.003 0.004 
197 QAc-G-0172    (0)   :  0.076 0.043 0.037 0.004 0.018 0.014 0.011 0.022 0.033 0.013 0.004 0.012 0.012 0.645 0.010 0.005 0.007 0.012 0.004 0.018 
198 QAc-G-0173    (0)   :  0.003 0.003 0.002 0.004 0.002 0.002 0.002 0.003 0.002 0.003 0.003 0.002 0.450 0.003 0.002 0.004 0.010 0.484 0.003 0.012 
199 QAc-G-0174    (0)   :  0.003 0.004 0.003 0.005 0.005 0.003 0.004 0.007 0.007 0.004 0.006 0.007 0.022 0.003 0.003 0.005 0.005 0.884 0.004 0.017 
200 QAc-G-0175    (0)   :  0.003 0.003 0.003 0.004 0.003 0.002 0.003 0.003 0.003 0.004 0.003 0.003 0.694 0.002 0.003 0.005 0.003 0.005 0.003 0.251 
201 QAc-G-0176    (0)   :  0.008 0.009 0.006 0.003 0.005 0.003 0.004 0.003 0.006 0.008 0.066 0.005 0.745 0.004 0.007 0.029 0.003 0.004 0.048 0.033 
202 QAc-G-0177    (0)   :  0.003 0.003 0.003 0.004 0.003 0.003 0.003 0.003 0.003 0.004 0.003 0.003 0.726 0.002 0.003 0.005 0.003 0.006 0.002 0.216 
203 QAc-G-0178    (0)   :  0.007 0.007 0.014 0.005 0.004 0.006 0.048 0.004 0.012 0.024 0.003 0.004 0.321 0.003 0.005 0.007 0.007 0.008 0.003 0.511 
204 QAc-G-0179    (6)   :  0.003 0.003 0.002 0.003 0.003 0.002 0.002 0.002 0.003 0.003 0.004 0.002 0.946 0.002 0.002 0.003 0.003 0.006 0.003 0.004 
205 QAc-G-0180    (0)   :  0.002 0.002 0.003 0.002 0.003 0.002 0.003 0.003 0.003 0.002 0.003 0.002 0.945 0.002 0.003 0.003 0.002 0.003 0.002 0.009 
206 QAc-G-0181    (0)   :  0.004 0.005 0.008 0.003 0.032 0.003 0.004 0.003 0.006 0.003 0.003 0.003 0.868 0.003 0.010 0.003 0.002 0.003 0.006 0.028 
207 QAc-G-0182    (0)   :  0.008 0.009 0.006 0.003 0.005 0.005 0.005 0.007 0.011 0.003 0.006 0.009 0.458 0.004 0.005 0.004 0.002 0.430 0.004 0.016 
208 QAc-G-0183    (6)   :  0.008 0.010 0.009 0.007 0.004 0.003 0.003 0.003 0.007 0.004 0.003 0.009 0.850 0.006 0.005 0.015 0.003 0.008 0.003 0.041 
209 QAc-G-0184    (0)   :  0.003 0.003 0.002 0.003 0.003 0.003 0.003 0.005 0.004 0.003 0.004 0.002 0.704 0.003 0.003 0.003 0.003 0.004 0.003 0.240 
210 QAc-G-0185    (0)   :  0.005 0.007 0.006 0.003 0.004 0.006 0.016 0.005 0.015 0.003 0.005 0.003 0.095 0.004 0.003 0.004 0.003 0.015 0.003 0.794 
211 QAc-G-0186    (0)   :  0.004 0.005 0.008 0.002 0.022 0.002 0.005 0.003 0.004 0.002 0.003 0.003 0.903 0.003 0.011 0.003 0.002 0.004 0.007 0.005 
212 QAc-G-0187    (0)   :  0.006 0.006 0.014 0.008 0.005 0.003 0.009 0.003 0.009 0.004 0.004 0.005 0.101 0.003 0.006 0.008 0.013 0.003 0.006 0.785 
213 QAc-G-0188    (0)   :  0.132 0.092 0.015 0.003 0.012 0.004 0.004 0.010 0.043 0.003 0.004 0.016 0.045 0.294 0.021 0.003 0.002 0.006 0.019 0.270 
214 QAc-G-0189    (0)   :  0.005 0.005 0.003 0.006 0.002 0.002 0.005 0.003 0.004 0.018 0.003 0.005 0.646 0.004 0.003 0.007 0.010 0.035 0.002 0.230 
215 QAc-G-0190    (0)   :  0.003 0.003 0.003 0.003 0.004 0.004 0.003 0.003 0.004 0.003 0.004 0.004 0.731 0.002 0.003 0.003 0.004 0.004 0.003 0.209 
216 QAc-G-0191    (0)   :  0.003 0.003 0.003 0.003 0.003 0.004 0.003 0.003 0.003 0.003 0.004 0.004 0.726 0.003 0.003 0.004 0.004 0.004 0.003 0.213 
217 QAc-G-0192    (0)   :  0.002 0.002 0.002 0.002 0.002 0.002 0.002 0.002 0.002 0.003 0.003 0.002 0.953 0.002 0.002 0.003 0.003 0.003 0.002 0.004 
218 QAc-G-0193    (0)   :  0.004 0.003 0.004 0.004 0.005 0.004 0.004 0.004 0.003 0.003 0.005 0.003 0.915 0.003 0.004 0.006 0.002 0.003 0.003 0.020 
219 QAc-G-0194    (0)   :  0.004 0.004 0.005 0.005 0.005 0.003 0.004 0.003 0.004 0.004 0.006 0.005 0.717 0.003 0.005 0.007 0.003 0.004 0.004 0.205 
220 QAc-G-0195    (0)   :  0.006 0.007 0.005 0.015 0.012 0.002 0.004 0.003 0.007 0.005 0.005 0.003 0.068 0.004 0.010 0.007 0.023 0.781 0.010 0.023 
221 QAc-G-0196    (0)   :  0.004 0.004 0.004 0.004 0.004 0.002 0.004 0.003 0.004 0.003 0.004 0.005 0.455 0.002 0.005 0.005 0.009 0.297 0.003 0.178 
222 QAc-G-0197    (0)   :  0.002 0.002 0.002 0.002 0.002 0.002 0.002 0.003 0.002 0.003 0.003 0.002 0.952 0.002 0.002 0.003 0.003 0.003 0.002 0.004 
223 QAc-G-0198    (0)   :  0.004 0.004 0.003 0.002 0.004 0.004 0.003 0.003 0.004 0.003 0.006 0.003 0.919 0.002 0.004 0.003 0.003 0.005 0.003 0.018 
224 QAc-G-0199    (0)   :  0.006 0.007 0.005 0.002 0.004 0.008 0.024 0.004 0.006 0.015 0.004 0.004 0.075 0.004 0.006 0.004 0.002 0.021 0.013 0.786 
225 QAc-G-0200    (0)   :  0.004 0.005 0.005 0.004 0.010 0.002 0.006 0.004 0.005 0.003 0.011 0.005 0.695 0.003 0.005 0.004 0.003 0.005 0.005 0.216 
226 QAc-G-0201    (0)   :  0.006 0.009 0.004 0.004 0.003 0.002 0.003 0.003 0.005 0.003 0.003 0.008 0.248 0.002 0.006 0.013 0.004 0.379 0.003 0.292 
227 QAc-G-0202    (6)   :  0.004 0.003 0.003 0.007 0.003 0.002 0.003 0.006 0.004 0.007 0.004 0.005 0.384 0.005 0.003 0.008 0.011 0.413 0.003 0.122 
228 QAc-G-0203    (0)   :  0.007 0.007 0.003 0.009 0.002 0.002 0.002 0.003 0.004 0.007 0.003 0.003 0.912 0.003 0.005 0.006 0.003 0.003 0.002 0.012 
229 QAc-G-0204    (0)   :  0.004 0.004 0.004 0.003 0.004 0.002 0.003 0.003 0.005 0.003 0.005 0.005 0.706 0.003 0.004 0.004 0.006 0.005 0.007 0.220 
230 QAc-G-0205    (0)   :  0.002 0.002 0.002 0.003 0.002 0.002 0.002 0.002 0.002 0.004 0.002 0.002 0.003 0.002 0.002 0.003 0.956 0.003 0.002 0.002 
231 QAc-G-0206    (0)   :  0.157 0.081 0.017 0.013 0.008 0.003 0.005 0.006 0.029 0.019 0.005 0.014 0.003 0.033 0.014 0.013 0.528 0.003 0.040 0.009 
232 QAc-G-0207    (0)   :  0.004 0.004 0.003 0.005 0.004 0.003 0.005 0.004 0.004 0.920 0.003 0.004 0.004 0.003 0.004 0.007 0.007 0.003 0.004 0.004 
233 QAc-G-0208    (0)   :  0.003 0.002 0.004 0.009 0.003 0.003 0.003 0.002 0.003 0.003 0.003 0.004 0.003 0.002 0.003 0.006 0.938 0.003 0.002 0.003 
234 QAc-G-0209    (0)   :  0.003 0.003 0.003 0.004 0.003 0.002 0.003 0.003 0.003 0.007 0.002 0.003 0.004 0.002 0.003 0.005 0.937 0.004 0.002 0.004 
235 QAc-G-0210    (0)   :  0.007 0.010 0.007 0.407 0.003 0.003 0.004 0.009 0.006 0.126 0.003 0.005 0.003 0.004 0.005 0.126 0.262 0.002 0.003 0.005 
236 QAc-G-0211    (0)   :  0.004 0.004 0.003 0.015 0.003 0.002 0.002 0.005 0.004 0.914 0.003 0.003 0.003 0.002 0.003 0.015 0.006 0.003 0.002 0.003 
237 QAc-G-0212    (0)   :  0.003 0.004 0.003 0.423 0.003 0.003 0.003 0.003 0.003 0.045 0.005 0.003 0.006 0.002 0.003 0.011 0.465 0.004 0.003 0.004 
238 QAc-G-0213    (0)   :  0.006 0.004 0.004 0.468 0.007 0.002 0.004 0.004 0.004 0.354 0.005 0.004 0.006 0.002 0.006 0.079 0.027 0.003 0.007 0.004 
239 QAc-G-0214    (0)   :  0.002 0.002 0.002 0.003 0.002 0.002 0.002 0.002 0.002 0.004 0.003 0.002 0.003 0.002 0.002 0.004 0.952 0.003 0.002 0.002 
240 QAc-G-0215    (0)   :  0.011 0.012 0.004 0.100 0.014 0.002 0.007 0.003 0.006 0.738 0.004 0.006 0.003 0.006 0.007 0.011 0.055 0.003 0.004 0.004 
241 QAc-G-0216    (0)   :  0.135 0.059 0.024 0.015 0.023 0.004 0.005 0.015 0.040 0.038 0.006 0.065 0.016 0.152 0.009 0.071 0.067 0.232 0.008 0.017 
242 QAc-G-0217    (0)   :  0.005 0.005 0.005 0.874 0.004 0.007 0.008 0.003 0.005 0.033 0.003 0.005 0.002 0.004 0.008 0.008 0.010 0.005 0.003 0.004 
243 QAc-G-0218    (0)   :  0.005 0.005 0.003 0.913 0.004 0.003 0.004 0.002 0.004 0.013 0.003 0.003 0.004 0.002 0.006 0.011 0.005 0.003 0.003 0.003 
244 QAc-G-0219    (0)   :  0.013 0.012 0.008 0.392 0.003 0.006 0.003 0.006 0.008 0.106 0.009 0.005 0.006 0.012 0.006 0.368 0.007 0.005 0.017 0.008 
245 QAc-G-0220    (0)   :  0.013 0.013 0.007 0.747 0.003 0.004 0.003 0.003 0.007 0.006 0.003 0.005 0.002 0.002 0.003 0.166 0.005 0.002 0.003 0.003 
246 QAc-G-0221    (0)   :  0.004 0.004 0.004 0.920 0.003 0.003 0.008 0.003 0.003 0.004 0.003 0.004 0.003 0.003 0.005 0.004 0.010 0.006 0.005 0.003 
247 QAc-G-0222    (0)   :  0.003 0.003 0.003 0.007 0.004 0.002 0.003 0.003 0.003 0.004 0.003 0.003 0.003 0.002 0.003 0.012 0.930 0.002 0.003 0.003 
248 QAc-G-0223    (0)   :  0.004 0.003 0.004 0.896 0.004 0.003 0.005 0.003 0.003 0.015 0.003 0.003 0.002 0.005 0.003 0.011 0.024 0.003 0.003 0.003 
249 QAc-G-0224    (0)   :  0.005 0.005 0.006 0.106 0.003 0.002 0.004 0.003 0.008 0.490 0.003 0.013 0.009 0.003 0.004 0.292 0.029 0.004 0.003 0.009 
250 QAc-G-0226    (0)   :  0.003 0.003 0.003 0.008 0.003 0.003 0.003 0.003 0.003 0.004 0.003 0.002 0.003 0.002 0.003 0.006 0.939 0.003 0.003 0.003 
251 QAc-G-0227    (0)   :  0.003 0.003 0.004 0.003 0.004 0.006 0.003 0.004 0.003 0.002 0.934 0.003 0.003 0.003 0.004 0.004 0.003 0.003 0.004 0.002 
252 QAc-G-0228    (6)   :  0.006 0.006 0.004 0.003 0.005 0.004 0.006 0.004 0.009 0.009 0.293 0.004 0.004 0.004 0.011 0.006 0.004 0.004 0.610 0.005 
253 QAc-G-0229    (0)   :  0.013 0.009 0.007 0.004 0.008 0.004 0.008 0.006 0.011 0.006 0.873 0.006 0.005 0.007 0.005 0.006 0.006 0.005 0.006 0.005 
254 QAc-G-0230    (0)   :  0.011 0.011 0.008 0.015 0.253 0.003 0.005 0.008 0.010 0.004 0.017 0.005 0.007 0.013 0.366 0.009 0.027 0.007 0.214 0.007 
255 QAc-G-0231    (0)   :  0.003 0.003 0.003 0.107 0.002 0.003 0.003 0.004 0.002 0.772 0.003 0.003 0.006 0.002 0.003 0.018 0.054 0.003 0.002 0.004 
256 QAc-G-0232    (0)   :  0.033 0.012 0.017 0.006 0.011 0.007 0.008 0.005 0.013 0.002 0.026 0.011 0.003 0.005 0.025 0.007 0.003 0.002 0.802 0.005 
257 QAc-G-0233    (0)   :  0.023 0.046 0.007 0.009 0.046 0.004 0.047 0.003 0.063 0.026 0.004 0.006 0.004 0.003 0.638 0.007 0.005 0.003 0.048 0.006 
258 QAc-G-0234    (0)   :  0.004 0.005 0.005 0.003 0.009 0.004 0.007 0.004 0.007 0.003 0.897 0.004 0.007 0.003 0.008 0.003 0.004 0.008 0.005 0.011 
259 QAc-G-0235    (0)   :  0.036 0.019 0.005 0.005 0.006 0.003 0.009 0.023 0.013 0.009 0.006 0.008 0.003 0.797 0.009 0.003 0.009 0.029 0.004 0.005 
260 QAc-G-0236    (0)   :  0.005 0.004 0.003 0.006 0.008 0.010 0.006 0.013 0.005 0.003 0.020 0.004 0.007 0.005 0.008 0.004 0.005 0.007 0.873 0.005 
261 QAc-G-0237    (0)   :  0.015 0.021 0.008 0.066 0.015 0.021 0.013 0.010 0.010 0.004 0.726 0.012 0.016 0.006 0.013 0.010 0.007 0.008 0.012 0.007 
262 QAc-G-0238    (0)   :  0.005 0.007 0.004 0.006 0.013 0.010 0.006 0.005 0.010 0.008 0.210 0.005 0.006 0.004 0.019 0.020 0.004 0.004 0.648 0.005 
263 QAc-G-0239    (0)   :  0.007 0.003 0.003 0.002 0.003 0.002 0.003 0.003 0.004 0.003 0.005 0.003 0.003 0.003 0.008 0.003 0.002 0.002 0.935 0.003 
264 QAc-G-0240    (0)   :  0.004 0.003 0.004 0.002 0.004 0.004 0.004 0.003 0.004 0.002 0.939 0.003 0.002 0.004 0.004 0.003 0.002 0.002 0.005 0.003 
265 QAc-G-0241    (0)   :  0.181 0.160 0.010 0.012 0.031 0.006 0.019 0.009 0.071 0.004 0.075 0.023 0.008 0.023 0.251 0.004 0.005 0.023 0.078 0.009 
266 QAc-G-0242    (0)   :  0.006 0.005 0.005 0.004 0.016 0.007 0.004 0.003 0.011 0.004 0.006 0.005 0.003 0.002 0.883 0.004 0.004 0.003 0.022 0.003 
267 QAc-G-0243    (0)   :  0.061 0.044 0.033 0.023 0.051 0.051 0.050 0.008 0.033 0.007 0.012 0.014 0.003 0.006 0.539 0.009 0.004 0.005 0.045 0.005 
268 QAc-G-0244    (0)   :  0.009 0.009 0.006 0.005 0.003 0.002 0.003 0.005 0.006 0.004 0.908 0.005 0.003 0.007 0.006 0.005 0.004 0.003 0.003 0.004 
269 QAc-G-0245    (0)   :  0.004 0.004 0.003 0.004 0.013 0.007 0.004 0.005 0.006 0.002 0.913 0.003 0.004 0.003 0.005 0.004 0.003 0.005 0.005 0.003 
270 QAc-G-0246    (0)   :  0.003 0.003 0.002 0.002 0.002 0.003 0.003 0.003 0.004 0.003 0.003 0.002 0.003 0.003 0.004 0.002 0.002 0.002 0.948 0.003 
271 QAc-G-0247    (0)   :  0.003 0.003 0.002 0.002 0.003 0.002 0.003 0.003 0.003 0.003 0.005 0.002 0.002 0.003 0.003 0.003 0.002 0.002 0.949 0.002 
272 QAc-G-0248    (0)   :  0.010 0.009 0.004 0.002 0.386 0.004 0.004 0.004 0.009 0.004 0.365 0.007 0.003 0.007 0.015 0.007 0.003 0.003 0.151 0.004 
273 QAc-G-0249    (0)   :  0.022 0.031 0.086 0.008 0.035 0.003 0.665 0.004 0.026 0.003 0.008 0.007 0.011 0.015 0.008 0.005 0.013 0.005 0.003 0.041 
274 QAc-G-0025    (0)   :  0.002 0.002 0.002 0.005 0.003 0.002 0.002 0.002 0.002 0.004 0.003 0.002 0.003 0.002 0.003 0.004 0.949 0.002 0.002 0.002 
275 QAc-G-0028    (0)   :  0.014 0.010 0.006 0.008 0.022 0.005 0.016 0.006 0.026 0.010 0.043 0.003 0.009 0.003 0.765 0.012 0.008 0.004 0.019 0.010 
276 QAc-G-0275    (0)   :  0.003 0.004 0.003 0.006 0.003 0.002 0.003 0.003 0.003 0.919 0.003 0.003 0.006 0.003 0.003 0.010 0.009 0.003 0.006 0.004 
277 QAc-G-0263    (0)   :  0.020 0.032 0.267 0.005 0.004 0.003 0.025 0.005 0.015 0.005 0.004 0.015 0.009 0.008 0.006 0.078 0.007 0.399 0.004 0.089 
278 QAc-W-0001    (0)   :  0.007 0.005 0.005 0.003 0.897 0.018 0.003 0.006 0.008 0.002 0.010 0.003 0.002 0.007 0.005 0.003 0.003 0.002 0.005 0.003 
279 QAc-W-0002    (0)   :  0.028 0.028 0.008 0.004 0.035 0.003 0.024 0.035 0.076 0.004 0.308 0.012 0.018 0.019 0.019 0.005 0.004 0.005 0.343 0.023 
280 QAc-W-0003    (0)   :  0.016 0.010 0.006 0.063 0.749 0.009 0.004 0.010 0.012 0.016 0.005 0.018 0.005 0.010 0.010 0.016 0.007 0.021 0.010 0.004 
281 QAc-W-0004    (0)   :  0.003 0.003 0.005 0.008 0.917 0.003 0.004 0.003 0.004 0.003 0.008 0.003 0.004 0.002 0.008 0.004 0.006 0.003 0.004 0.005 
282 QAc-W-0005    (0)   :  0.005 0.004 0.006 0.003 0.924 0.005 0.004 0.003 0.006 0.002 0.005 0.003 0.003 0.004 0.005 0.003 0.003 0.004 0.003 0.005 
283 QAc-W-0006    (0)   :  0.004 0.005 0.006 0.006 0.916 0.004 0.004 0.008 0.005 0.002 0.006 0.003 0.004 0.005 0.005 0.004 0.004 0.002 0.003 0.004 
284 QAc-W-0007   (13)   :  0.004 0.004 0.006 0.005 0.903 0.005 0.006 0.005 0.005 0.003 0.011 0.004 0.003 0.004 0.007 0.004 0.003 0.005 0.007 0.006 
285 QAc-W-0008    (6)   :  0.014 0.020 0.006 0.003 0.843 0.002 0.016 0.005 0.013 0.003 0.014 0.017 0.003 0.005 0.013 0.003 0.002 0.003 0.006 0.006 
286 QAc-W-0009    (0)   :  0.063 0.099 0.009 0.012 0.033 0.005 0.020 0.121 0.039 0.008 0.020 0.019 0.014 0.082 0.032 0.004 0.004 0.004 0.402 0.012 
287 QAc-W-0010    (0)   :  0.019 0.018 0.072 0.004 0.638 0.014 0.032 0.024 0.037 0.005 0.006 0.019 0.005 0.007 0.053 0.005 0.003 0.015 0.012 0.012 
288 QAc-W-0011    (0)   :  0.035 0.051 0.020 0.008 0.530 0.009 0.006 0.021 0.032 0.005 0.043 0.012 0.034 0.018 0.036 0.045 0.005 0.012 0.062 0.018 
289 QAc-W-0012    (0)   :  0.015 0.019 0.007 0.003 0.436 0.012 0.008 0.005 0.206 0.005 0.087 0.007 0.018 0.007 0.090 0.004 0.006 0.004 0.041 0.020 
290 QAc-W-0013    (0)   :  0.019 0.021 0.006 0.042 0.026 0.004 0.005 0.426 0.025 0.043 0.105 0.005 0.009 0.015 0.028 0.012 0.036 0.004 0.156 0.012 
291 QAc-W-0014    (0)   :  0.013 0.007 0.011 0.004 0.789 0.005 0.037 0.005 0.024 0.003 0.015 0.004 0.003 0.003 0.046 0.003 0.005 0.009 0.012 0.003 
292 QAc-W-0015    (0)   :  0.014 0.010 0.007 0.033 0.011 0.003 0.020 0.021 0.014 0.026 0.696 0.004 0.013 0.007 0.007 0.029 0.014 0.046 0.018 0.007 
293 QAc-W-0016    (0)   :  0.011 0.014 0.073 0.010 0.706 0.002 0.009 0.003 0.009 0.004 0.004 0.062 0.003 0.009 0.024 0.014 0.016 0.012 0.005 0.009 
294 QAc-W-0017    (0)   :  0.126 0.085 0.043 0.040 0.028 0.009 0.121 0.027 0.055 0.043 0.211 0.011 0.008 0.019 0.023 0.029 0.004 0.104 0.007 0.007 
295 QAc-W-0018    (0)   :  0.049 0.037 0.345 0.025 0.238 0.007 0.009 0.014 0.026 0.011 0.009 0.068 0.003 0.009 0.054 0.051 0.009 0.003 0.017 0.015 
296 QAc-W-0019    (0)   :  0.013 0.006 0.010 0.006 0.857 0.004 0.011 0.006 0.016 0.005 0.009 0.004 0.003 0.013 0.013 0.004 0.007 0.003 0.005 0.005 
297 QAc-W-0020    (0)   :  0.059 0.021 0.012 0.003 0.715 0.050 0.004 0.004 0.029 0.002 0.005 0.007 0.003 0.006 0.060 0.003 0.003 0.003 0.005 0.005 
298 QAc-W-0021    (0)   :  0.052 0.047 0.235 0.007 0.273 0.008 0.009 0.007 0.024 0.006 0.006 0.007 0.008 0.029 0.074 0.056 0.104 0.003 0.014 0.031 
299 QAc-W-0022    (0)   :  0.097 0.061 0.227 0.007 0.036 0.006 0.064 0.014 0.034 0.004 0.180 0.008 0.007 0.010 0.096 0.062 0.013 0.038 0.011 0.025 
300 QAc-W-0023    (6)   :  0.120 0.075 0.013 0.015 0.139 0.037 0.063 0.096 0.051 0.004 0.077 0.008 0.003 0.027 0.225 0.005 0.016 0.005 0.016 0.004 
301 QAc-W-0024    (0)   :  0.065 0.032 0.029 0.051 0.483 0.005 0.012 0.006 0.046 0.021 0.013 0.006 0.024 0.009 0.018 0.091 0.027 0.004 0.003 0.052 
302 QAc-W-0025    (0)   :  0.021 0.023 0.009 0.005 0.318 0.003 0.009 0.004 0.086 0.009 0.190 0.007 0.006 0.005 0.193 0.006 0.004 0.003 0.090 0.010 
303 QAc-W-0026    (0)   :  0.011 0.017 0.007 0.025 0.408 0.021 0.023 0.008 0.225 0.005 0.015 0.006 0.024 0.005 0.045 0.030 0.020 0.013 0.003 0.087 
304 QAc-W-0027    (0)   :  0.014 0.015 0.008 0.004 0.332 0.003 0.010 0.010 0.016 0.003 0.530 0.006 0.005 0.009 0.010 0.006 0.003 0.003 0.007 0.007 
305 QAc-W-0028    (0)   :  0.042 0.014 0.005 0.003 0.721 0.004 0.007 0.034 0.019 0.003 0.068 0.004 0.005 0.008 0.020 0.003 0.003 0.007 0.021 0.009 
306 QAc-W-0029    (0)   :  0.015 0.017 0.007 0.003 0.099 0.006 0.004 0.021 0.031 0.010 0.086 0.012 0.003 0.006 0.618 0.003 0.005 0.003 0.047 0.005 
307 QAc-W-0030    (0)   :  0.020 0.017 0.007 0.005 0.045 0.017 0.005 0.010 0.020 0.004 0.057 0.024 0.015 0.006 0.517 0.005 0.004 0.009 0.201 0.011 
308 QAc-W-0031    (0)   :  0.008 0.009 0.005 0.015 0.792 0.003 0.004 0.012 0.013 0.019 0.020 0.004 0.005 0.005 0.016 0.011 0.044 0.003 0.010 0.004 
309 QAc-W-0032    (0)   :  0.012 0.007 0.007 0.007 0.552 0.037 0.008 0.003 0.058 0.002 0.018 0.004 0.003 0.003 0.250 0.003 0.003 0.002 0.019 0.002 
310 QAc-W-0033    (0)   :  0.059 0.082 0.019 0.005 0.098 0.014 0.015 0.014 0.075 0.014 0.012 0.025 0.007 0.003 0.522 0.004 0.006 0.009 0.006 0.012 
311 QAc-W-0034    (0)   :  0.011 0.012 0.006 0.004 0.404 0.006 0.011 0.025 0.197 0.003 0.140 0.007 0.005 0.020 0.112 0.008 0.004 0.003 0.017 0.006 
312 QAc-W-0035    (0)   :  0.033 0.039 0.117 0.034 0.093 0.004 0.028 0.006 0.059 0.003 0.251 0.073 0.012 0.005 0.058 0.023 0.008 0.010 0.115 0.029 
313 QAc-W-0036    (0)   :  0.015 0.011 0.006 0.004 0.591 0.057 0.008 0.024 0.066 0.003 0.153 0.006 0.004 0.009 0.016 0.006 0.004 0.005 0.008 0.006 
314 QAc-W-0037    (0)   :  0.009 0.011 0.007 0.010 0.024 0.015 0.005 0.006 0.038 0.008 0.775 0.006 0.021 0.004 0.012 0.012 0.014 0.004 0.008 0.011 
315 QAc-W-0038    (0)   :  0.179 0.043 0.013 0.005 0.313 0.015 0.008 0.006 0.096 0.003 0.093 0.014 0.010 0.010 0.124 0.013 0.004 0.020 0.015 0.016 
316 QAc-W-0039    (0)   :  0.007 0.008 0.004 0.016 0.480 0.008 0.007 0.021 0.198 0.006 0.071 0.004 0.042 0.005 0.061 0.031 0.003 0.016 0.006 0.006 
317 QAc-W-0040    (0)   :  0.032 0.026 0.007 0.014 0.623 0.014 0.174 0.003 0.028 0.006 0.009 0.006 0.008 0.003 0.016 0.005 0.003 0.006 0.004 0.011 
318 QAc-W-0041    (0)   :  0.020 0.036 0.012 0.032 0.227 0.004 0.011 0.083 0.101 0.025 0.040 0.026 0.010 0.019 0.062 0.235 0.007 0.004 0.029 0.017 
319 QAc-W-0042    (0)   :  0.005 0.005 0.004 0.003 0.005 0.031 0.005 0.882 0.005 0.006 0.007 0.005 0.005 0.005 0.006 0.006 0.002 0.003 0.004 0.005 
320 QAc-W-0043    (0)   :  0.006 0.005 0.003 0.004 0.004 0.004 0.003 0.899 0.004 0.005 0.015 0.006 0.005 0.010 0.003 0.004 0.002 0.011 0.003 0.004 
321 QAc-W-0044    (0)   :  0.007 0.007 0.008 0.003 0.009 0.044 0.029 0.749 0.007 0.005 0.017 0.006 0.010 0.005 0.009 0.007 0.003 0.038 0.007 0.029 
322 QAc-W-0045    (0)   :  0.007 0.007 0.009 0.004 0.005 0.011 0.004 0.805 0.008 0.005 0.013 0.081 0.004 0.012 0.004 0.004 0.003 0.003 0.006 0.005 
323 QAc-W-0046    (0)   :  0.004 0.004 0.004 0.005 0.004 0.008 0.004 0.906 0.004 0.005 0.010 0.004 0.006 0.005 0.004 0.005 0.004 0.003 0.005 0.007 
324 QAc-W-0047    (0)   :  0.005 0.005 0.005 0.002 0.004 0.007 0.007 0.861 0.004 0.002 0.014 0.004 0.005 0.009 0.005 0.002 0.004 0.045 0.006 0.004 
325 QAc-W-0048    (0)   :  0.012 0.010 0.011 0.003 0.012 0.019 0.003 0.807 0.008 0.003 0.006 0.008 0.003 0.063 0.006 0.010 0.007 0.003 0.003 0.003 
326 QAc-W-0049    (0)   :  0.007 0.007 0.006 0.003 0.003 0.060 0.003 0.768 0.007 0.003 0.006 0.005 0.003 0.090 0.004 0.009 0.007 0.003 0.003 0.003 
327 QAc-W-0050    (0)   :  0.011 0.014 0.029 0.004 0.003 0.006 0.011 0.068 0.247 0.003 0.008 0.505 0.003 0.054 0.005 0.003 0.008 0.004 0.005 0.009 
328 QAc-W-0051    (0)   :  0.008 0.006 0.005 0.005 0.005 0.028 0.004 0.016 0.013 0.006 0.004 0.847 0.008 0.006 0.012 0.003 0.004 0.009 0.005 0.006 
329 QAc-W-0052    (0)   :  0.003 0.003 0.004 0.002 0.004 0.933 0.003 0.005 0.003 0.003 0.005 0.003 0.004 0.003 0.005 0.002 0.003 0.003 0.005 0.004 
330 QAc-W-0053    (0)   :  0.007 0.007 0.007 0.004 0.006 0.006 0.007 0.618 0.009 0.002 0.005 0.017 0.003 0.268 0.011 0.003 0.003 0.004 0.007 0.004 
331 QAc-W-0054    (0)   :  0.013 0.010 0.414 0.004 0.005 0.014 0.008 0.072 0.007 0.003 0.004 0.295 0.070 0.003 0.010 0.009 0.004 0.027 0.005 0.023 
332 QAc-W-0055    (0)   :  0.009 0.008 0.008 0.008 0.005 0.004 0.010 0.013 0.005 0.004 0.004 0.637 0.183 0.003 0.007 0.008 0.025 0.014 0.003 0.042 
333 QAc-W-0056    (0)   :  0.041 0.029 0.015 0.019 0.041 0.008 0.009 0.005 0.022 0.003 0.023 0.688 0.005 0.004 0.021 0.013 0.006 0.008 0.033 0.007 
334 QAc-W-0057    (0)   :  0.021 0.015 0.012 0.006 0.005 0.007 0.011 0.016 0.010 0.006 0.016 0.657 0.004 0.028 0.009 0.007 0.029 0.131 0.004 0.006 
335 QAc-W-0058    (0)   :  0.016 0.008 0.007 0.018 0.005 0.013 0.003 0.035 0.006 0.006 0.004 0.737 0.008 0.031 0.004 0.013 0.071 0.007 0.005 0.004 
336 QAc-W-0059    (0)   :  0.003 0.003 0.003 0.002 0.003 0.004 0.003 0.050 0.003 0.002 0.004 0.003 0.004 0.895 0.003 0.002 0.003 0.004 0.002 0.003 
337 QAc-W-0060    (0)   :  0.008 0.011 0.004 0.004 0.004 0.039 0.009 0.005 0.008 0.002 0.050 0.009 0.015 0.007 0.004 0.003 0.002 0.802 0.007 0.008 
338 QAc-W-0061    (0)   :  0.018 0.016 0.010 0.003 0.014 0.003 0.021 0.016 0.036 0.018 0.033 0.007 0.029 0.024 0.007 0.003 0.011 0.638 0.003 0.089 
339 QAc-W-0062    (0)   :  0.006 0.006 0.003 0.013 0.003 0.013 0.009 0.003 0.004 0.007 0.005 0.004 0.007 0.003 0.003 0.006 0.003 0.892 0.003 0.007 
340 QAc-W-0063    (0)   :  0.016 0.026 0.015 0.019 0.020 0.014 0.015 0.005 0.017 0.005 0.005 0.011 0.012 0.004 0.021 0.010 0.006 0.752 0.008 0.019 
341 QAc-W-0064    (0)   :  0.016 0.010 0.009 0.008 0.011 0.004 0.008 0.004 0.009 0.007 0.006 0.011 0.017 0.003 0.009 0.007 0.004 0.819 0.019 0.018 
342 QAc-W-0065    (0)   :  0.015 0.017 0.019 0.005 0.007 0.005 0.017 0.006 0.011 0.003 0.019 0.134 0.004 0.005 0.004 0.007 0.007 0.702 0.004 0.008 
343 QAc-W-0066    (0)   :  0.003 0.002 0.003 0.003 0.003 0.002 0.002 0.002 0.003 0.003 0.003 0.002 0.941 0.002 0.003 0.006 0.004 0.003 0.003 0.007 
344 QAc-W-0067    (0)   :  0.002 0.002 0.002 0.003 0.003 0.003 0.002 0.003 0.002 0.003 0.003 0.002 0.944 0.002 0.002 0.004 0.003 0.003 0.002 0.011 
345 QAc-W-0068    (0)   :  0.002 0.002 0.002 0.003 0.003 0.002 0.002 0.002 0.003 0.002 0.003 0.002 0.940 0.002 0.003 0.004 0.003 0.005 0.003 0.010 
346 QAc-W-0069    (0)   :  0.003 0.002 0.003 0.003 0.003 0.002 0.002 0.003 0.003 0.003 0.004 0.002 0.943 0.002 0.003 0.004 0.003 0.005 0.003 0.006 
347 QAc-W-0070    (0)   :  0.002 0.002 0.002 0.003 0.002 0.002 0.002 0.003 0.003 0.002 0.003 0.003 0.594 0.002 0.002 0.003 0.003 0.360 0.002 0.004 
348 QAc-W-0071    (6)   :  0.005 0.004 0.007 0.005 0.005 0.004 0.004 0.006 0.005 0.005 0.007 0.003 0.175 0.004 0.005 0.005 0.010 0.663 0.005 0.074 
349 QAc-W-0072    (0)   :  0.012 0.010 0.023 0.009 0.029 0.004 0.095 0.003 0.010 0.003 0.006 0.027 0.003 0.003 0.013 0.005 0.004 0.730 0.003 0.006 
350 QAc-W-0073    (0)   :  0.015 0.011 0.008 0.003 0.009 0.005 0.007 0.013 0.008 0.005 0.006 0.010 0.004 0.060 0.005 0.011 0.004 0.802 0.007 0.007 
351 QAc-W-0074    (0)   :  0.003 0.003 0.004 0.006 0.006 0.003 0.004 0.002 0.003 0.002 0.005 0.003 0.005 0.003 0.003 0.004 0.005 0.929 0.003 0.005 
352 QAc-W-0075    (0)   :  0.003 0.003 0.005 0.004 0.003 0.002 0.003 0.003 0.003 0.003 0.003 0.004 0.023 0.003 0.004 0.005 0.007 0.903 0.003 0.014 
353 QAc-W-0076    (0)   :  0.005 0.005 0.007 0.005 0.003 0.002 0.026 0.004 0.003 0.002 0.004 0.004 0.003 0.004 0.006 0.003 0.009 0.895 0.003 0.005 
354 QAc-W-0077    (0)   :  0.005 0.007 0.004 0.004 0.006 0.004 0.007 0.040 0.010 0.004 0.008 0.031 0.115 0.004 0.005 0.005 0.002 0.652 0.004 0.083 
355 QAc-W-0078    (0)   :  0.079 0.103 0.023 0.159 0.025 0.008 0.040 0.005 0.111 0.020 0.013 0.011 0.035 0.003 0.053 0.087 0.155 0.004 0.012 0.054 
356 QAc-W-0079    (6)   :  0.004 0.004 0.003 0.007 0.007 0.004 0.006 0.006 0.007 0.003 0.009 0.005 0.012 0.005 0.005 0.004 0.891 0.006 0.004 0.010 
357 QAc-W-0080   (13)   :  0.005 0.006 0.004 0.006 0.025 0.002 0.003 0.003 0.010 0.003 0.003 0.003 0.003 0.006 0.023 0.004 0.882 0.002 0.003 0.003 
358 QAc-W-0081    (0)   :  0.006 0.005 0.003 0.396 0.007 0.009 0.004 0.005 0.007 0.470 0.003 0.004 0.004 0.003 0.008 0.014 0.036 0.005 0.008 0.004 
359 QAc-W-0082    (0)   :  0.009 0.008 0.007 0.125 0.004 0.002 0.006 0.004 0.149 0.231 0.005 0.390 0.003 0.006 0.007 0.020 0.007 0.007 0.004 0.006 
360 QAc-W-0083    (0)   :  0.005 0.004 0.003 0.886 0.006 0.005 0.009 0.004 0.005 0.005 0.006 0.006 0.007 0.004 0.005 0.008 0.007 0.013 0.004 0.006 
361 QAc-W-0084    (0)   :  0.004 0.004 0.003 0.894 0.004 0.004 0.003 0.003 0.005 0.031 0.004 0.003 0.005 0.003 0.003 0.006 0.007 0.004 0.004 0.006 
362 QAc-W-0085    (0)   :  0.002 0.002 0.002 0.004 0.002 0.002 0.003 0.003 0.003 0.948 0.002 0.002 0.003 0.002 0.002 0.005 0.003 0.003 0.002 0.003 
363 QAc-W-0086    (0)   :  0.005 0.005 0.006 0.053 0.010 0.003 0.016 0.004 0.008 0.835 0.004 0.004 0.004 0.003 0.005 0.017 0.007 0.003 0.003 0.005 
364 QAc-W-0087    (0)   :  0.008 0.008 0.005 0.479 0.004 0.003 0.013 0.008 0.013 0.196 0.004 0.005 0.005 0.011 0.009 0.179 0.035 0.003 0.002 0.009 
365 QAc-W-0088    (0)   :  0.006 0.008 0.006 0.605 0.003 0.003 0.003 0.003 0.005 0.005 0.003 0.005 0.003 0.014 0.003 0.307 0.010 0.003 0.003 0.003 
366 QAc-W-0089    (0)   :  0.006 0.007 0.008 0.474 0.006 0.004 0.003 0.009 0.005 0.038 0.005 0.019 0.009 0.003 0.019 0.274 0.090 0.004 0.010 0.006 
367 QAc-W-0090    (0)   :  0.006 0.007 0.007 0.572 0.005 0.003 0.004 0.010 0.007 0.085 0.004 0.014 0.009 0.003 0.017 0.182 0.042 0.003 0.011 0.009 
368 QAc-W-0091    (0)   :  0.019 0.025 0.018 0.514 0.006 0.007 0.013 0.005 0.020 0.046 0.004 0.012 0.004 0.009 0.010 0.184 0.093 0.004 0.002 0.005 
369 QAc-W-0092    (0)   :  0.007 0.008 0.004 0.043 0.039 0.123 0.007 0.008 0.036 0.018 0.019 0.005 0.006 0.007 0.009 0.637 0.010 0.004 0.006 0.005 
370 QAc-W-0093    (0)   :  0.200 0.083 0.007 0.234 0.014 0.004 0.015 0.004 0.035 0.058 0.007 0.019 0.002 0.021 0.023 0.007 0.193 0.004 0.066 0.005 
371 QAc-W-0094    (0)   :  0.011 0.009 0.008 0.807 0.022 0.040 0.006 0.005 0.006 0.004 0.005 0.008 0.003 0.004 0.016 0.020 0.005 0.008 0.008 0.004 
372 QAc-W-0095    (0)   :  0.004 0.003 0.004 0.910 0.007 0.008 0.003 0.004 0.003 0.003 0.003 0.004 0.002 0.003 0.006 0.008 0.014 0.004 0.004 0.003 
373 QAc-W-0096    (0)   :  0.014 0.011 0.013 0.773 0.012 0.046 0.005 0.008 0.007 0.006 0.004 0.011 0.004 0.006 0.022 0.023 0.006 0.016 0.005 0.010 
374 QAc-W-0097    (0)   :  0.075 0.058 0.008 0.441 0.023 0.005 0.005 0.024 0.033 0.023 0.055 0.032 0.006 0.062 0.016 0.071 0.041 0.005 0.008 0.010 
375 QAc-W-0098    (0)   :  0.004 0.005 0.007 0.461 0.005 0.004 0.003 0.004 0.004 0.004 0.004 0.004 0.003 0.008 0.004 0.296 0.171 0.002 0.004 0.003 
376 QAc-W-0099    (0)   :  0.011 0.012 0.073 0.010 0.005 0.006 0.014 0.012 0.018 0.428 0.010 0.009 0.003 0.005 0.016 0.341 0.004 0.003 0.014 0.007 
377 QAc-W-0100    (0)   :  0.005 0.005 0.017 0.567 0.003 0.002 0.003 0.002 0.004 0.006 0.003 0.005 0.003 0.003 0.003 0.350 0.010 0.003 0.003 0.003 
378 QAc-W-0101    (0)   :  0.007 0.008 0.008 0.395 0.007 0.003 0.011 0.005 0.008 0.121 0.006 0.008 0.019 0.004 0.006 0.313 0.026 0.016 0.002 0.026 
379 QAc-W-0104    (0)   :  0.007 0.007 0.013 0.044 0.005 0.003 0.009 0.007 0.005 0.742 0.006 0.006 0.003 0.007 0.010 0.017 0.101 0.004 0.003 0.003 
380 QAc-W-0105    (0)   :  0.003 0.003 0.004 0.018 0.003 0.004 0.003 0.003 0.003 0.021 0.003 0.003 0.005 0.002 0.003 0.897 0.012 0.004 0.004 0.004 
381 QAc-W-0106    (0)   :  0.004 0.005 0.012 0.010 0.004 0.008 0.003 0.004 0.006 0.016 0.004 0.003 0.004 0.002 0.004 0.895 0.005 0.003 0.004 0.004 
382 QAc-W-0107    (0)   :  0.003 0.003 0.003 0.005 0.003 0.003 0.003 0.003 0.003 0.006 0.003 0.003 0.003 0.003 0.003 0.004 0.935 0.005 0.002 0.004 
383 QAc-W-0108    (0)   :  0.002 0.003 0.002 0.004 0.003 0.002 0.002 0.002 0.002 0.003 0.003 0.002 0.003 0.002 0.003 0.003 0.950 0.003 0.003 0.003 
384 QAc-W-0109    (0)   :  0.012 0.016 0.006 0.448 0.007 0.010 0.004 0.034 0.008 0.078 0.005 0.008 0.022 0.019 0.034 0.116 0.144 0.007 0.006 0.015 
385 QAc-W-0110   (13)   :  0.005 0.006 0.005 0.039 0.454 0.003 0.008 0.004 0.057 0.195 0.004 0.004 0.005 0.004 0.012 0.173 0.005 0.003 0.003 0.010 
386 QAc-W-0111    (6)   :  0.005 0.004 0.005 0.007 0.003 0.003 0.003 0.004 0.004 0.010 0.004 0.003 0.005 0.004 0.004 0.346 0.576 0.003 0.006 0.004 
387 QAc-W-0112   (13)   :  0.007 0.006 0.010 0.598 0.006 0.005 0.008 0.003 0.005 0.009 0.008 0.012 0.003 0.008 0.004 0.271 0.025 0.003 0.005 0.004 
388 QAc-W-0113   (13)   :  0.007 0.009 0.008 0.008 0.012 0.004 0.875 0.006 0.006 0.004 0.009 0.006 0.003 0.004 0.009 0.003 0.004 0.005 0.010 0.005 
389 QAc-W-0114   (13)   :  0.011 0.009 0.009 0.009 0.005 0.007 0.848 0.013 0.007 0.005 0.005 0.004 0.005 0.017 0.005 0.006 0.024 0.004 0.003 0.005 
390 QAc-W-0115    (0)   :  0.009 0.009 0.037 0.009 0.009 0.005 0.843 0.002 0.010 0.004 0.010 0.004 0.005 0.003 0.010 0.007 0.004 0.006 0.005 0.009 
391 QAc-W-0116    (0)   :  0.012 0.010 0.009 0.003 0.008 0.012 0.840 0.010 0.010 0.003 0.012 0.005 0.002 0.013 0.012 0.006 0.005 0.003 0.021 0.003 
392 QAc-W-0117    (0)   :  0.007 0.005 0.007 0.002 0.003 0.003 0.902 0.005 0.008 0.004 0.008 0.003 0.005 0.012 0.006 0.002 0.003 0.004 0.005 0.004 
393 QAc-W-0118    (0)   :  0.007 0.008 0.013 0.010 0.005 0.004 0.785 0.004 0.006 0.018 0.005 0.006 0.021 0.006 0.006 0.006 0.019 0.030 0.004 0.037 
394 QAc-W-0119    (0)   :  0.010 0.011 0.016 0.003 0.005 0.007 0.868 0.005 0.012 0.002 0.006 0.009 0.008 0.003 0.005 0.005 0.005 0.003 0.007 0.010 
395 QAc-W-0120    (0)   :  0.019 0.017 0.014 0.005 0.007 0.002 0.805 0.005 0.013 0.008 0.004 0.006 0.013 0.007 0.011 0.011 0.003 0.010 0.024 0.015 
396 QAc-W-0121    (0)   :  0.010 0.012 0.006 0.002 0.004 0.002 0.778 0.015 0.032 0.003 0.005 0.013 0.046 0.005 0.012 0.002 0.004 0.008 0.007 0.031 
397 QAc-W-0122    (0)   :  0.030 0.019 0.010 0.003 0.022 0.004 0.802 0.009 0.013 0.004 0.005 0.008 0.003 0.015 0.023 0.005 0.006 0.006 0.009 0.006 
398 QAc-W-0123    (6)   :  0.027 0.025 0.016 0.005 0.003 0.009 0.778 0.006 0.013 0.026 0.017 0.014 0.008 0.010 0.007 0.009 0.007 0.007 0.006 0.007 
399 QAc-W-0124    (0)   :  0.013 0.014 0.008 0.021 0.018 0.008 0.546 0.004 0.049 0.029 0.029 0.007 0.010 0.003 0.015 0.077 0.006 0.127 0.009 0.006 
400 QAc-W-0125    (0)   :  0.009 0.011 0.023 0.011 0.008 0.009 0.832 0.005 0.008 0.016 0.008 0.005 0.008 0.008 0.006 0.009 0.011 0.005 0.002 0.007 
401 QAc-W-0126   (13)   :  0.025 0.030 0.029 0.012 0.007 0.010 0.685 0.014 0.018 0.083 0.009 0.013 0.007 0.007 0.015 0.011 0.009 0.007 0.004 0.006 
402 QAc-W-0127    (6)   :  0.007 0.009 0.155 0.003 0.009 0.005 0.730 0.006 0.007 0.003 0.005 0.006 0.004 0.004 0.009 0.013 0.004 0.005 0.004 0.011 
403 QAc-W-0128   (13)   :  0.011 0.016 0.018 0.047 0.016 0.003 0.731 0.008 0.024 0.010 0.006 0.005 0.010 0.014 0.009 0.019 0.022 0.005 0.006 0.019 
404 QAc-W-0129   (13)   :  0.020 0.029 0.010 0.007 0.040 0.004 0.716 0.005 0.044 0.003 0.005 0.005 0.005 0.025 0.022 0.003 0.005 0.011 0.014 0.028 
405 QAc-W-0130   (13)   :  0.013 0.016 0.041 0.007 0.039 0.003 0.745 0.006 0.014 0.010 0.004 0.003 0.005 0.011 0.024 0.006 0.005 0.003 0.036 0.009 
406 QAc-W-0131    (0)   :  0.021 0.014 0.570 0.004 0.007 0.031 0.252 0.003 0.017 0.004 0.004 0.009 0.003 0.004 0.016 0.006 0.006 0.007 0.004 0.019 
407 QAc-W-0132    (6)   :  0.012 0.018 0.063 0.013 0.011 0.016 0.616 0.005 0.015 0.016 0.025 0.008 0.037 0.004 0.015 0.008 0.009 0.017 0.019 0.074 
408 QAc-W-0133    (6)   :  0.011 0.021 0.581 0.007 0.006 0.003 0.057 0.007 0.010 0.005 0.003 0.008 0.015 0.004 0.005 0.042 0.005 0.005 0.004 0.200 
409 QAc-W-0134    (0)   :  0.004 0.004 0.004 0.004 0.003 0.004 0.926 0.005 0.004 0.003 0.004 0.004 0.003 0.004 0.003 0.004 0.004 0.004 0.003 0.005 
410 QAc-W-0135    (0)   :  0.009 0.009 0.010 0.004 0.093 0.003 0.747 0.007 0.009 0.005 0.026 0.004 0.011 0.007 0.008 0.005 0.008 0.018 0.012 0.007 
411 QAc-W-0136    (0)   :  0.005 0.004 0.010 0.003 0.003 0.008 0.921 0.003 0.005 0.005 0.006 0.003 0.003 0.003 0.004 0.003 0.002 0.003 0.004 0.003 
412 QAc-W-0137    (0)   :  0.003 0.004 0.004 0.002 0.003 0.004 0.939 0.003 0.004 0.002 0.004 0.004 0.003 0.002 0.004 0.002 0.002 0.004 0.004 0.004 
413 QAc-W-0138    (0)   :  0.004 0.004 0.039 0.002 0.005 0.004 0.899 0.002 0.004 0.003 0.005 0.003 0.003 0.002 0.006 0.002 0.002 0.003 0.004 0.004 
414 QAc-W-0139    (0)   :  0.015 0.021 0.163 0.040 0.032 0.006 0.322 0.006 0.030 0.003 0.007 0.014 0.004 0.004 0.053 0.019 0.023 0.076 0.007 0.153 
415 QAc-W-0140    (0)   :  0.019 0.013 0.007 0.005 0.009 0.002 0.768 0.048 0.018 0.002 0.017 0.015 0.004 0.024 0.020 0.008 0.003 0.004 0.008 0.006 
416 QAc-W-0141    (6)   :  0.081 0.042 0.256 0.006 0.018 0.004 0.151 0.009 0.023 0.004 0.068 0.022 0.014 0.032 0.189 0.008 0.005 0.007 0.019 0.044 
417 QAc-W-0142    (0)   :  0.005 0.005 0.013 0.004 0.003 0.003 0.896 0.005 0.004 0.003 0.003 0.007 0.006 0.004 0.004 0.004 0.005 0.012 0.004 0.010 
418 QAc-W-0143    (0)   :  0.012 0.012 0.012 0.005 0.007 0.003 0.854 0.012 0.011 0.020 0.003 0.006 0.002 0.007 0.007 0.005 0.003 0.005 0.005 0.006 
419 QAc-W-0144    (0)   :  0.012 0.014 0.006 0.005 0.005 0.006 0.699 0.163 0.008 0.008 0.006 0.013 0.002 0.028 0.009 0.003 0.004 0.005 0.003 0.003 
420 QAc-W-0145    (0)   :  0.021 0.009 0.004 0.002 0.004 0.004 0.896 0.003 0.010 0.006 0.004 0.006 0.003 0.005 0.003 0.002 0.002 0.005 0.002 0.007 
421 QAc-W-0146    (0)   :  0.005 0.005 0.011 0.006 0.006 0.004 0.860 0.004 0.007 0.003 0.015 0.004 0.004 0.003 0.011 0.009 0.006 0.003 0.025 0.007 
422 QAc-W-0147    (0)   :  0.005 0.003 0.007 0.004 0.005 0.002 0.924 0.003 0.004 0.006 0.003 0.003 0.003 0.003 0.004 0.003 0.004 0.006 0.004 0.004 
423 QAc-W-0148    (0)   :  0.004 0.004 0.006 0.003 0.005 0.006 0.917 0.003 0.004 0.002 0.010 0.004 0.003 0.003 0.005 0.003 0.003 0.006 0.005 0.004 
424 QAc-W-0149    (0)   :  0.019 0.018 0.088 0.004 0.015 0.010 0.621 0.048 0.017 0.053 0.004 0.009 0.003 0.020 0.038 0.005 0.003 0.006 0.005 0.012 
425 QAc-W-0150    (0)   :  0.016 0.014 0.087 0.013 0.033 0.010 0.652 0.006 0.012 0.007 0.016 0.007 0.007 0.005 0.040 0.014 0.023 0.006 0.027 0.005 
426 QAc-W-0151    (0)   :  0.008 0.006 0.024 0.006 0.006 0.005 0.833 0.004 0.010 0.002 0.046 0.005 0.004 0.005 0.005 0.009 0.006 0.005 0.004 0.005 
427 QAc-W-0152    (0)   :  0.004 0.004 0.003 0.003 0.004 0.003 0.910 0.011 0.005 0.006 0.005 0.006 0.004 0.003 0.003 0.003 0.002 0.007 0.004 0.007 
428 QAc-W-0153    (0)   :  0.291 0.392 0.019 0.010 0.005 0.004 0.015 0.004 0.066 0.005 0.025 0.006 0.005 0.010 0.041 0.018 0.030 0.024 0.019 0.010 
429 QAc-W-0154    (0)   :  0.036 0.036 0.022 0.003 0.074 0.003 0.708 0.003 0.017 0.004 0.003 0.008 0.003 0.006 0.026 0.010 0.002 0.003 0.021 0.010 
430 QAc-W-0155    (0)   :  0.004 0.004 0.005 0.004 0.005 0.003 0.926 0.005 0.004 0.002 0.005 0.006 0.003 0.003 0.006 0.002 0.003 0.005 0.003 0.003 
431 QAc-W-0156    (0)   :  0.014 0.015 0.036 0.043 0.031 0.010 0.646 0.004 0.017 0.014 0.028 0.007 0.003 0.004 0.036 0.012 0.058 0.003 0.014 0.006 
432 QAc-W-0157    (0)   :  0.054 0.065 0.008 0.003 0.004 0.025 0.684 0.007 0.045 0.005 0.016 0.006 0.007 0.009 0.006 0.003 0.002 0.012 0.010 0.029 
433 QAc-W-0158    (0)   :  0.008 0.009 0.014 0.081 0.027 0.004 0.687 0.004 0.010 0.009 0.015 0.004 0.021 0.003 0.023 0.024 0.012 0.006 0.025 0.013 
434 QAc-W-0159    (0)   :  0.008 0.009 0.006 0.002 0.006 0.006 0.888 0.005 0.015 0.007 0.004 0.005 0.006 0.004 0.009 0.003 0.005 0.003 0.004 0.007 
435 QAc-W-0160    (0)   :  0.022 0.029 0.025 0.006 0.017 0.005 0.770 0.004 0.013 0.004 0.016 0.004 0.003 0.004 0.036 0.004 0.004 0.006 0.021 0.007 
436 QAc-W-0161    (0)   :  0.012 0.012 0.073 0.004 0.010 0.091 0.673 0.013 0.015 0.002 0.023 0.007 0.004 0.006 0.020 0.004 0.003 0.002 0.016 0.007 
437 QAc-W-0162    (0)   :  0.010 0.007 0.011 0.006 0.002 0.020 0.742 0.009 0.005 0.002 0.003 0.012 0.005 0.018 0.005 0.006 0.002 0.127 0.003 0.005 
438 QAc-W-0163    (0)   :  0.009 0.008 0.006 0.004 0.004 0.005 0.815 0.018 0.019 0.003 0.006 0.072 0.004 0.006 0.005 0.003 0.003 0.003 0.004 0.003 
439 QAc-W-0164    (0)   :  0.007 0.009 0.121 0.005 0.006 0.007 0.752 0.006 0.006 0.003 0.006 0.012 0.005 0.004 0.004 0.009 0.005 0.015 0.003 0.016 
440 QAc-W-0165    (0)   :  0.081 0.047 0.020 0.004 0.004 0.008 0.692 0.003 0.016 0.002 0.003 0.007 0.018 0.007 0.010 0.003 0.002 0.008 0.011 0.054 
441 QAc-W-0166    (0)   :  0.009 0.008 0.013 0.007 0.072 0.005 0.808 0.007 0.007 0.003 0.014 0.013 0.004 0.003 0.005 0.006 0.003 0.005 0.003 0.005 


Estimated Allele Frequencies in each cluster
First column gives estimated ancestral frequencies


Locus 1 : 
21 alleles
0.5% missing data
 210   (0.120) 0.116 0.116 0.124 0.091 0.023 0.003 0.175 0.181 0.076 0.287 0.071 0.107 0.001 0.373 0.041 0.042 0.318 0.011 0.010 0.018 
 212   (0.116) 0.088 0.109 0.255 0.259 0.037 0.003 0.064 0.014 0.233 0.012 0.397 0.102 0.320 0.037 0.083 0.586 0.228 0.010 0.104 0.061 
 202   (0.057) 0.054 0.052 0.110 0.184 0.046 0.367 0.005 0.006 0.075 0.003 0.010 0.021 0.001 0.009 0.055 0.007 0.241 0.003 0.036 0.010 
 226   (0.071) 0.067 0.076 0.034 0.154 0.005 0.203 0.004 0.009 0.044 0.230 0.003 0.032 0.173 0.011 0.011 0.178 0.001 0.056 0.004 0.257 
 216   (0.063) 0.062 0.070 0.024 0.041 0.013 0.331 0.103 0.009 0.042 0.312 0.003 0.029 0.001 0.046 0.030 0.045 0.001 0.049 0.005 0.009 
 200   (0.257) 0.272 0.257 0.291 0.038 0.552 0.084 0.162 0.320 0.248 0.108 0.347 0.145 0.409 0.275 0.620 0.072 0.204 0.127 0.768 0.580 
 224   (0.040) 0.050 0.039 0.013 0.002 0.013 0.001 0.002 0.005 0.044 0.004 0.152 0.015 0.092 0.004 0.049 0.008 0.001 0.376 0.012 0.007 
 218   (0.043) 0.033 0.038 0.041 0.152 0.073 0.001 0.168 0.004 0.080 0.027 0.002 0.025 0.000 0.004 0.049 0.038 0.001 0.008 0.003 0.010 
 222   (0.019) 0.035 0.022 0.009 0.001 0.003 0.001 0.241 0.002 0.011 0.001 0.001 0.007 0.000 0.002 0.004 0.002 0.000 0.001 0.002 0.002 
 228   (0.004) 0.003 0.003 0.001 0.000 0.000 0.000 0.000 0.000 0.001 0.000 0.000 0.001 0.000 0.000 0.001 0.000 0.000 0.227 0.000 0.000 
 214   (0.039) 0.026 0.034 0.015 0.002 0.003 0.001 0.045 0.265 0.035 0.001 0.002 0.463 0.000 0.005 0.006 0.004 0.001 0.123 0.002 0.008 
 208   (0.052) 0.082 0.065 0.016 0.071 0.209 0.001 0.003 0.006 0.035 0.011 0.006 0.015 0.000 0.074 0.025 0.007 0.002 0.003 0.046 0.009 
 220   (0.012) 0.028 0.017 0.004 0.001 0.001 0.000 0.007 0.001 0.021 0.000 0.001 0.003 0.000 0.002 0.002 0.001 0.000 0.001 0.001 0.002 
 206   (0.032) 0.024 0.030 0.046 0.002 0.014 0.001 0.016 0.004 0.020 0.001 0.001 0.019 0.000 0.091 0.006 0.004 0.000 0.002 0.002 0.016 
 196   (0.009) 0.008 0.011 0.002 0.000 0.001 0.000 0.001 0.001 0.005 0.001 0.000 0.003 0.000 0.001 0.001 0.001 0.000 0.000 0.001 0.001 
 238   (0.010) 0.014 0.011 0.004 0.000 0.001 0.000 0.001 0.001 0.006 0.000 0.000 0.002 0.000 0.001 0.002 0.001 0.000 0.001 0.001 0.002 
 121   (0.013) 0.011 0.011 0.004 0.001 0.003 0.001 0.001 0.001 0.008 0.000 0.001 0.003 0.000 0.001 0.010 0.001 0.000 0.001 0.001 0.002 
 204   (0.012) 0.008 0.011 0.003 0.001 0.001 0.000 0.001 0.001 0.004 0.000 0.000 0.003 0.000 0.047 0.002 0.001 0.000 0.001 0.001 0.001 
 190   (0.010) 0.008 0.012 0.002 0.000 0.001 0.000 0.001 0.001 0.004 0.000 0.000 0.002 0.000 0.001 0.001 0.001 0.000 0.000 0.001 0.001 
 198   (0.010) 0.007 0.008 0.003 0.000 0.001 0.000 0.001 0.002 0.005 0.000 0.001 0.002 0.000 0.013 0.001 0.001 0.000 0.001 0.001 0.002 
 232   (0.009) 0.005 0.007 0.002 0.000 0.001 0.000 0.000 0.165 0.003 0.000 0.000 0.002 0.000 0.003 0.001 0.001 0.000 0.000 0.000 0.001 

Locus 2 : 
15 alleles
1.6% missing data
 171   (0.208) 0.287 0.213 0.120 0.121 0.327 0.422 0.056 0.380 0.210 0.025 0.455 0.298 0.002 0.607 0.230 0.063 0.254 0.023 0.208 0.033 
 175   (0.106) 0.101 0.116 0.050 0.016 0.022 0.128 0.016 0.016 0.276 0.301 0.020 0.127 0.123 0.024 0.072 0.021 0.446 0.016 0.011 0.178 
 185   (0.063) 0.073 0.069 0.040 0.091 0.005 0.002 0.257 0.007 0.032 0.016 0.003 0.047 0.001 0.006 0.099 0.013 0.290 0.037 0.012 0.010 
 181   (0.099) 0.069 0.083 0.051 0.596 0.022 0.003 0.006 0.327 0.092 0.424 0.114 0.031 0.430 0.011 0.119 0.789 0.002 0.025 0.056 0.373 
 179   (0.054) 0.036 0.047 0.160 0.003 0.004 0.343 0.290 0.014 0.032 0.002 0.003 0.015 0.001 0.013 0.011 0.006 0.001 0.424 0.010 0.227 
 173   (0.206) 0.169 0.206 0.294 0.027 0.126 0.092 0.181 0.209 0.201 0.218 0.344 0.268 0.439 0.041 0.367 0.039 0.003 0.091 0.648 0.129 
 177   (0.030) 0.023 0.026 0.017 0.001 0.002 0.004 0.068 0.003 0.013 0.001 0.001 0.021 0.000 0.003 0.007 0.003 0.000 0.365 0.002 0.006 
 183   (0.055) 0.083 0.057 0.097 0.036 0.004 0.001 0.086 0.007 0.032 0.003 0.002 0.014 0.001 0.202 0.014 0.043 0.001 0.003 0.004 0.011 
 187   (0.092) 0.100 0.099 0.148 0.005 0.095 0.003 0.015 0.028 0.073 0.006 0.052 0.161 0.001 0.060 0.060 0.010 0.001 0.012 0.044 0.018 
 189   (0.018) 0.012 0.015 0.005 0.001 0.388 0.000 0.018 0.002 0.012 0.001 0.003 0.004 0.000 0.002 0.012 0.002 0.000 0.001 0.001 0.003 
 191   (0.021) 0.013 0.018 0.005 0.101 0.001 0.001 0.001 0.003 0.007 0.002 0.001 0.005 0.000 0.026 0.003 0.008 0.000 0.001 0.001 0.002 
 163   (0.009) 0.007 0.010 0.002 0.000 0.001 0.000 0.000 0.001 0.004 0.000 0.000 0.002 0.000 0.001 0.001 0.001 0.000 0.000 0.001 0.002 
 165   (0.011) 0.007 0.013 0.003 0.000 0.001 0.000 0.001 0.001 0.005 0.000 0.000 0.002 0.000 0.001 0.001 0.001 0.000 0.001 0.001 0.002 
 193   (0.014) 0.009 0.017 0.003 0.001 0.001 0.000 0.001 0.001 0.005 0.000 0.001 0.003 0.000 0.001 0.002 0.001 0.000 0.001 0.001 0.002 
 169   (0.012) 0.010 0.011 0.004 0.001 0.001 0.000 0.006 0.001 0.005 0.000 0.000 0.003 0.000 0.001 0.002 0.001 0.000 0.001 0.001 0.003 

Locus 3 : 
7 alleles
2.5% missing data
 206   (0.849) 0.844 0.848 0.845 0.981 0.755 0.992 0.988 0.965 0.897 0.994 0.993 0.901 0.991 0.920 0.939 0.959 0.988 0.922 0.990 0.976 
 208   (0.060) 0.069 0.059 0.065 0.003 0.238 0.002 0.004 0.023 0.043 0.002 0.003 0.053 0.001 0.019 0.041 0.008 0.001 0.043 0.004 0.009 
 198   (0.009) 0.006 0.008 0.003 0.001 0.001 0.000 0.001 0.001 0.004 0.000 0.000 0.003 0.000 0.001 0.002 0.002 0.009 0.001 0.001 0.001 
 204   (0.042) 0.043 0.045 0.053 0.013 0.004 0.005 0.004 0.006 0.038 0.002 0.002 0.029 0.007 0.039 0.011 0.027 0.001 0.032 0.003 0.008 
 218   (0.016) 0.010 0.013 0.026 0.001 0.001 0.000 0.001 0.003 0.006 0.001 0.001 0.007 0.000 0.014 0.002 0.001 0.000 0.001 0.001 0.002 
 230   (0.009) 0.008 0.009 0.004 0.000 0.001 0.000 0.001 0.001 0.006 0.000 0.000 0.004 0.000 0.006 0.001 0.001 0.000 0.001 0.001 0.002 
 212   (0.014) 0.020 0.018 0.004 0.001 0.001 0.000 0.001 0.001 0.006 0.000 0.001 0.003 0.000 0.001 0.004 0.001 0.000 0.001 0.001 0.002 

Locus 4 : 
15 alleles
3.6% missing data
 165   (0.115) 0.092 0.105 0.057 0.454 0.016 0.003 0.008 0.012 0.053 0.185 0.007 0.164 0.003 0.027 0.257 0.472 0.983 0.368 0.381 0.016 
 173   (0.036) 0.029 0.041 0.011 0.457 0.002 0.001 0.002 0.004 0.020 0.757 0.001 0.014 0.000 0.007 0.005 0.032 0.001 0.002 0.002 0.006 
 163   (0.160) 0.198 0.162 0.396 0.009 0.108 0.005 0.305 0.177 0.122 0.015 0.100 0.120 0.002 0.374 0.166 0.028 0.003 0.103 0.020 0.029 
 167   (0.163) 0.201 0.159 0.176 0.029 0.140 0.562 0.155 0.116 0.171 0.019 0.094 0.164 0.002 0.048 0.244 0.152 0.002 0.011 0.361 0.026 
 161   (0.313) 0.256 0.300 0.127 0.028 0.589 0.424 0.480 0.658 0.495 0.014 0.784 0.472 0.989 0.314 0.251 0.099 0.008 0.504 0.212 0.800 
 153   (0.015) 0.011 0.015 0.005 0.001 0.014 0.000 0.001 0.004 0.009 0.001 0.001 0.004 0.000 0.002 0.010 0.003 0.000 0.001 0.008 0.002 
 171   (0.040) 0.099 0.074 0.059 0.002 0.003 0.001 0.003 0.005 0.029 0.004 0.002 0.020 0.000 0.043 0.015 0.004 0.001 0.002 0.005 0.007 
 179   (0.016) 0.016 0.015 0.004 0.001 0.001 0.000 0.001 0.001 0.012 0.001 0.001 0.003 0.000 0.002 0.003 0.001 0.000 0.001 0.001 0.002 
 157   (0.033) 0.022 0.028 0.015 0.002 0.118 0.001 0.002 0.003 0.027 0.001 0.006 0.010 0.000 0.056 0.011 0.004 0.001 0.002 0.003 0.016 
 149   (0.011) 0.007 0.009 0.003 0.001 0.001 0.000 0.001 0.001 0.004 0.000 0.000 0.003 0.000 0.013 0.002 0.001 0.000 0.001 0.001 0.001 
 177   (0.028) 0.020 0.025 0.112 0.006 0.002 0.001 0.002 0.003 0.016 0.001 0.001 0.010 0.000 0.006 0.006 0.182 0.000 0.002 0.002 0.006 
 155   (0.013) 0.010 0.016 0.003 0.001 0.002 0.000 0.001 0.001 0.007 0.001 0.000 0.003 0.000 0.001 0.021 0.001 0.000 0.001 0.001 0.001 
 175   (0.011) 0.008 0.009 0.003 0.001 0.001 0.000 0.001 0.002 0.014 0.000 0.000 0.003 0.000 0.026 0.002 0.001 0.000 0.001 0.001 0.002 
 169   (0.026) 0.018 0.028 0.007 0.009 0.002 0.001 0.002 0.012 0.011 0.001 0.001 0.006 0.000 0.079 0.004 0.014 0.000 0.001 0.002 0.004 
 159   (0.019) 0.013 0.016 0.023 0.001 0.001 0.000 0.039 0.002 0.010 0.001 0.001 0.004 0.003 0.002 0.003 0.003 0.000 0.001 0.001 0.083 

Locus 5 : 
16 alleles
0.0% missing data
 148   (0.142) 0.104 0.132 0.208 0.435 0.120 0.004 0.037 0.025 0.081 0.169 0.187 0.038 0.427 0.059 0.211 0.485 0.489 0.137 0.011 0.406 
 160   (0.030) 0.022 0.026 0.008 0.001 0.003 0.038 0.002 0.054 0.013 0.001 0.001 0.007 0.000 0.016 0.010 0.003 0.208 0.002 0.002 0.004 
 146   (0.126) 0.148 0.127 0.056 0.137 0.019 0.014 0.010 0.112 0.087 0.359 0.006 0.186 0.419 0.035 0.041 0.312 0.293 0.227 0.156 0.094 
 154   (0.044) 0.031 0.038 0.304 0.002 0.008 0.001 0.172 0.005 0.021 0.005 0.002 0.026 0.001 0.012 0.009 0.005 0.001 0.194 0.003 0.011 
 150   (0.060) 0.059 0.063 0.041 0.003 0.094 0.002 0.003 0.009 0.047 0.002 0.007 0.407 0.003 0.059 0.168 0.014 0.001 0.004 0.008 0.023 
 138   (0.105) 0.144 0.135 0.033 0.359 0.014 0.158 0.317 0.019 0.068 0.005 0.024 0.073 0.001 0.021 0.069 0.055 0.002 0.098 0.203 0.014 
 166   (0.033) 0.020 0.026 0.008 0.002 0.038 0.348 0.002 0.140 0.037 0.001 0.001 0.007 0.000 0.211 0.008 0.013 0.000 0.002 0.002 0.004 
 164   (0.020) 0.013 0.016 0.022 0.001 0.001 0.064 0.002 0.002 0.023 0.001 0.001 0.009 0.000 0.003 0.003 0.002 0.000 0.001 0.001 0.003 
 142   (0.025) 0.017 0.022 0.007 0.001 0.002 0.001 0.014 0.004 0.146 0.002 0.001 0.086 0.000 0.008 0.004 0.003 0.000 0.001 0.001 0.008 
 144   (0.160) 0.155 0.151 0.077 0.016 0.071 0.031 0.139 0.402 0.205 0.012 0.463 0.073 0.107 0.362 0.112 0.053 0.002 0.316 0.314 0.386 
 140   (0.069) 0.078 0.070 0.037 0.003 0.207 0.334 0.203 0.008 0.129 0.002 0.297 0.015 0.001 0.014 0.076 0.019 0.001 0.004 0.048 0.011 
 158   (0.038) 0.027 0.036 0.012 0.003 0.004 0.001 0.013 0.197 0.020 0.205 0.002 0.009 0.000 0.014 0.036 0.006 0.001 0.002 0.017 0.005 
 162   (0.028) 0.053 0.030 0.007 0.008 0.002 0.001 0.002 0.009 0.025 0.231 0.001 0.015 0.000 0.003 0.005 0.004 0.001 0.001 0.002 0.003 
 152   (0.089) 0.084 0.088 0.171 0.004 0.415 0.002 0.083 0.010 0.081 0.005 0.005 0.033 0.040 0.097 0.245 0.018 0.001 0.011 0.229 0.026 
 134   (0.013) 0.008 0.010 0.003 0.001 0.001 0.000 0.001 0.001 0.004 0.000 0.000 0.003 0.000 0.083 0.002 0.001 0.000 0.001 0.001 0.001 
 156   (0.020) 0.037 0.032 0.006 0.023 0.001 0.001 0.001 0.002 0.013 0.001 0.001 0.012 0.000 0.003 0.003 0.010 0.000 0.001 0.001 0.002 

Locus 6 : 
12 alleles
0.0% missing data
 225   (0.045) 0.032 0.039 0.050 0.003 0.009 0.001 0.023 0.004 0.029 0.002 0.002 0.015 0.224 0.005 0.008 0.011 0.283 0.021 0.003 0.219 
 239   (0.136) 0.141 0.158 0.068 0.096 0.014 0.205 0.018 0.042 0.089 0.006 0.027 0.141 0.604 0.058 0.074 0.014 0.003 0.289 0.205 0.290 
 229   (0.031) 0.018 0.024 0.007 0.251 0.007 0.001 0.002 0.007 0.013 0.313 0.001 0.007 0.000 0.003 0.005 0.042 0.484 0.001 0.002 0.004 
 235   (0.275) 0.248 0.260 0.151 0.420 0.272 0.008 0.465 0.055 0.331 0.632 0.308 0.457 0.165 0.098 0.354 0.467 0.222 0.355 0.346 0.383 
 237   (0.191) 0.317 0.219 0.165 0.010 0.192 0.009 0.237 0.134 0.149 0.014 0.473 0.112 0.003 0.254 0.194 0.019 0.003 0.225 0.203 0.047 
 233   (0.106) 0.075 0.095 0.049 0.171 0.474 0.278 0.009 0.182 0.220 0.007 0.178 0.130 0.001 0.013 0.282 0.025 0.002 0.097 0.051 0.016 
 227   (0.038) 0.024 0.031 0.009 0.002 0.002 0.344 0.002 0.299 0.047 0.001 0.001 0.058 0.000 0.500 0.005 0.003 0.001 0.002 0.002 0.004 
 245   (0.047) 0.046 0.052 0.014 0.002 0.019 0.001 0.109 0.216 0.031 0.002 0.004 0.014 0.000 0.005 0.054 0.004 0.001 0.003 0.007 0.006 
 241   (0.060) 0.046 0.056 0.205 0.041 0.006 0.152 0.037 0.053 0.034 0.019 0.003 0.033 0.001 0.016 0.011 0.410 0.002 0.004 0.004 0.022 
 231   (0.032) 0.027 0.029 0.273 0.001 0.002 0.001 0.043 0.004 0.037 0.001 0.001 0.024 0.000 0.035 0.006 0.002 0.000 0.002 0.002 0.004 
 243   (0.026) 0.018 0.024 0.008 0.001 0.002 0.001 0.055 0.003 0.015 0.003 0.001 0.008 0.000 0.012 0.006 0.002 0.000 0.001 0.174 0.004 
 251   (0.011) 0.008 0.013 0.003 0.000 0.001 0.000 0.001 0.001 0.005 0.000 0.000 0.002 0.000 0.001 0.001 0.001 0.000 0.001 0.001 0.001 

Locus 7 : 
7 alleles
0.0% missing data
 118   (0.863) 0.896 0.878 0.963 0.953 0.977 0.572 0.992 0.966 0.703 0.946 0.826 0.813 0.992 0.942 0.839 0.962 0.991 0.977 0.760 0.956 
 124   (0.043) 0.030 0.036 0.011 0.002 0.016 0.426 0.002 0.004 0.027 0.001 0.159 0.010 0.000 0.019 0.129 0.003 0.001 0.002 0.234 0.005 
 116   (0.013) 0.007 0.010 0.003 0.001 0.001 0.000 0.001 0.001 0.232 0.001 0.001 0.152 0.000 0.002 0.002 0.001 0.000 0.001 0.001 0.005 
 114   (0.042) 0.045 0.044 0.013 0.036 0.004 0.001 0.003 0.006 0.022 0.025 0.013 0.014 0.004 0.017 0.025 0.020 0.008 0.002 0.003 0.006 
 122   (0.011) 0.006 0.008 0.002 0.000 0.001 0.000 0.001 0.001 0.004 0.000 0.000 0.002 0.000 0.016 0.001 0.001 0.000 0.001 0.001 0.001 
 112   (0.018) 0.011 0.015 0.005 0.007 0.001 0.000 0.001 0.020 0.007 0.026 0.001 0.007 0.000 0.003 0.003 0.010 0.001 0.001 0.001 0.002 
 120   (0.011) 0.006 0.008 0.003 0.000 0.001 0.000 0.001 0.001 0.004 0.000 0.000 0.003 0.003 0.001 0.002 0.003 0.000 0.016 0.001 0.024 

Locus 8 : 
5 alleles
0.5% missing data
 135   (0.049) 0.100 0.058 0.039 0.016 0.005 0.001 0.012 0.005 0.030 0.004 0.003 0.012 0.001 0.005 0.261 0.005 0.001 0.008 0.347 0.035 
 139   (0.729) 0.696 0.719 0.750 0.896 0.947 0.959 0.646 0.836 0.550 0.832 0.978 0.791 0.996 0.711 0.637 0.912 0.995 0.967 0.426 0.686 
 137   (0.171) 0.168 0.171 0.064 0.086 0.045 0.039 0.259 0.155 0.399 0.160 0.017 0.185 0.003 0.279 0.094 0.079 0.003 0.022 0.223 0.270 
 143   (0.030) 0.021 0.033 0.062 0.001 0.002 0.001 0.065 0.003 0.012 0.001 0.001 0.007 0.000 0.003 0.004 0.002 0.000 0.002 0.002 0.007 
 141   (0.022) 0.015 0.019 0.085 0.001 0.001 0.001 0.019 0.002 0.009 0.003 0.001 0.005 0.000 0.002 0.004 0.002 0.000 0.001 0.002 0.002 

Locus 9 : 
15 alleles
1.6% missing data
 116   (0.254) 0.296 0.261 0.466 0.454 0.553 0.008 0.338 0.059 0.306 0.020 0.176 0.125 0.148 0.065 0.652 0.385 0.527 0.146 0.746 0.395 
 112   (0.075) 0.082 0.077 0.058 0.004 0.023 0.002 0.182 0.032 0.060 0.003 0.083 0.024 0.001 0.027 0.016 0.008 0.205 0.405 0.005 0.018 
 118   (0.107) 0.103 0.101 0.101 0.483 0.025 0.085 0.162 0.021 0.073 0.936 0.025 0.038 0.001 0.095 0.018 0.527 0.260 0.007 0.007 0.020 
 122   (0.084) 0.073 0.086 0.035 0.004 0.008 0.464 0.006 0.323 0.070 0.003 0.004 0.084 0.647 0.392 0.012 0.008 0.001 0.364 0.005 0.247 
 114   (0.206) 0.238 0.212 0.221 0.030 0.361 0.006 0.244 0.243 0.320 0.027 0.286 0.067 0.135 0.253 0.255 0.042 0.003 0.041 0.061 0.241 
 120   (0.048) 0.036 0.048 0.016 0.002 0.003 0.206 0.019 0.009 0.044 0.003 0.257 0.060 0.000 0.043 0.008 0.004 0.001 0.008 0.023 0.007 
 130   (0.041) 0.028 0.038 0.010 0.002 0.003 0.127 0.002 0.173 0.018 0.001 0.148 0.009 0.000 0.010 0.009 0.003 0.001 0.002 0.142 0.005 
 124   (0.054) 0.041 0.050 0.016 0.003 0.004 0.001 0.039 0.026 0.042 0.003 0.002 0.262 0.066 0.027 0.008 0.005 0.001 0.021 0.003 0.032 
 110   (0.013) 0.021 0.013 0.003 0.001 0.001 0.000 0.001 0.001 0.006 0.000 0.000 0.003 0.000 0.001 0.002 0.001 0.000 0.001 0.001 0.001 
 134   (0.012) 0.008 0.010 0.025 0.001 0.001 0.000 0.001 0.001 0.004 0.000 0.001 0.005 0.000 0.001 0.002 0.001 0.000 0.001 0.001 0.002 
 128   (0.029) 0.020 0.024 0.008 0.001 0.010 0.098 0.002 0.026 0.014 0.001 0.010 0.006 0.000 0.037 0.006 0.002 0.000 0.001 0.002 0.004 
 126   (0.035) 0.028 0.032 0.030 0.002 0.004 0.001 0.002 0.081 0.026 0.001 0.006 0.307 0.000 0.042 0.006 0.005 0.000 0.002 0.002 0.007 
 108   (0.015) 0.011 0.026 0.004 0.001 0.001 0.000 0.001 0.001 0.006 0.000 0.001 0.003 0.000 0.002 0.002 0.001 0.000 0.001 0.001 0.003 
 106   (0.015) 0.009 0.013 0.004 0.001 0.001 0.000 0.001 0.002 0.008 0.000 0.001 0.004 0.000 0.004 0.002 0.001 0.000 0.001 0.001 0.017 
 138   (0.011) 0.007 0.010 0.003 0.012 0.001 0.000 0.001 0.001 0.004 0.000 0.000 0.002 0.000 0.001 0.002 0.006 0.000 0.001 0.001 0.001 

Locus 10 : 
8 alleles
0.0% missing data
 232   (0.798) 0.833 0.783 0.832 0.948 0.935 0.995 0.856 0.488 0.816 0.984 0.987 0.886 0.998 0.512 0.967 0.931 0.997 0.989 0.779 0.967 
 238   (0.112) 0.097 0.124 0.139 0.005 0.059 0.003 0.139 0.503 0.145 0.008 0.010 0.087 0.001 0.388 0.018 0.013 0.001 0.005 0.013 0.019 
 220   (0.012) 0.007 0.009 0.003 0.001 0.001 0.000 0.001 0.001 0.004 0.000 0.000 0.002 0.000 0.001 0.001 0.001 0.000 0.001 0.156 0.001 
 226   (0.012) 0.008 0.013 0.003 0.027 0.001 0.000 0.001 0.001 0.005 0.005 0.000 0.003 0.000 0.001 0.002 0.001 0.000 0.001 0.001 0.002 
 234   (0.017) 0.013 0.027 0.005 0.001 0.001 0.000 0.001 0.002 0.007 0.001 0.001 0.004 0.000 0.002 0.004 0.002 0.000 0.001 0.049 0.004 
 240   (0.012) 0.008 0.010 0.003 0.001 0.001 0.000 0.001 0.001 0.005 0.000 0.000 0.003 0.000 0.032 0.002 0.001 0.000 0.001 0.001 0.001 
 236   (0.018) 0.023 0.019 0.011 0.001 0.002 0.000 0.001 0.002 0.012 0.001 0.001 0.012 0.000 0.012 0.003 0.012 0.000 0.003 0.001 0.004 
 244   (0.018) 0.011 0.014 0.004 0.017 0.001 0.000 0.001 0.002 0.006 0.001 0.001 0.003 0.000 0.052 0.002 0.040 0.000 0.001 0.001 0.002 

Locus 11 : 
8 alleles
0.0% missing data
 165   (0.732) 0.719 0.724 0.654 0.924 0.927 0.958 0.943 0.864 0.790 0.971 0.668 0.508 0.857 0.816 0.921 0.871 0.791 0.722 0.794 0.629 
 167   (0.109) 0.076 0.100 0.264 0.068 0.013 0.003 0.029 0.011 0.071 0.008 0.005 0.418 0.141 0.052 0.018 0.111 0.206 0.267 0.007 0.347 
 161   (0.107) 0.165 0.121 0.065 0.005 0.056 0.038 0.006 0.120 0.116 0.019 0.325 0.059 0.001 0.126 0.051 0.012 0.002 0.006 0.197 0.015 
 153   (0.012) 0.009 0.011 0.004 0.001 0.001 0.000 0.001 0.001 0.005 0.000 0.000 0.004 0.000 0.001 0.004 0.001 0.001 0.004 0.001 0.002 
 169   (0.012) 0.009 0.012 0.006 0.001 0.001 0.000 0.001 0.001 0.005 0.000 0.001 0.005 0.000 0.001 0.002 0.003 0.000 0.001 0.001 0.003 
 155   (0.008) 0.006 0.011 0.002 0.000 0.001 0.000 0.000 0.001 0.003 0.000 0.000 0.002 0.000 0.001 0.001 0.001 0.000 0.000 0.000 0.001 
 173   (0.011) 0.008 0.015 0.002 0.000 0.001 0.000 0.001 0.001 0.004 0.000 0.000 0.002 0.000 0.001 0.001 0.001 0.000 0.000 0.001 0.002 
 163   (0.009) 0.008 0.008 0.002 0.000 0.001 0.000 0.019 0.001 0.005 0.000 0.000 0.002 0.000 0.001 0.001 0.001 0.000 0.001 0.000 0.001 

Locus 12 : 
9 alleles
0.0% missing data
 137   (0.508) 0.526 0.526 0.709 0.333 0.405 0.879 0.845 0.599 0.539 0.303 0.344 0.748 0.419 0.395 0.432 0.708 0.179 0.387 0.075 0.615 
 140   (0.180) 0.160 0.172 0.123 0.596 0.543 0.072 0.070 0.021 0.194 0.104 0.299 0.100 0.002 0.073 0.375 0.234 0.338 0.080 0.517 0.027 
 134   (0.236) 0.247 0.228 0.149 0.067 0.034 0.047 0.048 0.372 0.234 0.586 0.353 0.134 0.579 0.458 0.179 0.051 0.482 0.529 0.403 0.348 
 149   (0.011) 0.008 0.012 0.002 0.000 0.001 0.000 0.001 0.001 0.005 0.001 0.000 0.003 0.000 0.001 0.002 0.001 0.000 0.000 0.001 0.001 
 131   (0.012) 0.016 0.013 0.004 0.001 0.001 0.000 0.001 0.001 0.006 0.004 0.000 0.003 0.000 0.001 0.004 0.001 0.000 0.001 0.002 0.001 
 143   (0.013) 0.011 0.013 0.003 0.001 0.001 0.000 0.001 0.002 0.006 0.000 0.001 0.003 0.000 0.058 0.002 0.001 0.000 0.001 0.001 0.003 
 128   (0.012) 0.008 0.010 0.003 0.001 0.001 0.000 0.001 0.001 0.007 0.000 0.001 0.003 0.000 0.011 0.002 0.001 0.000 0.001 0.001 0.001 
 125   (0.018) 0.011 0.015 0.005 0.001 0.014 0.000 0.034 0.002 0.007 0.001 0.001 0.005 0.000 0.002 0.003 0.002 0.000 0.001 0.001 0.002 
 146   (0.009) 0.011 0.011 0.002 0.000 0.001 0.000 0.001 0.001 0.003 0.000 0.000 0.002 0.000 0.001 0.002 0.001 0.000 0.000 0.001 0.001 

Locus 13 : 
20 alleles
0.2% missing data
 206   (0.141) 0.109 0.132 0.332 0.425 0.192 0.261 0.170 0.057 0.095 0.156 0.231 0.152 0.002 0.018 0.030 0.343 0.573 0.020 0.009 0.232 
 210   (0.110) 0.095 0.104 0.039 0.348 0.219 0.003 0.025 0.018 0.189 0.249 0.069 0.030 0.445 0.016 0.061 0.279 0.245 0.051 0.191 0.255 
 190   (0.059) 0.094 0.065 0.075 0.003 0.031 0.003 0.150 0.006 0.047 0.002 0.006 0.018 0.001 0.015 0.231 0.006 0.001 0.009 0.009 0.010 
 202   (0.099) 0.137 0.123 0.111 0.034 0.016 0.437 0.014 0.494 0.082 0.171 0.004 0.277 0.001 0.098 0.257 0.033 0.002 0.006 0.022 0.018 
 214   (0.039) 0.052 0.036 0.013 0.002 0.061 0.001 0.002 0.004 0.037 0.001 0.008 0.009 0.174 0.010 0.020 0.004 0.001 0.088 0.002 0.248 
 212   (0.031) 0.020 0.025 0.008 0.001 0.002 0.001 0.325 0.004 0.017 0.001 0.001 0.007 0.204 0.003 0.006 0.003 0.000 0.002 0.004 0.052 
 192   (0.094) 0.105 0.087 0.030 0.005 0.165 0.274 0.025 0.132 0.129 0.011 0.265 0.047 0.001 0.015 0.098 0.251 0.002 0.006 0.412 0.012 
 204   (0.045) 0.033 0.039 0.030 0.002 0.070 0.005 0.027 0.009 0.040 0.002 0.005 0.012 0.001 0.102 0.011 0.009 0.001 0.026 0.003 0.063 
 184   (0.045) 0.032 0.046 0.014 0.002 0.006 0.001 0.113 0.004 0.026 0.384 0.003 0.010 0.000 0.004 0.044 0.006 0.001 0.003 0.234 0.022 
 216   (0.018) 0.013 0.017 0.006 0.001 0.008 0.000 0.001 0.002 0.013 0.001 0.296 0.005 0.001 0.002 0.023 0.003 0.000 0.001 0.077 0.004 
 208   (0.046) 0.031 0.041 0.052 0.002 0.191 0.001 0.062 0.006 0.031 0.002 0.098 0.012 0.021 0.005 0.055 0.006 0.001 0.002 0.015 0.016 
 200   (0.079) 0.060 0.073 0.030 0.041 0.017 0.006 0.046 0.153 0.130 0.006 0.004 0.058 0.001 0.364 0.063 0.036 0.173 0.006 0.008 0.036 
 198   (0.032) 0.039 0.036 0.165 0.001 0.002 0.001 0.002 0.003 0.017 0.001 0.001 0.096 0.000 0.026 0.011 0.005 0.000 0.003 0.002 0.006 
 194   (0.059) 0.075 0.054 0.017 0.126 0.010 0.002 0.005 0.092 0.038 0.002 0.003 0.231 0.001 0.267 0.010 0.008 0.001 0.769 0.004 0.008 
 186   (0.017) 0.014 0.019 0.005 0.001 0.001 0.000 0.001 0.003 0.008 0.001 0.001 0.005 0.146 0.010 0.003 0.002 0.000 0.006 0.001 0.003 
 188   (0.017) 0.019 0.017 0.004 0.001 0.002 0.001 0.001 0.002 0.064 0.001 0.001 0.009 0.000 0.030 0.003 0.002 0.000 0.001 0.001 0.002 
 196   (0.029) 0.036 0.035 0.059 0.001 0.002 0.001 0.026 0.005 0.018 0.009 0.001 0.012 0.000 0.012 0.005 0.003 0.000 0.001 0.002 0.005 
 220   (0.012) 0.012 0.015 0.003 0.001 0.001 0.000 0.001 0.003 0.005 0.000 0.000 0.004 0.000 0.001 0.002 0.001 0.000 0.000 0.001 0.001 
 180   (0.013) 0.010 0.024 0.003 0.001 0.001 0.000 0.001 0.001 0.007 0.000 0.001 0.003 0.000 0.001 0.002 0.001 0.000 0.001 0.001 0.003 
 182   (0.014) 0.014 0.013 0.004 0.001 0.002 0.000 0.001 0.001 0.008 0.000 0.001 0.004 0.000 0.002 0.064 0.001 0.000 0.001 0.004 0.002 

Locus 14 : 
8 alleles
1.6% missing data
 139   (0.099) 0.071 0.083 0.034 0.014 0.062 0.026 0.006 0.155 0.118 0.280 0.206 0.055 0.151 0.012 0.064 0.310 0.282 0.160 0.014 0.041 
 145   (0.066) 0.058 0.063 0.050 0.042 0.006 0.002 0.173 0.007 0.055 0.386 0.009 0.018 0.002 0.016 0.146 0.035 0.003 0.004 0.005 0.070 
 151   (0.315) 0.260 0.297 0.325 0.696 0.603 0.371 0.420 0.641 0.243 0.263 0.186 0.251 0.484 0.303 0.182 0.457 0.706 0.587 0.065 0.157 
 157   (0.317) 0.371 0.322 0.474 0.234 0.306 0.594 0.253 0.099 0.327 0.023 0.546 0.348 0.119 0.271 0.572 0.170 0.005 0.083 0.900 0.235 
 154   (0.093) 0.076 0.097 0.079 0.005 0.014 0.002 0.125 0.012 0.184 0.004 0.048 0.099 0.243 0.035 0.019 0.011 0.001 0.160 0.009 0.484 
 163   (0.045) 0.090 0.070 0.018 0.006 0.004 0.003 0.003 0.008 0.040 0.037 0.003 0.121 0.000 0.066 0.008 0.012 0.001 0.002 0.004 0.005 
 142   (0.030) 0.047 0.030 0.010 0.001 0.002 0.001 0.019 0.003 0.016 0.005 0.002 0.098 0.000 0.011 0.005 0.003 0.000 0.002 0.002 0.004 
 160   (0.034) 0.028 0.039 0.008 0.002 0.002 0.001 0.002 0.074 0.016 0.002 0.001 0.009 0.000 0.287 0.005 0.003 0.000 0.002 0.002 0.004 

Locus 15 : 
14 alleles
1.1% missing data
 256   (0.168) 0.134 0.165 0.092 0.168 0.264 0.235 0.127 0.105 0.112 0.309 0.233 0.169 0.194 0.083 0.059 0.080 0.004 0.089 0.016 0.073 
 262   (0.031) 0.020 0.025 0.008 0.444 0.002 0.001 0.002 0.003 0.019 0.098 0.001 0.142 0.000 0.003 0.004 0.073 0.666 0.001 0.002 0.004 
 246   (0.109) 0.108 0.104 0.049 0.113 0.080 0.003 0.015 0.118 0.095 0.017 0.111 0.197 0.001 0.149 0.117 0.175 0.083 0.006 0.046 0.016 
 258   (0.145) 0.121 0.134 0.448 0.116 0.171 0.469 0.247 0.308 0.091 0.006 0.264 0.143 0.001 0.047 0.445 0.020 0.002 0.009 0.428 0.026 
 254   (0.095) 0.096 0.096 0.076 0.010 0.151 0.280 0.044 0.009 0.093 0.003 0.009 0.031 0.079 0.083 0.047 0.010 0.001 0.292 0.006 0.393 
 250   (0.038) 0.032 0.038 0.046 0.002 0.003 0.001 0.017 0.005 0.016 0.001 0.001 0.035 0.714 0.004 0.006 0.003 0.000 0.101 0.002 0.405 
 242   (0.099) 0.128 0.097 0.068 0.128 0.008 0.002 0.161 0.019 0.068 0.261 0.005 0.042 0.006 0.173 0.030 0.021 0.233 0.339 0.007 0.024 
 252   (0.085) 0.145 0.092 0.076 0.007 0.026 0.002 0.018 0.012 0.075 0.291 0.009 0.059 0.002 0.088 0.024 0.575 0.002 0.041 0.248 0.019 
 248   (0.132) 0.134 0.146 0.064 0.006 0.047 0.004 0.314 0.410 0.299 0.010 0.361 0.156 0.002 0.300 0.037 0.030 0.002 0.117 0.222 0.020 
 260   (0.048) 0.041 0.047 0.015 0.003 0.244 0.001 0.006 0.005 0.101 0.002 0.003 0.013 0.000 0.063 0.220 0.006 0.004 0.002 0.021 0.008 
 264   (0.009) 0.006 0.008 0.033 0.000 0.001 0.000 0.001 0.001 0.004 0.000 0.000 0.002 0.000 0.001 0.001 0.001 0.000 0.000 0.000 0.001 
 244   (0.023) 0.020 0.026 0.017 0.002 0.002 0.001 0.049 0.002 0.020 0.001 0.001 0.008 0.000 0.003 0.006 0.005 0.001 0.001 0.001 0.010 
 276   (0.006) 0.006 0.009 0.001 0.000 0.000 0.000 0.000 0.000 0.002 0.000 0.000 0.001 0.000 0.001 0.001 0.000 0.000 0.000 0.000 0.000 
 240   (0.012) 0.009 0.012 0.008 0.001 0.001 0.001 0.001 0.002 0.006 0.001 0.000 0.004 0.000 0.002 0.002 0.001 0.000 0.001 0.001 0.002 

Values of parameters used in structure:
DATAFILE=C:\Users\eschumacher\Documents\GitHub\GCC_QUAC_ZAIN\Data_Files\Structure_Files\QUAC\QUAC_woK_nopopinfo_garden_wild\QUAC_woK_nopopinfo_garden_wild\project_data,	OUTFILE=C:\Users\eschumacher\Documents\GitHub\GCC_QUAC_ZAIN\Data_Files\Structure_Files\QUAC\QUAC_woK_nopopinfo_garden_wild\QUAC_woK_nopopinfo_garden_wild\50-50\Results\50-50_run_97,	NUMINDS=441,	NUMLOCI=15,	MISSING=-9,	LABEL=1,	POPDATA=0,	POPFLAG=0,	PHENOTYPE=0,	EXTRACOLS=0,	MAXPOPS=20,	BURNIN=50000,	NUMREPS=50000,	USEPOPINFO=0,	INFERALPHA=1,	INFERLAMBDA=0,	POPSPECIFICLAMBDA=0,	POPALPHAS=0,	COMPUTEPROB=1,	NOADMIX=0,	ADMBURNIN=2500,	UPDATEFREQ=1,	PRINTLIKES=0,	INTERMEDSAVE=0,	PRINTKLD=0,	PRINTNET=0,	PRINTLAMBDA=0,	ANCESTDIST=0,	NUMBOXES=1000,	ANCESTPINT=0.90000,	GENSBACK=2,	MIGRPRIOR=0.05000,	PRINTQHAT=0,	PRINTQSUM=0,	ALPHA=1.0000,	FREQSCORR=1,	FPRIORMEAN=0.0100,	FPRIORSD=0.0500,	ONEFST=0,	LAMBDA=1.0000,	UNIFPRIORALPHA=1,	ALPHAMAX=10.0000,	ALPHAPRIORA=1.0000,	ALPHAPRIORB=2.0000,	ALPHAPROPSD=0.0250,	STARTATPOPINFO=0,	RANDOMIZE=1,	LINKAGE=0,	METROFREQ=10,	REPORTHITRATE=0,	MARKOVPHASE=-1,	PHASED=0,	PLOIDY=2,	PHASEINFO=0	LOCPRIOR=0, 	LOCPRIORINIT=1.000000, 	LOCDATA=0, 	LOCISPOP=0, 	LOCPRIORSTEP=0.100000, 	MAXLOCPRIOR=20.000000, 	SEED=1670380686,	
[STRAT parameters]:    NUMSIMSTATS=1000,	PHENOTYPECOL=-9,	POOLFREQ=10,	LOCUSxONLY=0,	EMERROR=0.00100,	MISSINGPHENO=-9,	