

----------------------------------------------------
STRUCTURE by Pritchard, Stephens and Donnelly (2000)
     and Falush, Stephens and Pritchard (2003)
       Code by Pritchard, Falush and Hubisz
             Version 2.3.4 (Jul 2012)
----------------------------------------------------



Command line arguments:   bin\structure -m C:\Users\eschumacher\Documents\GitHub\GCC_QUAC_ZAIN\Data_Files\Structure_Files\ZAIN\ZAIN_rebinned_wild\50-50\mainparams -e C:\Users\eschumacher\Documents\GitHub\GCC_QUAC_ZAIN\Data_Files\Structure_Files\ZAIN\ZAIN_rebinned_wild\50-50\extraparams 
Input File:    C:\Users\eschumacher\Documents\GitHub\GCC_QUAC_ZAIN\Data_Files\Structure_Files\ZAIN\ZAIN_rebinned_wild\project_data

Run parameters:
   751 individuals
   11 loci
   12 populations assumed
   50000 Burn-in period
   50000 Reps


--------------------------------------------
Proportion of membership of each pre-defined
 population in each of the 12 clusters

Given    Inferred Clusters                                                                      Number of
 Pop       1      2      3      4      5      6      7      8      9     10     11     12      Individuals

  1:     0.899  0.005  0.006  0.021  0.009  0.015  0.005  0.010  0.006  0.008  0.013  0.004       35
  2:     0.006  0.305  0.020  0.005  0.022  0.006  0.022  0.008  0.159  0.427  0.005  0.016       36
  3:     0.004  0.235  0.009  0.006  0.010  0.006  0.027  0.013  0.082  0.579  0.006  0.023       33
  4:     0.006  0.009  0.870  0.018  0.035  0.006  0.009  0.008  0.009  0.011  0.011  0.009       40
  5:     0.004  0.008  0.007  0.004  0.006  0.005  0.009  0.006  0.038  0.007  0.004  0.905       39
  6:     0.161  0.031  0.028  0.039  0.015  0.338  0.030  0.232  0.025  0.051  0.038  0.013       40
  7:     0.023  0.010  0.021  0.062  0.051  0.672  0.022  0.049  0.010  0.011  0.057  0.011       37
  8:     0.005  0.109  0.006  0.003  0.006  0.003  0.017  0.005  0.085  0.743  0.005  0.013       40
  9:     0.807  0.004  0.005  0.007  0.041  0.007  0.003  0.007  0.006  0.005  0.093  0.014       28
 10:     0.005  0.006  0.018  0.006  0.926  0.004  0.006  0.005  0.007  0.007  0.005  0.005       14
 11:     0.008  0.007  0.006  0.843  0.018  0.036  0.005  0.007  0.012  0.008  0.013  0.038       13
 12:     0.004  0.015  0.021  0.002  0.007  0.004  0.008  0.006  0.888  0.012  0.007  0.026       14
 13:     0.003  0.884  0.007  0.005  0.008  0.004  0.019  0.006  0.013  0.039  0.005  0.007       25
 14:     0.005  0.011  0.008  0.005  0.005  0.006  0.915  0.005  0.009  0.018  0.006  0.006       40
 15:     0.026  0.019  0.780  0.008  0.028  0.013  0.008  0.019  0.051  0.022  0.010  0.016       32
 16:     0.003  0.005  0.004  0.954  0.005  0.006  0.004  0.003  0.004  0.004  0.003  0.004       20
 17:     0.645  0.009  0.007  0.007  0.014  0.062  0.006  0.198  0.009  0.014  0.023  0.005        4
 18:     0.264  0.018  0.010  0.015  0.013  0.018  0.013  0.036  0.012  0.077  0.519  0.005       23
 19:     0.014  0.004  0.006  0.006  0.005  0.009  0.004  0.007  0.004  0.005  0.931  0.004       39
 20:     0.049  0.006  0.006  0.826  0.021  0.011  0.004  0.011  0.005  0.007  0.051  0.004       38
 21:     0.005  0.027  0.009  0.005  0.007  0.006  0.049  0.010  0.721  0.044  0.004  0.113       45
 22:     0.005  0.165  0.013  0.009  0.024  0.010  0.022  0.007  0.387  0.228  0.005  0.124       28
 23:     0.334  0.006  0.008  0.008  0.005  0.034  0.007  0.009  0.006  0.006  0.568  0.009        6
 24:     0.013  0.007  0.006  0.005  0.011  0.020  0.013  0.876  0.013  0.007  0.018  0.012       40
 25:     0.016  0.010  0.009  0.049  0.018  0.817  0.011  0.020  0.022  0.008  0.010  0.011       42
--------------------------------------------

Allele-freq. divergence among pops (Net nucleotide distance),
computed using point estimates of P.

      1       2       3       4       5       6       7       8       9      10      11      12      
 1      -    0.2594  0.2122  0.1766  0.2574  0.1229  0.3653  0.2025  0.2613  0.2514  0.0879  0.3010  
 2   0.2594     -    0.1976  0.2888  0.1887  0.1889  0.1040  0.1744  0.0787  0.0495  0.2734  0.2318  
 3   0.2122  0.1976     -    0.2616  0.1971  0.1430  0.2046  0.1757  0.1712  0.2337  0.1784  0.2009  
 4   0.1766  0.2888  0.2616     -    0.2315  0.1094  0.3585  0.2405  0.2925  0.3058  0.2102  0.3678  
 5   0.2574  0.1887  0.1971  0.2315     -    0.1593  0.2838  0.1850  0.1949  0.2326  0.2682  0.2465  
 6   0.1229  0.1889  0.1430  0.1094  0.1593     -    0.2671  0.1045  0.1600  0.2077  0.1107  0.2053  
 7   0.3653  0.1040  0.2046  0.3585  0.2838  0.2671     -    0.1759  0.1308  0.1425  0.3720  0.2958  
 8   0.2025  0.1744  0.1757  0.2405  0.1850  0.1045  0.1759     -    0.1236  0.1697  0.1857  0.2528  
 9   0.2613  0.0787  0.1712  0.2925  0.1949  0.1600  0.1308  0.1236     -    0.0658  0.2714  0.1359  
10   0.2514  0.0495  0.2337  0.3058  0.2326  0.2077  0.1425  0.1697  0.0658     -    0.2676  0.2660  
11   0.0879  0.2734  0.1784  0.2102  0.2682  0.1107  0.3720  0.1857  0.2714  0.2676     -    0.3034  
12   0.3010  0.2318  0.2009  0.3678  0.2465  0.2053  0.2958  0.2528  0.1359  0.2660  0.3034     -    

Average distances (expected heterozygosity) between individuals in same cluster:
cluster  1  : 0.4844 
cluster  2  : 0.4145 
cluster  3  : 0.3971 
cluster  4  : 0.4167 
cluster  5  : 0.2403 
cluster  6  : 0.5553 
cluster  7  : 0.3621 
cluster  8  : 0.4367 
cluster  9  : 0.4260 
cluster 10  : 0.3624 
cluster 11  : 0.3457 
cluster 12  : 0.2260 

--------------------------------------------
Estimated Ln Prob of Data   = -13407.8
Mean value of ln likelihood = -12951.1
Variance of ln likelihood   = 913.3
Mean value of alpha         = 0.0328

Mean value of Fst_1         = 0.4213
Mean value of Fst_2         = 0.3408
Mean value of Fst_3         = 0.4092
Mean value of Fst_4         = 0.4301
Mean value of Fst_5         = 0.6465
Mean value of Fst_6         = 0.1332
Mean value of Fst_7         = 0.4343
Mean value of Fst_8         = 0.3495
Mean value of Fst_9         = 0.4143
Mean value of Fst_10         = 0.4362
Mean value of Fst_11         = 0.4813
Mean value of Fst_12         = 0.6614


Inferred ancestry of individuals:
        Label (%Miss) Pop:  Inferred clusters
  1    ZFB01    (0)    1 :  0.955 0.003 0.005 0.006 0.002 0.003 0.003 0.003 0.003 0.004 0.009 0.003 
  2    ZFB02    (0)    1 :  0.910 0.004 0.010 0.032 0.006 0.007 0.003 0.005 0.003 0.004 0.014 0.002 
  3    ZFB03    (0)    1 :  0.876 0.007 0.008 0.004 0.005 0.019 0.003 0.011 0.014 0.012 0.020 0.021 
  4    ZFB04    (0)    1 :  0.932 0.003 0.005 0.022 0.007 0.006 0.003 0.003 0.003 0.005 0.007 0.002 
  5    ZFB05    (0)    1 :  0.733 0.003 0.008 0.109 0.049 0.040 0.010 0.020 0.005 0.003 0.011 0.009 
  6    ZFB06    (0)    1 :  0.807 0.003 0.008 0.057 0.022 0.043 0.011 0.020 0.005 0.003 0.012 0.010 
  7    ZFB07    (9)    1 :  0.790 0.006 0.004 0.009 0.006 0.043 0.006 0.013 0.006 0.009 0.104 0.005 
  8    ZFB08    (0)    1 :  0.891 0.008 0.007 0.005 0.010 0.005 0.007 0.020 0.007 0.008 0.028 0.005 
  9    ZFB09    (0)    1 :  0.960 0.003 0.004 0.004 0.003 0.004 0.002 0.004 0.003 0.003 0.008 0.003 
 10    ZFB10    (0)    1 :  0.928 0.008 0.005 0.007 0.006 0.004 0.005 0.004 0.008 0.019 0.004 0.002 
 11    ZFB11    (0)    1 :  0.954 0.005 0.004 0.008 0.004 0.003 0.003 0.003 0.003 0.005 0.004 0.002 
 12    ZFB12    (0)    1 :  0.902 0.005 0.005 0.023 0.003 0.011 0.003 0.022 0.007 0.008 0.005 0.005 
 13    ZFB13    (0)    1 :  0.913 0.009 0.004 0.006 0.013 0.006 0.007 0.012 0.007 0.010 0.009 0.004 
 14    ZFB14    (0)    1 :  0.953 0.005 0.005 0.004 0.005 0.004 0.003 0.004 0.003 0.005 0.007 0.003 
 15    ZFB15    (0)    1 :  0.960 0.002 0.002 0.008 0.003 0.003 0.002 0.003 0.002 0.003 0.007 0.002 
 16    ZFB16    (0)    1 :  0.936 0.005 0.003 0.009 0.012 0.004 0.004 0.007 0.005 0.007 0.005 0.003 
 17    ZFB17    (0)    1 :  0.862 0.006 0.013 0.019 0.029 0.009 0.009 0.027 0.008 0.010 0.007 0.002 
 18    ZFB18    (0)    1 :  0.965 0.003 0.004 0.003 0.003 0.003 0.003 0.003 0.003 0.004 0.005 0.002 
 19    ZFB19    (0)    1 :  0.683 0.022 0.004 0.007 0.006 0.071 0.012 0.058 0.025 0.053 0.051 0.007 
 20    ZFB20    (0)    1 :  0.914 0.005 0.003 0.025 0.018 0.005 0.004 0.007 0.005 0.007 0.006 0.003 
 21    ZFB21    (0)    1 :  0.956 0.003 0.003 0.007 0.004 0.006 0.002 0.003 0.003 0.002 0.007 0.003 
 22    ZFB22    (0)    1 :  0.896 0.006 0.007 0.035 0.005 0.007 0.008 0.011 0.008 0.009 0.005 0.002 
 23    ZFB23    (0)    1 :  0.951 0.005 0.004 0.011 0.005 0.004 0.002 0.003 0.003 0.005 0.004 0.003 
 24    ZFB24    (0)    1 :  0.944 0.004 0.003 0.017 0.006 0.004 0.003 0.003 0.003 0.005 0.005 0.002 
 25    ZFB25    (0)    1 :  0.949 0.005 0.004 0.004 0.003 0.003 0.003 0.003 0.005 0.014 0.004 0.003 
 26    ZFB26    (0)    1 :  0.923 0.008 0.004 0.022 0.011 0.005 0.003 0.003 0.005 0.010 0.004 0.003 
 27    ZFB27    (0)    1 :  0.935 0.004 0.003 0.029 0.003 0.005 0.002 0.003 0.003 0.005 0.004 0.002 
 28    ZFB28    (0)    1 :  0.826 0.006 0.008 0.075 0.013 0.031 0.003 0.015 0.006 0.008 0.005 0.004 
 29    ZFB29    (0)    1 :  0.955 0.003 0.004 0.009 0.007 0.004 0.002 0.003 0.002 0.003 0.005 0.002 
 30    ZFB30    (0)    1 :  0.716 0.004 0.003 0.090 0.005 0.107 0.018 0.017 0.006 0.004 0.021 0.008 
 31    ZFB31    (0)    1 :  0.941 0.007 0.004 0.006 0.003 0.004 0.003 0.004 0.006 0.012 0.007 0.003 
 32    ZFB32    (0)    1 :  0.794 0.010 0.025 0.045 0.024 0.025 0.004 0.036 0.010 0.013 0.008 0.008 
 33    ZFB33    (0)    1 :  0.962 0.003 0.003 0.007 0.003 0.004 0.002 0.003 0.003 0.003 0.006 0.002 
 34    ZFB34    (0)    1 :  0.943 0.004 0.006 0.003 0.003 0.004 0.003 0.004 0.003 0.004 0.018 0.003 
 35    ZFB35    (0)    1 :  0.936 0.005 0.005 0.006 0.007 0.005 0.003 0.005 0.005 0.006 0.014 0.004 
 36  ZFBP101    (0)    2 :  0.011 0.178 0.060 0.006 0.100 0.007 0.044 0.012 0.373 0.190 0.005 0.014 
 37  ZFBP102    (0)    2 :  0.015 0.395 0.011 0.010 0.040 0.012 0.013 0.009 0.296 0.189 0.007 0.005 
 38  ZFBP103    (0)    2 :  0.009 0.025 0.094 0.006 0.052 0.007 0.010 0.007 0.660 0.102 0.004 0.024 
 39  ZFBP104    (0)    2 :  0.021 0.089 0.004 0.007 0.005 0.014 0.008 0.034 0.526 0.258 0.025 0.009 
 40  ZFBP105    (0)    2 :  0.005 0.609 0.005 0.005 0.006 0.006 0.006 0.008 0.099 0.229 0.006 0.014 
 41  ZFBP106    (0)    2 :  0.003 0.432 0.007 0.003 0.013 0.004 0.013 0.005 0.091 0.402 0.003 0.024 
 42  ZFBP107    (0)    2 :  0.007 0.372 0.007 0.018 0.044 0.014 0.005 0.009 0.235 0.264 0.005 0.021 
 43  ZFBP108    (0)    2 :  0.003 0.102 0.003 0.003 0.005 0.003 0.005 0.002 0.012 0.851 0.003 0.007 
 44  ZFBP109    (0)    2 :  0.003 0.788 0.004 0.002 0.003 0.004 0.005 0.005 0.030 0.143 0.006 0.006 
 45  ZFBP110    (0)    2 :  0.044 0.130 0.031 0.007 0.044 0.027 0.007 0.012 0.273 0.309 0.012 0.105 
 46  ZFBP111    (0)    2 :  0.003 0.154 0.005 0.003 0.005 0.004 0.133 0.011 0.410 0.259 0.002 0.010 
 47  ZFBP112    (0)    2 :  0.003 0.037 0.012 0.005 0.015 0.004 0.048 0.006 0.014 0.843 0.004 0.011 
 48  ZFBP113    (0)    2 :  0.003 0.010 0.003 0.003 0.004 0.004 0.003 0.005 0.008 0.950 0.003 0.003 
 49  ZFBP114    (0)    2 :  0.003 0.913 0.003 0.004 0.009 0.004 0.005 0.003 0.031 0.017 0.004 0.004 
 50  ZFBP115    (0)    2 :  0.003 0.069 0.008 0.003 0.008 0.004 0.012 0.006 0.847 0.021 0.002 0.017 
 51  ZFBP116    (0)    2 :  0.003 0.070 0.005 0.003 0.007 0.004 0.007 0.006 0.031 0.854 0.003 0.006 
 52  ZFBP117    (0)    2 :  0.003 0.555 0.011 0.002 0.005 0.005 0.009 0.004 0.019 0.378 0.003 0.007 
 53  ZFBP118    (0)    2 :  0.004 0.784 0.004 0.006 0.013 0.006 0.009 0.004 0.047 0.117 0.003 0.004 
 54  ZFBP119    (0)    2 :  0.004 0.717 0.022 0.002 0.013 0.005 0.018 0.016 0.161 0.022 0.005 0.015 
 55  ZFBP120    (0)    2 :  0.006 0.225 0.004 0.005 0.007 0.006 0.006 0.008 0.124 0.588 0.007 0.015 
 56  ZFBP121    (0)    2 :  0.005 0.729 0.009 0.003 0.007 0.004 0.005 0.005 0.016 0.203 0.006 0.008 
 57  ZFBP122    (9)    2 :  0.003 0.106 0.004 0.003 0.006 0.004 0.009 0.007 0.029 0.819 0.004 0.006 
 58  ZFBP123    (0)    2 :  0.003 0.092 0.010 0.005 0.043 0.005 0.016 0.008 0.011 0.797 0.004 0.006 
 59  ZFBP124    (0)    2 :  0.006 0.708 0.006 0.004 0.009 0.004 0.005 0.004 0.022 0.215 0.011 0.006 
 60  ZFBP125    (0)    2 :  0.003 0.652 0.008 0.002 0.006 0.003 0.017 0.005 0.039 0.253 0.003 0.010 
 61  ZFBP126    (0)    2 :  0.012 0.022 0.016 0.010 0.024 0.013 0.005 0.017 0.019 0.853 0.005 0.003 
 62  ZFBP127    (0)    2 :  0.003 0.458 0.018 0.003 0.007 0.004 0.005 0.003 0.170 0.231 0.004 0.095 
 63  ZFBP128    (0)    2 :  0.003 0.045 0.014 0.002 0.007 0.002 0.026 0.003 0.019 0.860 0.004 0.015 
 64  ZFBP129    (0)    2 :  0.004 0.332 0.012 0.003 0.009 0.006 0.134 0.005 0.008 0.472 0.008 0.008 
 65  ZFBP130    (0)    2 :  0.002 0.322 0.030 0.003 0.010 0.003 0.087 0.009 0.057 0.463 0.002 0.011 
 66  ZFBP131    (0)    2 :  0.003 0.069 0.003 0.004 0.003 0.003 0.004 0.004 0.005 0.895 0.004 0.003 
 67  ZFBP132    (0)    2 :  0.005 0.391 0.006 0.003 0.005 0.004 0.004 0.003 0.017 0.539 0.003 0.021 
 68  ZFBP133    (0)    2 :  0.003 0.012 0.007 0.002 0.003 0.002 0.032 0.005 0.006 0.923 0.003 0.003 
 69  ZFBP134    (0)    2 :  0.004 0.021 0.020 0.003 0.003 0.003 0.011 0.009 0.778 0.136 0.003 0.009 
 70  ZFBP135    (0)    2 :  0.013 0.160 0.203 0.005 0.065 0.008 0.013 0.007 0.069 0.430 0.007 0.020 
 71  ZFBP136    (0)    2 :  0.003 0.213 0.053 0.007 0.174 0.005 0.043 0.007 0.160 0.312 0.004 0.019 
 72  ZFBP201    (0)    3 :  0.004 0.010 0.004 0.005 0.005 0.005 0.004 0.005 0.008 0.938 0.004 0.008 
 73  ZFBP202    (0)    3 :  0.005 0.123 0.004 0.003 0.006 0.004 0.007 0.006 0.028 0.793 0.008 0.012 
 74  ZFBP203    (0)    3 :  0.007 0.061 0.005 0.054 0.007 0.028 0.018 0.027 0.012 0.770 0.006 0.005 
 75  ZFBP204    (0)    3 :  0.004 0.699 0.011 0.005 0.031 0.006 0.017 0.009 0.111 0.089 0.004 0.015 
 76  ZFBP205    (0)    3 :  0.002 0.543 0.009 0.005 0.011 0.004 0.017 0.006 0.017 0.377 0.005 0.003 
 77  ZFBP206    (0)    3 :  0.003 0.025 0.009 0.006 0.021 0.004 0.020 0.008 0.007 0.888 0.005 0.005 
 78  ZFBP207    (0)    3 :  0.005 0.657 0.011 0.003 0.007 0.004 0.007 0.005 0.144 0.017 0.004 0.137 
 79  ZFBP208    (0)    3 :  0.003 0.017 0.005 0.009 0.014 0.005 0.008 0.008 0.007 0.917 0.004 0.003 
 80  ZFBP209    (0)    3 :  0.002 0.322 0.011 0.002 0.003 0.003 0.108 0.005 0.009 0.527 0.005 0.003 
 81  ZFBP210    (0)    3 :  0.004 0.023 0.004 0.006 0.005 0.005 0.007 0.009 0.011 0.915 0.004 0.008 
 82  ZFBP211    (0)    3 :  0.006 0.719 0.005 0.003 0.008 0.004 0.005 0.005 0.011 0.218 0.006 0.010 
 83  ZFBP212    (0)    3 :  0.006 0.042 0.003 0.003 0.003 0.003 0.005 0.003 0.054 0.843 0.004 0.031 
 84  ZFBP213    (0)    3 :  0.005 0.045 0.011 0.005 0.030 0.006 0.009 0.010 0.009 0.844 0.016 0.011 
 85  ZFBP214    (0)    3 :  0.006 0.031 0.045 0.004 0.025 0.009 0.050 0.037 0.027 0.716 0.015 0.035 
 86  ZFBP215    (0)    3 :  0.003 0.063 0.006 0.003 0.006 0.003 0.009 0.004 0.009 0.884 0.004 0.007 
 87  ZFBP216    (0)    3 :  0.004 0.157 0.005 0.006 0.007 0.010 0.006 0.027 0.052 0.714 0.005 0.006 
 88  ZFBP217    (0)    3 :  0.006 0.049 0.008 0.004 0.005 0.007 0.129 0.025 0.079 0.641 0.005 0.043 
 89  ZFBP218    (0)    3 :  0.002 0.417 0.005 0.003 0.003 0.003 0.014 0.006 0.030 0.503 0.011 0.003 
 90  ZFBP219    (0)    3 :  0.002 0.010 0.002 0.003 0.004 0.004 0.004 0.005 0.007 0.952 0.003 0.003 
 91  ZFBP220    (0)    3 :  0.003 0.092 0.024 0.003 0.009 0.004 0.047 0.006 0.129 0.664 0.002 0.017 
 92  ZFBP221    (0)    3 :  0.004 0.166 0.004 0.003 0.002 0.003 0.008 0.005 0.568 0.223 0.006 0.008 
 93  ZFBP222    (0)    3 :  0.003 0.015 0.006 0.004 0.005 0.003 0.006 0.006 0.004 0.939 0.004 0.003 
 94  ZFBP223    (0)    3 :  0.007 0.147 0.009 0.005 0.010 0.006 0.008 0.005 0.070 0.498 0.006 0.229 
 95  ZFBP224    (0)    3 :  0.003 0.020 0.006 0.004 0.016 0.005 0.005 0.007 0.009 0.913 0.007 0.006 
 96  ZFBP225    (0)    3 :  0.003 0.045 0.011 0.007 0.010 0.006 0.240 0.014 0.289 0.348 0.003 0.024 
 97  ZFBP226    (0)    3 :  0.003 0.236 0.004 0.005 0.005 0.004 0.005 0.005 0.014 0.710 0.003 0.005 
 98  ZFBP227    (0)    3 :  0.010 0.174 0.007 0.008 0.012 0.035 0.006 0.125 0.262 0.330 0.022 0.009 
 99  ZFBP228    (0)    3 :  0.004 0.264 0.018 0.003 0.006 0.004 0.008 0.004 0.354 0.242 0.005 0.087 
100  ZFBP229    (0)    3 :  0.003 0.178 0.009 0.003 0.004 0.004 0.026 0.006 0.046 0.714 0.003 0.005 
101  ZFBP230    (0)    3 :  0.003 0.209 0.035 0.003 0.011 0.005 0.040 0.010 0.269 0.400 0.003 0.012 
102  ZFBP231    (0)    3 :  0.005 0.904 0.004 0.004 0.015 0.005 0.005 0.006 0.011 0.031 0.006 0.006 
103  ZFBP232    (0)    3 :  0.003 0.824 0.004 0.003 0.005 0.003 0.007 0.004 0.009 0.131 0.003 0.004 
104  ZFBP233    (0)    3 :  0.006 0.479 0.006 0.004 0.009 0.005 0.018 0.012 0.033 0.412 0.008 0.008 
105   ZFCC01    (0)    4 :  0.005 0.003 0.935 0.005 0.009 0.004 0.004 0.004 0.003 0.004 0.018 0.005 
106   ZFCC03    (0)    4 :  0.003 0.003 0.953 0.003 0.005 0.003 0.004 0.003 0.003 0.004 0.007 0.009 
107   ZFCC04    (0)    4 :  0.004 0.003 0.938 0.004 0.014 0.005 0.007 0.004 0.005 0.004 0.007 0.006 
108   ZFCC05    (0)    4 :  0.005 0.005 0.872 0.005 0.047 0.007 0.007 0.008 0.006 0.007 0.013 0.016 
109   ZFCC08    (0)    4 :  0.002 0.012 0.912 0.003 0.009 0.003 0.019 0.008 0.008 0.009 0.008 0.005 
110   ZFCC09    (0)    4 :  0.003 0.005 0.948 0.003 0.006 0.003 0.004 0.003 0.004 0.003 0.010 0.008 
111   ZFCC10    (0)    4 :  0.004 0.004 0.920 0.004 0.008 0.004 0.003 0.003 0.003 0.004 0.039 0.004 
112   ZFCC11    (0)    4 :  0.004 0.004 0.934 0.004 0.009 0.004 0.004 0.004 0.004 0.005 0.011 0.012 
113   ZFCC12    (0)    4 :  0.011 0.005 0.801 0.066 0.029 0.017 0.004 0.009 0.008 0.006 0.036 0.008 
114   ZFCC13    (0)    4 :  0.004 0.007 0.916 0.007 0.008 0.006 0.007 0.011 0.011 0.009 0.004 0.010 
115   ZFCC14    (0)    4 :  0.008 0.007 0.910 0.006 0.023 0.006 0.007 0.004 0.004 0.011 0.010 0.004 
116   ZFCC15    (0)    4 :  0.003 0.004 0.950 0.005 0.005 0.005 0.004 0.007 0.004 0.004 0.005 0.004 
117   ZFCC16    (0)    4 :  0.005 0.004 0.943 0.004 0.016 0.005 0.004 0.005 0.003 0.003 0.006 0.004 
118   ZFCC17    (0)    4 :  0.006 0.003 0.903 0.013 0.043 0.005 0.004 0.004 0.004 0.003 0.006 0.006 
119   ZFCC18    (0)    4 :  0.004 0.004 0.939 0.004 0.008 0.004 0.006 0.005 0.004 0.005 0.009 0.009 
120   ZFCC19    (0)    4 :  0.005 0.003 0.944 0.009 0.010 0.006 0.003 0.008 0.003 0.003 0.004 0.003 
121   ZFCC20    (0)    4 :  0.004 0.003 0.940 0.004 0.011 0.004 0.005 0.007 0.007 0.003 0.004 0.008 
122   ZFCC21    (0)    4 :  0.006 0.012 0.781 0.007 0.012 0.006 0.033 0.057 0.014 0.062 0.007 0.003 
123   ZFCC22    (0)    4 :  0.003 0.070 0.640 0.005 0.012 0.004 0.049 0.008 0.087 0.099 0.018 0.006 
124   ZFCC26    (0)    4 :  0.005 0.004 0.951 0.004 0.008 0.004 0.004 0.004 0.003 0.003 0.005 0.005 
125   ZFCC27    (0)    4 :  0.003 0.003 0.957 0.003 0.006 0.003 0.004 0.003 0.003 0.003 0.005 0.007 
126   ZFCC29    (0)    4 :  0.008 0.004 0.921 0.005 0.021 0.005 0.006 0.011 0.005 0.004 0.006 0.005 
127   ZFCC30    (0)    4 :  0.003 0.004 0.949 0.003 0.007 0.004 0.005 0.004 0.004 0.003 0.004 0.011 
128   ZFCC32    (0)    4 :  0.004 0.005 0.932 0.007 0.009 0.006 0.005 0.009 0.006 0.003 0.007 0.005 
129   ZFCC33    (0)    4 :  0.010 0.004 0.582 0.004 0.356 0.008 0.005 0.005 0.004 0.004 0.010 0.007 
130   ZFCC34    (0)    4 :  0.027 0.072 0.627 0.022 0.045 0.006 0.018 0.009 0.034 0.046 0.023 0.070 
131   ZFCC35    (0)    4 :  0.002 0.004 0.958 0.003 0.007 0.003 0.004 0.004 0.004 0.003 0.004 0.004 
132   ZFCC36    (0)    4 :  0.003 0.006 0.906 0.012 0.012 0.006 0.010 0.017 0.009 0.009 0.005 0.004 
133   ZFCC37    (0)    4 :  0.010 0.009 0.796 0.049 0.029 0.018 0.006 0.011 0.010 0.007 0.047 0.008 
134   ZFCC40    (0)    4 :  0.004 0.004 0.934 0.008 0.015 0.004 0.004 0.003 0.004 0.007 0.010 0.004 
135   ZFCC42    (0)    4 :  0.024 0.005 0.058 0.372 0.441 0.017 0.008 0.005 0.009 0.004 0.007 0.049 
136   ZFCC44    (0)    4 :  0.003 0.004 0.945 0.005 0.015 0.004 0.003 0.002 0.003 0.003 0.003 0.010 
137   ZFCC45    (9)    4 :  0.009 0.004 0.842 0.021 0.055 0.015 0.003 0.009 0.004 0.007 0.022 0.010 
138   ZFCC46    (0)    4 :  0.003 0.012 0.880 0.004 0.015 0.003 0.032 0.008 0.018 0.011 0.003 0.010 
139   ZFCC47    (0)    4 :  0.007 0.007 0.878 0.032 0.009 0.006 0.007 0.005 0.006 0.004 0.032 0.006 
140   ZFCC48    (0)    4 :  0.004 0.014 0.849 0.004 0.016 0.004 0.037 0.016 0.009 0.038 0.005 0.003 
141   ZFCC50    (0)    4 :  0.004 0.003 0.955 0.005 0.009 0.004 0.003 0.004 0.003 0.003 0.004 0.003 
142   ZFCC51    (0)    4 :  0.004 0.003 0.956 0.003 0.004 0.003 0.003 0.003 0.003 0.003 0.005 0.009 
143   ZFCC52    (0)    4 :  0.004 0.015 0.875 0.009 0.036 0.004 0.013 0.008 0.010 0.015 0.005 0.006 
144   ZFCC53    (0)    4 :  0.004 0.003 0.960 0.003 0.005 0.003 0.003 0.003 0.003 0.003 0.005 0.006 
145  ZFCNS01    (0)    5 :  0.002 0.005 0.007 0.022 0.004 0.029 0.003 0.052 0.040 0.007 0.003 0.828 
146  ZFCNS02    (0)    5 :  0.002 0.004 0.005 0.002 0.004 0.002 0.004 0.003 0.004 0.003 0.003 0.964 
147  ZFCNS05    (0)    5 :  0.005 0.007 0.007 0.003 0.006 0.003 0.005 0.005 0.007 0.006 0.005 0.942 
148  ZFCNS06    (0)    5 :  0.003 0.004 0.006 0.002 0.004 0.003 0.005 0.003 0.004 0.004 0.003 0.959 
149  ZFCNS07    (0)    5 :  0.003 0.008 0.003 0.002 0.003 0.003 0.010 0.003 0.007 0.005 0.003 0.950 
150  ZFCNS10    (0)    5 :  0.003 0.008 0.005 0.003 0.003 0.003 0.005 0.003 0.020 0.008 0.003 0.938 
151  ZFCNS11    (0)    5 :  0.003 0.004 0.008 0.012 0.004 0.015 0.005 0.020 0.017 0.006 0.003 0.904 
152  ZFCNS15    (0)    5 :  0.004 0.014 0.003 0.003 0.006 0.004 0.008 0.004 0.045 0.019 0.003 0.888 
153  ZFCNS17    (0)    5 :  0.002 0.005 0.005 0.002 0.004 0.003 0.004 0.003 0.004 0.004 0.003 0.962 
154  ZFCNS18    (0)    5 :  0.003 0.007 0.005 0.003 0.003 0.003 0.004 0.003 0.018 0.009 0.003 0.940 
155  ZFCNS19    (0)    5 :  0.003 0.003 0.004 0.002 0.003 0.003 0.004 0.003 0.004 0.003 0.003 0.966 
156  ZFCNS20    (0)    5 :  0.003 0.013 0.004 0.003 0.009 0.003 0.015 0.005 0.012 0.011 0.003 0.920 
157  ZFCNS21    (0)    5 :  0.002 0.003 0.004 0.002 0.004 0.003 0.003 0.003 0.006 0.003 0.003 0.966 
158  ZFCNS22    (0)    5 :  0.005 0.012 0.005 0.003 0.006 0.004 0.005 0.004 0.011 0.011 0.005 0.930 
159  ZFCNS23    (0)    5 :  0.004 0.006 0.015 0.011 0.025 0.008 0.011 0.010 0.006 0.006 0.006 0.893 
160  ZFCNS24    (0)    5 :  0.002 0.007 0.008 0.003 0.009 0.003 0.006 0.004 0.009 0.005 0.003 0.941 
161  ZFCNS25    (0)    5 :  0.003 0.015 0.005 0.003 0.008 0.003 0.011 0.004 0.012 0.008 0.003 0.926 
162  ZFCNS26    (0)    5 :  0.003 0.004 0.003 0.002 0.003 0.003 0.004 0.003 0.008 0.004 0.003 0.959 
163  ZFCNS27    (0)    5 :  0.003 0.024 0.004 0.003 0.005 0.004 0.009 0.004 0.054 0.016 0.003 0.872 
164  ZFCNS28    (0)    5 :  0.003 0.004 0.004 0.002 0.003 0.003 0.004 0.003 0.005 0.004 0.003 0.961 
165  ZFCNS29    (0)    5 :  0.004 0.008 0.008 0.002 0.007 0.004 0.004 0.005 0.008 0.007 0.004 0.939 
166  ZFCNS30    (0)    5 :  0.004 0.004 0.006 0.002 0.006 0.003 0.003 0.004 0.008 0.005 0.004 0.949 
167  ZFCNS31    (0)    5 :  0.003 0.004 0.003 0.002 0.003 0.003 0.004 0.003 0.005 0.004 0.003 0.964 
168  ZFCNS32    (0)    5 :  0.003 0.006 0.005 0.003 0.006 0.003 0.007 0.005 0.012 0.006 0.004 0.940 
169  ZFCNS33    (0)    5 :  0.003 0.003 0.003 0.002 0.003 0.003 0.004 0.003 0.005 0.003 0.003 0.966 
170  ZFCNS34    (0)    5 :  0.004 0.006 0.012 0.003 0.007 0.003 0.004 0.004 0.006 0.004 0.005 0.943 
171  ZFCNS35    (0)    5 :  0.019 0.014 0.008 0.002 0.003 0.003 0.004 0.004 0.026 0.013 0.014 0.888 
172  ZFCNS36    (0)    5 :  0.002 0.008 0.009 0.003 0.009 0.003 0.008 0.004 0.007 0.005 0.003 0.938 
173  ZFCNS37    (0)    5 :  0.003 0.008 0.005 0.002 0.007 0.008 0.008 0.004 0.151 0.005 0.004 0.795 
174  ZFCNS39    (0)    5 :  0.002 0.008 0.017 0.003 0.007 0.005 0.022 0.012 0.026 0.008 0.002 0.887 
175  ZFCNS40    (0)    5 :  0.002 0.016 0.024 0.003 0.010 0.004 0.120 0.008 0.146 0.007 0.003 0.657 
176  ZFCNS41    (0)    5 :  0.006 0.020 0.017 0.004 0.012 0.008 0.006 0.011 0.652 0.015 0.007 0.243 
177  ZFCNS42    (0)    5 :  0.003 0.004 0.003 0.002 0.003 0.003 0.003 0.003 0.006 0.004 0.003 0.963 
178  ZFCNS43    (0)    5 :  0.003 0.003 0.005 0.002 0.003 0.003 0.003 0.003 0.005 0.003 0.003 0.965 
179  ZFCNS44    (0)    5 :  0.003 0.006 0.005 0.003 0.004 0.003 0.003 0.002 0.015 0.008 0.003 0.944 
180  ZFCNS46    (0)    5 :  0.003 0.005 0.005 0.002 0.006 0.004 0.004 0.005 0.011 0.007 0.004 0.946 
181  ZFCNS47    (0)    5 :  0.002 0.003 0.004 0.002 0.003 0.003 0.003 0.003 0.005 0.003 0.003 0.966 
182  ZFCNS48    (0)    5 :  0.004 0.010 0.006 0.004 0.005 0.003 0.005 0.004 0.038 0.014 0.004 0.903 
183  ZFCNS49    (0)    5 :  0.004 0.009 0.003 0.003 0.003 0.003 0.004 0.002 0.060 0.015 0.003 0.891 
184   ZFCR01    (0)    6 :  0.030 0.011 0.023 0.020 0.003 0.693 0.016 0.006 0.005 0.050 0.140 0.003 
185   ZFCR02    (0)    6 :  0.515 0.099 0.050 0.015 0.042 0.167 0.047 0.022 0.011 0.018 0.006 0.007 
186   ZFCR03    (0)    6 :  0.288 0.039 0.031 0.109 0.055 0.061 0.037 0.187 0.007 0.142 0.041 0.003 
187   ZFCR04    (0)    6 :  0.389 0.024 0.023 0.029 0.006 0.280 0.037 0.037 0.038 0.023 0.102 0.012 
188   ZFCR05    (0)    6 :  0.089 0.008 0.076 0.025 0.007 0.298 0.007 0.295 0.005 0.006 0.181 0.004 
189   ZFCR06    (0)    6 :  0.103 0.069 0.034 0.007 0.007 0.480 0.030 0.026 0.067 0.087 0.029 0.062 
190   ZFCR07    (0)    6 :  0.051 0.006 0.012 0.011 0.047 0.418 0.004 0.334 0.033 0.014 0.013 0.057 
191   ZFCR08    (0)    6 :  0.022 0.013 0.085 0.034 0.037 0.642 0.030 0.007 0.012 0.024 0.090 0.004 
192   ZFCR09    (0)    6 :  0.152 0.106 0.038 0.401 0.013 0.044 0.021 0.036 0.064 0.086 0.024 0.014 
193   ZFCR11    (0)    6 :  0.233 0.027 0.015 0.021 0.005 0.229 0.003 0.201 0.140 0.007 0.109 0.011 
194   ZFCR12    (0)    6 :  0.035 0.018 0.016 0.004 0.011 0.362 0.027 0.289 0.096 0.014 0.006 0.122 
195   ZFCR13    (0)    6 :  0.021 0.065 0.007 0.004 0.007 0.488 0.005 0.298 0.012 0.079 0.005 0.008 
196   ZFCR14    (0)    6 :  0.079 0.009 0.022 0.010 0.007 0.339 0.035 0.443 0.010 0.009 0.031 0.005 
197   ZFCR15    (0)    6 :  0.198 0.023 0.018 0.008 0.015 0.462 0.106 0.103 0.014 0.020 0.029 0.005 
198   ZFCR16    (0)    6 :  0.269 0.023 0.011 0.005 0.005 0.525 0.051 0.058 0.010 0.026 0.015 0.003 
199   ZFCR18    (0)    6 :  0.772 0.060 0.020 0.004 0.075 0.015 0.014 0.007 0.009 0.007 0.006 0.010 
200   ZFCR19    (0)    6 :  0.350 0.020 0.016 0.121 0.006 0.039 0.322 0.079 0.009 0.016 0.019 0.004 
201   ZFCR20    (0)    6 :  0.142 0.025 0.010 0.030 0.033 0.122 0.013 0.219 0.010 0.213 0.178 0.004 
202   ZFCR21    (0)    6 :  0.028 0.012 0.027 0.004 0.007 0.398 0.019 0.457 0.011 0.012 0.021 0.003 
203   ZFCR22    (0)    6 :  0.043 0.009 0.004 0.007 0.007 0.240 0.018 0.650 0.005 0.011 0.003 0.003 
204   ZFCR23    (0)    6 :  0.046 0.055 0.004 0.031 0.003 0.361 0.005 0.275 0.035 0.171 0.009 0.004 
205   ZFCR24    (9)    6 :  0.087 0.062 0.008 0.023 0.010 0.108 0.006 0.169 0.009 0.478 0.035 0.004 
206   ZFCR25    (0)    6 :  0.042 0.003 0.009 0.011 0.008 0.487 0.004 0.401 0.005 0.005 0.022 0.003 
207   ZFCR26    (0)    6 :  0.005 0.020 0.024 0.102 0.009 0.019 0.020 0.767 0.010 0.011 0.008 0.005 
208   ZFCR27    (9)    6 :  0.023 0.003 0.006 0.017 0.003 0.852 0.004 0.036 0.003 0.004 0.047 0.003 
209   ZFCR28    (0)    6 :  0.005 0.056 0.011 0.005 0.006 0.584 0.114 0.007 0.021 0.155 0.009 0.027 
210   ZFCR29    (0)    6 :  0.169 0.009 0.008 0.009 0.004 0.053 0.005 0.696 0.007 0.011 0.028 0.002 
211   ZFCR30    (0)    6 :  0.033 0.005 0.005 0.011 0.005 0.233 0.006 0.675 0.007 0.005 0.009 0.005 
212   ZFCR31    (0)    6 :  0.430 0.134 0.013 0.057 0.025 0.036 0.027 0.065 0.078 0.072 0.022 0.040 
213   ZFCR33    (0)    6 :  0.007 0.008 0.035 0.026 0.010 0.807 0.011 0.020 0.014 0.009 0.046 0.006 
214   ZFCR34    (0)    6 :  0.203 0.013 0.022 0.028 0.004 0.155 0.010 0.468 0.039 0.039 0.006 0.011 
215   ZFCR35    (0)    6 :  0.851 0.006 0.026 0.009 0.009 0.029 0.010 0.020 0.012 0.009 0.009 0.011 
216   ZFCR36    (0)    6 :  0.392 0.006 0.011 0.025 0.005 0.145 0.005 0.366 0.008 0.014 0.010 0.013 
217   ZFCR37    (0)    6 :  0.038 0.003 0.056 0.036 0.018 0.144 0.004 0.618 0.004 0.004 0.070 0.004 
218   ZFCR38    (0)    6 :  0.009 0.008 0.043 0.024 0.011 0.770 0.014 0.027 0.010 0.008 0.069 0.008 
219   ZFCR39    (0)    6 :  0.021 0.050 0.083 0.192 0.032 0.492 0.040 0.009 0.017 0.049 0.012 0.003 
220   ZFCR40    (0)    6 :  0.021 0.007 0.038 0.041 0.006 0.774 0.005 0.062 0.014 0.016 0.013 0.004 
221   ZFCR41    (0)    6 :  0.041 0.011 0.096 0.004 0.007 0.311 0.020 0.359 0.114 0.009 0.016 0.013 
222   ZFCR42    (0)    6 :  0.018 0.023 0.059 0.033 0.014 0.440 0.036 0.284 0.027 0.039 0.015 0.012 
223   ZFCR43    (0)    6 :  0.194 0.084 0.006 0.006 0.005 0.406 0.007 0.192 0.007 0.074 0.013 0.005 
224  ZFENP25    (0)    7 :  0.005 0.004 0.017 0.005 0.006 0.880 0.010 0.006 0.006 0.014 0.044 0.003 
225  ZFENP26    (0)    7 :  0.006 0.003 0.004 0.008 0.004 0.952 0.003 0.004 0.004 0.002 0.006 0.003 
226  ZFENP27    (0)    7 :  0.022 0.008 0.210 0.050 0.043 0.500 0.015 0.007 0.028 0.036 0.037 0.043 
227  ZFENP28    (0)    7 :  0.010 0.005 0.011 0.013 0.004 0.901 0.005 0.010 0.004 0.003 0.023 0.011 
228  ZFENP29    (0)    7 :  0.005 0.003 0.008 0.006 0.007 0.941 0.004 0.009 0.004 0.004 0.004 0.005 
229  ZFENP30    (0)    7 :  0.008 0.007 0.033 0.014 0.102 0.789 0.007 0.012 0.005 0.005 0.008 0.011 
230  ZFENP31    (0)    7 :  0.016 0.009 0.015 0.407 0.383 0.130 0.003 0.006 0.004 0.004 0.017 0.006 
231  ZFENP32    (0)    7 :  0.249 0.026 0.013 0.257 0.125 0.208 0.006 0.013 0.019 0.016 0.038 0.030 
232  ZFENP33    (0)    7 :  0.014 0.006 0.005 0.019 0.042 0.809 0.004 0.038 0.007 0.008 0.045 0.005 
233  ZFENP34    (0)    7 :  0.028 0.010 0.021 0.010 0.078 0.187 0.005 0.007 0.007 0.005 0.629 0.012 
234  ZFENP35    (0)    7 :  0.013 0.006 0.005 0.028 0.008 0.879 0.005 0.008 0.018 0.011 0.007 0.012 
235  ZFENP36    (0)    7 :  0.010 0.003 0.003 0.014 0.007 0.929 0.002 0.009 0.004 0.003 0.006 0.010 
236  ZFENP37    (0)    7 :  0.014 0.005 0.010 0.069 0.010 0.516 0.004 0.031 0.009 0.009 0.312 0.010 
237  ZFENP38    (0)    7 :  0.010 0.006 0.020 0.024 0.018 0.510 0.005 0.349 0.008 0.007 0.025 0.019 
238  ZFENP39    (0)    7 :  0.014 0.003 0.012 0.011 0.006 0.908 0.003 0.010 0.005 0.004 0.020 0.004 
239  ZFENP40    (0)    7 :  0.020 0.006 0.007 0.027 0.012 0.879 0.004 0.007 0.007 0.010 0.017 0.006 
240  ZFENP41    (0)    7 :  0.016 0.005 0.044 0.014 0.036 0.832 0.007 0.006 0.007 0.007 0.017 0.009 
241  ZFENP42    (0)    7 :  0.003 0.003 0.005 0.125 0.008 0.798 0.005 0.037 0.005 0.003 0.004 0.003 
242  ZFENP43    (0)    7 :  0.008 0.007 0.038 0.028 0.009 0.672 0.005 0.094 0.037 0.007 0.035 0.060 
243  ZFENP44    (0)    7 :  0.005 0.004 0.014 0.060 0.024 0.829 0.003 0.015 0.010 0.007 0.014 0.013 
244  ZFENP45    (0)    7 :  0.008 0.034 0.017 0.081 0.017 0.447 0.292 0.047 0.014 0.025 0.010 0.008 
245  ZFENP46    (0)    7 :  0.008 0.010 0.003 0.027 0.010 0.800 0.004 0.058 0.021 0.017 0.034 0.008 
246  ZFENP47    (0)    7 :  0.053 0.014 0.075 0.354 0.017 0.288 0.150 0.007 0.005 0.017 0.015 0.004 
247  ZFENP48    (0)    7 :  0.011 0.020 0.018 0.022 0.246 0.077 0.011 0.014 0.006 0.008 0.556 0.010 
248  ZFENP49    (0)    7 :  0.066 0.016 0.012 0.013 0.197 0.618 0.021 0.020 0.009 0.017 0.006 0.006 
249  ZFENP50    (0)    7 :  0.008 0.027 0.004 0.041 0.005 0.768 0.008 0.077 0.015 0.037 0.006 0.004 
250  ZFENP51    (0)    7 :  0.035 0.004 0.008 0.369 0.038 0.448 0.048 0.017 0.004 0.003 0.019 0.006 
251  ZFENP52    (0)    7 :  0.003 0.004 0.010 0.008 0.007 0.916 0.004 0.012 0.016 0.004 0.004 0.012 
252  ZFENP53    (0)    7 :  0.006 0.044 0.008 0.019 0.009 0.808 0.023 0.026 0.016 0.023 0.009 0.010 
253  ZFENP54    (0)    7 :  0.032 0.045 0.022 0.010 0.026 0.745 0.011 0.032 0.016 0.045 0.011 0.004 
254  ZFENP55    (0)    7 :  0.040 0.005 0.004 0.017 0.011 0.214 0.004 0.666 0.004 0.005 0.028 0.004 
255  ZFENP56    (0)    7 :  0.013 0.004 0.007 0.013 0.012 0.818 0.006 0.092 0.010 0.004 0.011 0.010 
256  ZFENP57    (0)    7 :  0.013 0.003 0.004 0.066 0.012 0.843 0.002 0.016 0.007 0.005 0.015 0.013 
257  ZFENP58    (0)    7 :  0.028 0.010 0.018 0.011 0.288 0.453 0.119 0.032 0.012 0.008 0.005 0.016 
258  ZFENP59    (0)    7 :  0.013 0.006 0.056 0.038 0.031 0.818 0.004 0.009 0.005 0.004 0.010 0.006 
259  ZFENP60    (0)    7 :  0.033 0.008 0.011 0.015 0.006 0.840 0.013 0.013 0.007 0.011 0.036 0.007 
260  ZFENP61    (0)    7 :  0.020 0.003 0.013 0.007 0.009 0.906 0.003 0.010 0.004 0.004 0.018 0.004 
261 ZFFDSP01    (0)    8 :  0.005 0.012 0.004 0.003 0.003 0.003 0.015 0.006 0.034 0.900 0.004 0.012 
262 ZFFDSP02    (0)    8 :  0.003 0.006 0.004 0.002 0.003 0.003 0.005 0.004 0.009 0.955 0.003 0.003 
263 ZFFDSP04    (0)    8 :  0.004 0.013 0.004 0.002 0.003 0.002 0.010 0.004 0.011 0.938 0.004 0.003 
264 ZFFDSP05    (0)    8 :  0.004 0.034 0.004 0.003 0.003 0.003 0.010 0.007 0.114 0.809 0.003 0.006 
265 ZFFDSP06    (0)    8 :  0.003 0.419 0.015 0.002 0.003 0.003 0.021 0.005 0.043 0.473 0.011 0.003 
266 ZFFDSP07    (0)    8 :  0.003 0.076 0.012 0.005 0.023 0.005 0.039 0.007 0.007 0.815 0.004 0.005 
267 ZFFDSP08    (0)    8 :  0.003 0.576 0.011 0.004 0.037 0.004 0.074 0.012 0.043 0.220 0.004 0.012 
268 ZFFDSP10    (0)    8 :  0.003 0.021 0.004 0.003 0.007 0.004 0.010 0.006 0.018 0.918 0.003 0.005 
269 ZFFDSP11    (0)    8 :  0.004 0.034 0.004 0.003 0.003 0.003 0.007 0.007 0.013 0.914 0.004 0.003 
270 ZFFDSP12    (0)    8 :  0.003 0.718 0.003 0.003 0.005 0.004 0.008 0.004 0.013 0.231 0.003 0.005 
271 ZFFDSP13    (0)    8 :  0.003 0.023 0.008 0.004 0.008 0.005 0.005 0.007 0.872 0.048 0.004 0.013 
272 ZFFDSP14    (0)    8 :  0.003 0.017 0.005 0.003 0.006 0.003 0.015 0.006 0.006 0.930 0.003 0.004 
273 ZFFDSP16    (0)    8 :  0.005 0.015 0.007 0.003 0.004 0.006 0.004 0.007 0.011 0.915 0.007 0.015 
274 ZFFDSP17    (0)    8 :  0.003 0.025 0.006 0.003 0.005 0.004 0.008 0.008 0.015 0.912 0.005 0.005 
275 ZFFDSP18    (0)    8 :  0.005 0.023 0.006 0.002 0.003 0.003 0.014 0.004 0.006 0.924 0.005 0.004 
276 ZFFDSP19    (0)    8 :  0.003 0.022 0.028 0.003 0.004 0.003 0.017 0.004 0.036 0.755 0.007 0.118 
277 ZFFDSP21    (0)    8 :  0.003 0.021 0.022 0.002 0.004 0.003 0.007 0.004 0.220 0.627 0.005 0.083 
278 ZFFDSP22    (0)    8 :  0.002 0.122 0.006 0.002 0.005 0.003 0.090 0.005 0.014 0.743 0.003 0.004 
279 ZFFDSP23    (0)    8 :  0.002 0.037 0.004 0.002 0.003 0.003 0.121 0.006 0.116 0.691 0.003 0.010 
280 ZFFDSP24    (0)    8 :  0.004 0.014 0.004 0.002 0.005 0.003 0.005 0.005 0.054 0.890 0.004 0.009 
281 ZFFDSP26    (9)    8 :  0.003 0.092 0.005 0.003 0.004 0.003 0.014 0.005 0.071 0.790 0.004 0.006 
282 ZFFDSP27    (0)    8 :  0.004 0.013 0.003 0.002 0.004 0.003 0.007 0.004 0.015 0.932 0.005 0.008 
283 ZFFDSP28    (0)    8 :  0.026 0.042 0.007 0.013 0.017 0.007 0.007 0.013 0.028 0.809 0.025 0.004 
284 ZFFDSP30    (0)    8 :  0.038 0.018 0.005 0.005 0.006 0.004 0.007 0.006 0.159 0.710 0.006 0.035 
285 ZFFDSP31    (0)    8 :  0.003 0.857 0.005 0.002 0.005 0.005 0.006 0.006 0.027 0.067 0.008 0.009 
286 ZFFDSP32    (0)    8 :  0.002 0.008 0.003 0.003 0.005 0.003 0.005 0.004 0.009 0.951 0.004 0.004 
287 ZFFDSP33    (0)    8 :  0.003 0.030 0.002 0.002 0.003 0.003 0.006 0.003 0.013 0.926 0.003 0.005 
288 ZFFDSP34    (0)    8 :  0.004 0.718 0.010 0.002 0.005 0.003 0.015 0.006 0.032 0.192 0.006 0.007 
289 ZFFDSP35    (0)    8 :  0.004 0.019 0.004 0.003 0.004 0.003 0.006 0.005 0.052 0.891 0.004 0.005 
290 ZFFDSP37    (0)    8 :  0.003 0.009 0.003 0.002 0.004 0.003 0.004 0.003 0.010 0.950 0.004 0.005 
291 ZFFDSP38    (0)    8 :  0.004 0.040 0.003 0.002 0.004 0.003 0.004 0.004 0.007 0.919 0.004 0.005 
292 ZFFDSP39    (0)    8 :  0.003 0.028 0.003 0.002 0.003 0.003 0.009 0.003 0.418 0.517 0.003 0.008 
293 ZFFDSP40    (0)    8 :  0.005 0.023 0.003 0.002 0.003 0.003 0.005 0.003 0.135 0.805 0.004 0.009 
294 ZFFDSP42    (0)    8 :  0.004 0.055 0.005 0.002 0.003 0.003 0.061 0.005 0.053 0.796 0.004 0.009 
295 ZFFDSP43    (0)    8 :  0.003 0.052 0.004 0.002 0.003 0.003 0.010 0.003 0.027 0.878 0.004 0.011 
296 ZFFDSP44    (0)    8 :  0.004 0.025 0.003 0.003 0.005 0.003 0.005 0.004 0.028 0.907 0.005 0.008 
297 ZFFDSP45    (0)    8 :  0.004 0.035 0.005 0.002 0.004 0.003 0.004 0.004 0.014 0.915 0.003 0.006 
298 ZFFDSP46    (0)    8 :  0.003 0.009 0.005 0.002 0.004 0.003 0.008 0.004 0.017 0.933 0.004 0.007 
299 ZFFDSP47    (0)    8 :  0.004 0.038 0.004 0.003 0.005 0.003 0.014 0.005 0.423 0.485 0.004 0.015 
300 ZFFDSP48    (0)    8 :  0.004 0.019 0.004 0.002 0.004 0.003 0.007 0.004 0.195 0.737 0.003 0.017 
301    ZFI01    (0)    9 :  0.860 0.005 0.009 0.030 0.014 0.010 0.005 0.008 0.004 0.006 0.040 0.009 
302    ZFI02    (0)    9 :  0.919 0.005 0.004 0.012 0.004 0.006 0.004 0.007 0.004 0.005 0.022 0.008 
303    ZFI03    (0)    9 :  0.891 0.004 0.006 0.005 0.006 0.006 0.003 0.008 0.004 0.004 0.052 0.010 
304    ZFI04    (0)    9 :  0.087 0.003 0.004 0.014 0.004 0.006 0.003 0.006 0.004 0.004 0.858 0.006 
305    ZFI05    (0)    9 :  0.929 0.004 0.004 0.005 0.009 0.007 0.003 0.005 0.006 0.004 0.007 0.018 
306    ZFI06    (0)    9 :  0.765 0.012 0.004 0.012 0.006 0.020 0.003 0.010 0.034 0.021 0.026 0.087 
307    ZFI07    (0)    9 :  0.285 0.003 0.004 0.005 0.007 0.006 0.003 0.006 0.004 0.004 0.668 0.005 
308    ZFI08    (0)    9 :  0.840 0.004 0.006 0.009 0.006 0.010 0.004 0.010 0.004 0.004 0.100 0.005 
309    ZFI09    (0)    9 :  0.926 0.004 0.004 0.008 0.005 0.007 0.003 0.006 0.004 0.004 0.023 0.007 
310    ZFI10    (0)    9 :  0.809 0.005 0.004 0.015 0.005 0.008 0.004 0.007 0.008 0.005 0.051 0.077 
311    ZFI11    (0)    9 :  0.816 0.003 0.004 0.014 0.008 0.006 0.003 0.006 0.004 0.004 0.120 0.010 
312    ZFI12    (0)    9 :  0.801 0.005 0.007 0.004 0.007 0.007 0.003 0.012 0.006 0.005 0.126 0.017 
313    ZFI13    (0)    9 :  0.916 0.004 0.006 0.006 0.018 0.009 0.003 0.006 0.005 0.005 0.016 0.007 
314    ZFI14    (0)    9 :  0.938 0.006 0.005 0.005 0.004 0.005 0.003 0.004 0.006 0.008 0.009 0.007 
315    ZFI15    (0)    9 :  0.951 0.003 0.004 0.004 0.006 0.005 0.002 0.004 0.004 0.004 0.009 0.005 
316    ZFI16    (0)    9 :  0.941 0.003 0.004 0.003 0.004 0.005 0.002 0.005 0.004 0.004 0.019 0.006 
317    ZFI17    (0)    9 :  0.854 0.003 0.005 0.009 0.006 0.007 0.003 0.007 0.006 0.004 0.083 0.013 
318    ZFI18    (0)    9 :  0.934 0.003 0.003 0.007 0.005 0.007 0.002 0.004 0.004 0.003 0.021 0.007 
319    ZFI19    (9)    9 :  0.948 0.003 0.003 0.004 0.007 0.005 0.002 0.006 0.003 0.003 0.011 0.005 
320    ZFI20    (0)    9 :  0.949 0.004 0.004 0.004 0.003 0.005 0.003 0.005 0.005 0.005 0.009 0.005 
321    ZFI21    (0)    9 :  0.941 0.005 0.003 0.003 0.004 0.003 0.003 0.004 0.009 0.011 0.005 0.007 
322    ZFI22    (0)    9 :  0.922 0.005 0.007 0.008 0.004 0.005 0.004 0.005 0.004 0.005 0.027 0.004 
323    ZFI23    (0)    9 :  0.908 0.003 0.005 0.004 0.005 0.006 0.003 0.007 0.005 0.004 0.042 0.008 
324    ZFI24    (0)    9 :  0.868 0.005 0.008 0.004 0.007 0.006 0.004 0.010 0.006 0.005 0.065 0.013 
325    ZFI25    (0)    9 :  0.886 0.005 0.008 0.005 0.005 0.008 0.004 0.006 0.005 0.006 0.055 0.007 
326    ZFI26    (0)    9 :  0.844 0.004 0.009 0.005 0.010 0.008 0.003 0.008 0.004 0.004 0.096 0.005 
327    ZFI27    (0)    9 :  0.855 0.005 0.005 0.004 0.014 0.007 0.003 0.010 0.008 0.005 0.049 0.036 
328    ZFK01    (0)    9 :  0.003 0.004 0.005 0.003 0.958 0.003 0.003 0.004 0.004 0.003 0.003 0.007 
329    ZFK02    (0)   10 :  0.003 0.003 0.005 0.003 0.959 0.003 0.004 0.004 0.004 0.003 0.003 0.006 
330    ZFK03    (0)   10 :  0.003 0.003 0.005 0.003 0.962 0.003 0.003 0.003 0.003 0.003 0.003 0.005 
331    ZFK04    (0)   10 :  0.004 0.003 0.004 0.004 0.963 0.003 0.003 0.003 0.003 0.003 0.004 0.004 
332    ZFK05    (0)   10 :  0.007 0.003 0.011 0.010 0.939 0.006 0.002 0.003 0.002 0.002 0.009 0.004 
333    ZFK06    (0)   10 :  0.008 0.003 0.010 0.005 0.941 0.006 0.003 0.004 0.003 0.003 0.009 0.004 
334    ZFK07    (0)   10 :  0.002 0.003 0.006 0.003 0.957 0.003 0.005 0.005 0.005 0.004 0.003 0.004 
335    ZFK08    (0)   10 :  0.004 0.003 0.004 0.004 0.958 0.004 0.004 0.005 0.004 0.004 0.004 0.003 
336    ZFK10    (0)   10 :  0.004 0.003 0.005 0.004 0.961 0.003 0.003 0.003 0.003 0.003 0.004 0.004 
337    ZFK11    (0)   10 :  0.006 0.004 0.010 0.007 0.943 0.006 0.003 0.003 0.003 0.003 0.008 0.004 
338    ZFK12    (0)   10 :  0.002 0.005 0.007 0.003 0.943 0.004 0.009 0.009 0.007 0.005 0.002 0.004 
339    ZFK13    (0)   10 :  0.004 0.016 0.008 0.007 0.902 0.004 0.009 0.005 0.019 0.019 0.002 0.004 
340    ZFK14    (0)   10 :  0.008 0.019 0.173 0.016 0.671 0.006 0.033 0.009 0.024 0.021 0.008 0.012 
341    ZFK15    (0)   10 :  0.005 0.013 0.006 0.011 0.920 0.004 0.004 0.003 0.012 0.015 0.003 0.005 
342    ZFK16    (0)   10 :  0.002 0.007 0.006 0.003 0.950 0.003 0.006 0.005 0.006 0.004 0.003 0.005 
343   ZFLB01    (0)   11 :  0.009 0.007 0.003 0.919 0.007 0.007 0.004 0.005 0.011 0.014 0.007 0.006 
344   ZFLB02    (0)   11 :  0.008 0.003 0.003 0.779 0.004 0.116 0.004 0.008 0.004 0.005 0.062 0.003 
345   ZFLB03    (0)   11 :  0.007 0.006 0.005 0.725 0.014 0.126 0.006 0.009 0.010 0.004 0.010 0.078 
346   ZFLB04    (0)   11 :  0.018 0.013 0.005 0.660 0.010 0.007 0.005 0.004 0.033 0.017 0.005 0.224 
347   ZFLB05    (0)   11 :  0.016 0.004 0.003 0.906 0.009 0.008 0.003 0.004 0.012 0.008 0.006 0.021 
348   ZFLB06    (0)   11 :  0.004 0.010 0.007 0.905 0.036 0.008 0.005 0.004 0.006 0.005 0.005 0.006 
349   ZFLB07    (0)   11 :  0.007 0.018 0.010 0.623 0.090 0.058 0.008 0.015 0.034 0.012 0.004 0.119 
350   ZFLB08    (0)   11 :  0.011 0.004 0.004 0.825 0.007 0.066 0.004 0.012 0.006 0.006 0.048 0.007 
351   ZFLB09    (9)   11 :  0.006 0.004 0.005 0.942 0.008 0.007 0.003 0.004 0.005 0.006 0.005 0.003 
352   ZFLB10    (0)   11 :  0.006 0.003 0.003 0.948 0.006 0.005 0.002 0.003 0.006 0.005 0.003 0.009 
353   ZFLB11    (0)   11 :  0.003 0.008 0.011 0.913 0.021 0.008 0.009 0.007 0.007 0.005 0.003 0.004 
354   ZFLB12    (0)   11 :  0.004 0.003 0.005 0.952 0.008 0.008 0.002 0.004 0.003 0.003 0.005 0.003 
355   ZFLB13    (0)   11 :  0.004 0.009 0.011 0.857 0.011 0.046 0.004 0.014 0.017 0.011 0.008 0.008 
356  ZFLTI01    (0)   12 :  0.004 0.016 0.033 0.002 0.006 0.004 0.012 0.007 0.880 0.023 0.005 0.009 
357  ZFLTI02    (0)   12 :  0.003 0.019 0.065 0.002 0.008 0.004 0.013 0.007 0.831 0.007 0.010 0.029 
358  ZFLTI03    (0)   12 :  0.003 0.008 0.010 0.002 0.004 0.003 0.008 0.005 0.937 0.005 0.005 0.010 
359  ZFLTI04    (0)   12 :  0.005 0.017 0.011 0.003 0.011 0.005 0.006 0.008 0.895 0.012 0.007 0.019 
360  ZFLTI05    (0)   12 :  0.003 0.007 0.007 0.002 0.006 0.003 0.004 0.004 0.936 0.006 0.005 0.017 
361  ZFLTI06    (0)   12 :  0.004 0.007 0.006 0.002 0.004 0.003 0.010 0.004 0.929 0.019 0.004 0.006 
362  ZFLTI07    (0)   12 :  0.004 0.007 0.005 0.002 0.005 0.004 0.004 0.005 0.933 0.018 0.005 0.007 
363  ZFLTI08    (0)   12 :  0.005 0.010 0.007 0.003 0.006 0.004 0.004 0.008 0.915 0.006 0.012 0.020 
364  ZFLTI09    (0)   12 :  0.005 0.016 0.005 0.003 0.004 0.003 0.005 0.005 0.923 0.012 0.011 0.007 
365  ZFLTI10    (0)   12 :  0.004 0.023 0.011 0.002 0.005 0.004 0.004 0.005 0.915 0.013 0.008 0.006 
366  ZFLTI11    (0)   12 :  0.003 0.014 0.007 0.002 0.004 0.003 0.014 0.005 0.918 0.012 0.006 0.010 
367  ZFLTI12    (0)   12 :  0.003 0.019 0.021 0.002 0.007 0.004 0.011 0.005 0.902 0.008 0.006 0.012 
368  ZFLTI13    (0)   12 :  0.004 0.006 0.021 0.003 0.009 0.004 0.010 0.010 0.872 0.009 0.006 0.046 
369  ZFLTI14    (0)   12 :  0.004 0.042 0.085 0.002 0.012 0.005 0.005 0.006 0.649 0.014 0.014 0.163 
370 ZFONF101    (0)   13 :  0.003 0.953 0.002 0.003 0.003 0.003 0.005 0.004 0.007 0.011 0.003 0.003 
371 ZFONF102    (0)   13 :  0.003 0.950 0.003 0.005 0.003 0.004 0.011 0.003 0.005 0.009 0.003 0.003 
372 ZFONF103    (0)   13 :  0.003 0.915 0.007 0.003 0.011 0.004 0.008 0.006 0.011 0.008 0.004 0.019 
373 ZFONF104    (0)   13 :  0.002 0.946 0.004 0.002 0.002 0.002 0.016 0.003 0.006 0.011 0.002 0.003 
374 ZFONF105    (0)   13 :  0.002 0.938 0.004 0.002 0.004 0.003 0.023 0.004 0.007 0.006 0.003 0.005 
375 ZFONF106    (0)   13 :  0.003 0.960 0.003 0.002 0.003 0.002 0.005 0.002 0.004 0.009 0.004 0.003 
376 ZFONF107    (0)   13 :  0.008 0.920 0.006 0.012 0.012 0.010 0.004 0.004 0.005 0.005 0.007 0.008 
377 ZFONF108    (0)   13 :  0.003 0.940 0.004 0.004 0.010 0.005 0.005 0.003 0.005 0.005 0.005 0.010 
378 ZFONF109    (9)   13 :  0.003 0.944 0.005 0.003 0.007 0.003 0.011 0.003 0.007 0.005 0.004 0.006 
379 ZFONF110    (0)   13 :  0.003 0.929 0.007 0.002 0.003 0.002 0.016 0.003 0.008 0.021 0.003 0.004 
380 ZFONF111    (0)   13 :  0.005 0.911 0.008 0.010 0.003 0.011 0.011 0.016 0.009 0.008 0.005 0.004 
381 ZFONF112    (0)   13 :  0.002 0.928 0.003 0.002 0.004 0.003 0.030 0.003 0.006 0.007 0.003 0.008 
382 ZFONF113    (9)   13 :  0.002 0.934 0.005 0.006 0.007 0.006 0.007 0.009 0.010 0.007 0.003 0.005 
383 ZFONF115    (0)   13 :  0.003 0.947 0.004 0.003 0.005 0.003 0.007 0.003 0.005 0.008 0.005 0.007 
384 ZFONF116    (0)   13 :  0.003 0.782 0.005 0.003 0.007 0.004 0.027 0.004 0.006 0.137 0.013 0.010 
385 ZFONF117    (0)   13 :  0.004 0.783 0.006 0.003 0.011 0.004 0.023 0.005 0.111 0.022 0.005 0.023 
386 ZFONF118    (0)   13 :  0.004 0.913 0.006 0.002 0.007 0.003 0.011 0.006 0.015 0.012 0.007 0.013 
387 ZFONF119    (0)   13 :  0.003 0.829 0.007 0.006 0.016 0.004 0.015 0.005 0.007 0.099 0.004 0.004 
388 ZFONF120    (0)   13 :  0.003 0.749 0.016 0.005 0.032 0.004 0.043 0.012 0.014 0.116 0.003 0.004 
389 ZFONF121    (0)   13 :  0.004 0.675 0.004 0.004 0.008 0.004 0.074 0.005 0.012 0.201 0.004 0.006 
390 ZFONF122    (0)   13 :  0.004 0.876 0.010 0.003 0.011 0.005 0.008 0.009 0.038 0.016 0.008 0.013 
391 ZFONF123    (0)   13 :  0.005 0.719 0.006 0.026 0.006 0.008 0.033 0.004 0.008 0.177 0.006 0.003 
392 ZFONF124    (0)   13 :  0.002 0.954 0.004 0.003 0.006 0.003 0.010 0.003 0.005 0.004 0.002 0.004 
393 ZFONF125    (0)   13 :  0.005 0.833 0.017 0.014 0.014 0.010 0.051 0.011 0.013 0.024 0.003 0.005 
394 ZFONF126    (0)   13 :  0.003 0.868 0.016 0.002 0.007 0.004 0.016 0.007 0.010 0.046 0.015 0.006 
395 ZFONF201    (0)   14 :  0.070 0.042 0.039 0.031 0.005 0.016 0.587 0.010 0.039 0.108 0.050 0.003 
396 ZFONF202    (0)   14 :  0.003 0.016 0.010 0.002 0.004 0.003 0.845 0.006 0.010 0.093 0.004 0.003 
397 ZFONF203    (0)   14 :  0.003 0.008 0.006 0.003 0.008 0.004 0.936 0.011 0.006 0.009 0.004 0.003 
398 ZFONF204    (0)   14 :  0.006 0.006 0.035 0.007 0.007 0.008 0.897 0.006 0.009 0.007 0.009 0.004 
399 ZFONF206    (0)   14 :  0.011 0.006 0.010 0.014 0.003 0.020 0.904 0.006 0.005 0.008 0.011 0.003 
400 ZFONF207    (0)   14 :  0.003 0.005 0.004 0.003 0.005 0.004 0.951 0.005 0.005 0.007 0.004 0.004 
401 ZFONF208    (0)   14 :  0.005 0.021 0.010 0.004 0.007 0.005 0.808 0.010 0.040 0.082 0.004 0.006 
402 ZFONF209    (0)   14 :  0.011 0.007 0.026 0.008 0.014 0.006 0.878 0.006 0.012 0.009 0.013 0.009 
403 ZFONF210    (0)   14 :  0.003 0.009 0.004 0.003 0.003 0.002 0.944 0.003 0.010 0.010 0.003 0.007 
404 ZFONF211    (0)   14 :  0.004 0.032 0.012 0.015 0.014 0.011 0.829 0.013 0.023 0.030 0.004 0.015 
405 ZFONF212    (0)   14 :  0.003 0.010 0.003 0.003 0.003 0.002 0.940 0.003 0.013 0.012 0.003 0.006 
406 ZFONF214    (0)   14 :  0.003 0.034 0.007 0.006 0.005 0.005 0.870 0.014 0.010 0.038 0.003 0.003 
407 ZFONF215    (0)   14 :  0.002 0.027 0.004 0.002 0.004 0.003 0.928 0.004 0.006 0.013 0.002 0.004 
408 ZFONF216    (0)   14 :  0.002 0.006 0.004 0.003 0.006 0.003 0.956 0.004 0.005 0.004 0.002 0.005 
409 ZFONF217    (0)   14 :  0.002 0.013 0.005 0.003 0.006 0.002 0.875 0.004 0.008 0.073 0.004 0.005 
410 ZFONF218    (0)   14 :  0.003 0.009 0.003 0.007 0.004 0.008 0.943 0.005 0.006 0.004 0.003 0.004 
411 ZFONF219    (0)   14 :  0.002 0.008 0.003 0.002 0.003 0.002 0.965 0.002 0.003 0.004 0.002 0.003 
412 ZFONF220    (0)   14 :  0.002 0.010 0.005 0.003 0.008 0.003 0.907 0.005 0.005 0.042 0.006 0.004 
413 ZFONF222    (0)   14 :  0.003 0.004 0.004 0.007 0.004 0.005 0.954 0.006 0.004 0.003 0.002 0.004 
414 ZFONF223    (0)   14 :  0.004 0.007 0.003 0.008 0.005 0.006 0.940 0.006 0.005 0.009 0.004 0.003 
415 ZFONF224    (0)   14 :  0.002 0.005 0.003 0.002 0.003 0.002 0.966 0.003 0.003 0.004 0.002 0.004 
416 ZFONF225    (0)   14 :  0.002 0.011 0.004 0.002 0.003 0.002 0.956 0.003 0.004 0.006 0.002 0.004 
417 ZFONF226    (0)   14 :  0.003 0.008 0.005 0.003 0.011 0.003 0.939 0.008 0.007 0.007 0.003 0.004 
418 ZFONF227    (0)   14 :  0.002 0.005 0.003 0.002 0.002 0.002 0.967 0.003 0.004 0.004 0.002 0.003 
419 ZFONF228    (0)   14 :  0.004 0.009 0.005 0.004 0.006 0.004 0.923 0.004 0.011 0.011 0.007 0.013 
420 ZFONF230    (0)   14 :  0.003 0.019 0.005 0.002 0.003 0.002 0.938 0.003 0.008 0.012 0.002 0.003 
421 ZFONF231    (0)   14 :  0.002 0.005 0.007 0.005 0.003 0.005 0.935 0.011 0.008 0.012 0.003 0.005 
422 ZFONF232    (0)   14 :  0.002 0.009 0.003 0.002 0.003 0.002 0.959 0.003 0.005 0.007 0.003 0.003 
423 ZFONF233    (0)   14 :  0.002 0.005 0.004 0.002 0.005 0.003 0.960 0.003 0.004 0.005 0.003 0.004 
424 ZFONF234    (0)   14 :  0.005 0.017 0.010 0.004 0.012 0.025 0.871 0.007 0.019 0.013 0.006 0.012 
425 ZFONF235    (0)   14 :  0.002 0.004 0.004 0.002 0.003 0.002 0.967 0.003 0.003 0.004 0.002 0.003 
426 ZFONF236    (0)   14 :  0.018 0.017 0.018 0.012 0.011 0.021 0.817 0.004 0.013 0.013 0.028 0.029 
427 ZFONF238    (0)   14 :  0.003 0.007 0.006 0.002 0.004 0.003 0.948 0.007 0.006 0.008 0.004 0.003 
428 ZFONF239    (0)   14 :  0.005 0.004 0.013 0.004 0.003 0.006 0.939 0.004 0.003 0.005 0.011 0.004 
429 ZFONF240    (0)   14 :  0.002 0.006 0.006 0.002 0.003 0.002 0.962 0.003 0.005 0.004 0.002 0.004 
430 ZFONF241    (0)   14 :  0.007 0.010 0.005 0.003 0.006 0.007 0.894 0.005 0.010 0.023 0.013 0.018 
431 ZFONF242    (0)   14 :  0.002 0.010 0.006 0.002 0.003 0.003 0.952 0.003 0.005 0.008 0.002 0.003 
432 ZFONF243    (0)   14 :  0.003 0.005 0.003 0.003 0.006 0.003 0.943 0.005 0.010 0.006 0.003 0.010 
433 ZFONF244    (0)   14 :  0.002 0.013 0.005 0.002 0.005 0.003 0.951 0.003 0.004 0.006 0.002 0.004 
434 ZFONF245    (0)   14 :  0.002 0.006 0.005 0.002 0.003 0.003 0.955 0.003 0.012 0.004 0.002 0.004 
435   ZFOS01    (0)   15 :  0.003 0.017 0.864 0.003 0.007 0.004 0.009 0.010 0.046 0.026 0.004 0.006 
436   ZFOS02    (0)   15 :  0.009 0.060 0.803 0.006 0.009 0.009 0.009 0.009 0.025 0.023 0.029 0.010 
437   ZFOS03    (0)   15 :  0.010 0.010 0.888 0.032 0.008 0.007 0.004 0.009 0.010 0.012 0.007 0.003 
438   ZFOS04    (0)   15 :  0.025 0.053 0.705 0.004 0.013 0.008 0.006 0.006 0.077 0.079 0.012 0.013 
439   ZFOS05    (0)   15 :  0.006 0.036 0.830 0.003 0.010 0.006 0.012 0.009 0.030 0.038 0.007 0.011 
440   ZFOS06    (0)   15 :  0.005 0.011 0.893 0.006 0.006 0.006 0.011 0.012 0.013 0.011 0.005 0.021 
441   ZFOS07    (0)   15 :  0.026 0.009 0.845 0.005 0.067 0.005 0.004 0.006 0.008 0.009 0.011 0.005 
442   ZFOS08    (0)   15 :  0.033 0.033 0.829 0.004 0.025 0.007 0.006 0.004 0.016 0.010 0.020 0.014 
443   ZFOS09    (0)   15 :  0.012 0.025 0.796 0.008 0.003 0.010 0.007 0.010 0.049 0.067 0.009 0.005 
444   ZFOS10    (0)   15 :  0.016 0.003 0.907 0.011 0.005 0.014 0.002 0.004 0.004 0.003 0.022 0.008 
445   ZFOS11    (0)   15 :  0.025 0.015 0.438 0.006 0.065 0.089 0.009 0.017 0.226 0.019 0.007 0.084 
446   ZFOS12    (0)   15 :  0.035 0.023 0.195 0.027 0.391 0.077 0.007 0.100 0.053 0.021 0.016 0.055 
447   ZFOS13    (0)   15 :  0.012 0.013 0.869 0.004 0.012 0.007 0.005 0.017 0.020 0.021 0.012 0.007 
448   ZFOS14    (0)   15 :  0.169 0.011 0.510 0.017 0.027 0.016 0.008 0.045 0.117 0.018 0.008 0.054 
449   ZFOS15    (0)   15 :  0.007 0.004 0.916 0.004 0.038 0.006 0.003 0.004 0.004 0.004 0.005 0.006 
450   ZFOS16    (0)   15 :  0.012 0.029 0.800 0.009 0.010 0.009 0.010 0.006 0.030 0.058 0.008 0.019 
451   ZFOS17    (0)   15 :  0.006 0.004 0.938 0.006 0.005 0.005 0.005 0.007 0.006 0.004 0.009 0.005 
452   ZFOS18    (0)   15 :  0.006 0.005 0.924 0.006 0.009 0.010 0.003 0.004 0.007 0.005 0.010 0.011 
453   ZFOS19    (0)   15 :  0.004 0.003 0.952 0.004 0.005 0.005 0.004 0.008 0.004 0.003 0.004 0.004 
454   ZFOS20    (0)   15 :  0.010 0.007 0.936 0.004 0.005 0.006 0.007 0.004 0.005 0.006 0.005 0.007 
455   ZFOS21    (0)   15 :  0.008 0.012 0.877 0.008 0.010 0.005 0.005 0.004 0.025 0.030 0.006 0.009 
456   ZFOS22    (0)   15 :  0.003 0.007 0.918 0.006 0.014 0.005 0.007 0.011 0.011 0.007 0.003 0.007 
457   ZFOS23    (0)   15 :  0.259 0.002 0.674 0.009 0.005 0.018 0.002 0.011 0.003 0.003 0.007 0.005 
458   ZFOS24    (0)   15 :  0.004 0.003 0.940 0.004 0.013 0.006 0.003 0.004 0.006 0.004 0.004 0.010 
459   ZFOS25    (0)   15 :  0.009 0.017 0.409 0.004 0.011 0.014 0.016 0.022 0.400 0.018 0.020 0.061 
460   ZFOS26    (0)   15 :  0.009 0.097 0.402 0.004 0.015 0.012 0.007 0.007 0.302 0.102 0.014 0.028 
461   ZFOS27    (0)   15 :  0.008 0.033 0.850 0.008 0.019 0.006 0.008 0.004 0.017 0.022 0.006 0.019 
462   ZFOS28    (0)   15 :  0.013 0.006 0.882 0.014 0.008 0.010 0.004 0.008 0.018 0.010 0.018 0.009 
463   ZFOS29    (0)   15 :  0.018 0.009 0.899 0.010 0.010 0.006 0.008 0.004 0.009 0.010 0.005 0.012 
464   ZFOS30    (0)   15 :  0.006 0.009 0.917 0.005 0.012 0.003 0.009 0.008 0.012 0.011 0.005 0.003 
465   ZFOS31    (0)   15 :  0.049 0.024 0.448 0.007 0.071 0.007 0.035 0.243 0.077 0.026 0.004 0.009 
466   ZFOS32    (0)   15 :  0.010 0.015 0.905 0.003 0.003 0.006 0.007 0.004 0.016 0.015 0.008 0.007 
467   ZFPB01    (0)   16 :  0.004 0.002 0.003 0.959 0.004 0.007 0.003 0.003 0.003 0.003 0.004 0.004 
468   ZFPB02    (0)   16 :  0.003 0.005 0.004 0.942 0.004 0.006 0.012 0.006 0.007 0.005 0.003 0.004 
469   ZFPB03    (0)   16 :  0.005 0.010 0.008 0.923 0.013 0.005 0.004 0.002 0.006 0.005 0.003 0.017 
470   ZFPB05    (0)   16 :  0.003 0.003 0.003 0.965 0.003 0.004 0.004 0.003 0.004 0.003 0.002 0.003 
471   ZFPB06    (0)   16 :  0.004 0.005 0.006 0.950 0.010 0.007 0.002 0.002 0.003 0.003 0.004 0.004 
472   ZFPB07    (0)   16 :  0.003 0.005 0.003 0.954 0.003 0.004 0.006 0.004 0.005 0.008 0.002 0.002 
473   ZFPB08    (0)   16 :  0.004 0.009 0.008 0.936 0.007 0.010 0.006 0.003 0.005 0.005 0.003 0.004 
474   ZFPB10    (0)   16 :  0.004 0.003 0.003 0.955 0.004 0.006 0.003 0.004 0.005 0.003 0.003 0.007 
475   ZFPB11    (0)   16 :  0.003 0.003 0.005 0.958 0.005 0.006 0.004 0.005 0.004 0.003 0.003 0.002 
476   ZFPB12    (0)   16 :  0.003 0.003 0.004 0.956 0.005 0.008 0.004 0.005 0.004 0.003 0.003 0.004 
477   ZFPB13    (0)   16 :  0.004 0.004 0.003 0.959 0.003 0.005 0.004 0.003 0.004 0.005 0.003 0.004 
478   ZFPB14    (0)   16 :  0.003 0.005 0.004 0.955 0.003 0.004 0.007 0.004 0.005 0.006 0.002 0.002 
479   ZFPB15    (0)   16 :  0.003 0.009 0.006 0.944 0.005 0.005 0.007 0.002 0.006 0.007 0.003 0.004 
480   ZFPB17    (0)   16 :  0.003 0.003 0.004 0.962 0.005 0.006 0.003 0.004 0.003 0.003 0.003 0.002 
481   ZFPB18    (0)   16 :  0.002 0.003 0.004 0.965 0.003 0.004 0.004 0.004 0.004 0.004 0.002 0.002 
482   ZFPB19    (0)   16 :  0.005 0.008 0.007 0.942 0.008 0.007 0.004 0.003 0.004 0.004 0.004 0.005 
483   ZFPB20    (0)   16 :  0.003 0.003 0.002 0.972 0.003 0.003 0.002 0.002 0.002 0.003 0.003 0.002 
484   ZFPB21    (0)   16 :  0.003 0.008 0.004 0.953 0.005 0.005 0.004 0.002 0.004 0.006 0.003 0.004 
485   ZFPB22    (0)   16 :  0.003 0.002 0.003 0.968 0.004 0.004 0.002 0.003 0.003 0.002 0.003 0.003 
486   ZFPB23    (0)   16 :  0.004 0.004 0.004 0.956 0.004 0.006 0.004 0.004 0.004 0.005 0.003 0.003 
487   ZFSF01    (0)   17 :  0.702 0.004 0.006 0.003 0.004 0.083 0.002 0.149 0.005 0.005 0.032 0.005 
488   ZFSF02    (0)   17 :  0.432 0.010 0.009 0.007 0.006 0.028 0.005 0.442 0.016 0.028 0.011 0.006 
489   ZFSF03    (0)   17 :  0.645 0.006 0.004 0.013 0.006 0.132 0.004 0.148 0.006 0.008 0.023 0.004 
490   ZFSF04    (0)   17 :  0.803 0.016 0.009 0.007 0.039 0.006 0.013 0.055 0.009 0.014 0.025 0.004 
491  ZFSW101    (0)   18 :  0.104 0.042 0.005 0.010 0.012 0.009 0.008 0.007 0.019 0.278 0.502 0.004 
492  ZFSW102    (0)   18 :  0.128 0.009 0.013 0.014 0.073 0.007 0.010 0.023 0.005 0.024 0.691 0.003 
493  ZFSW103    (0)   18 :  0.028 0.019 0.005 0.005 0.012 0.008 0.010 0.010 0.023 0.024 0.846 0.010 
494  ZFSW104    (9)   18 :  0.799 0.012 0.021 0.009 0.014 0.010 0.018 0.038 0.017 0.023 0.038 0.003 
495  ZFSW105    (0)   18 :  0.297 0.042 0.009 0.004 0.007 0.005 0.013 0.007 0.008 0.245 0.359 0.004 
496  ZFSW106    (0)   18 :  0.066 0.030 0.006 0.024 0.003 0.115 0.063 0.032 0.017 0.027 0.605 0.013 
497  ZFSW107    (0)   18 :  0.019 0.009 0.005 0.047 0.040 0.006 0.007 0.008 0.005 0.013 0.839 0.003 
498  ZFSW108    (0)   18 :  0.026 0.003 0.004 0.010 0.004 0.009 0.003 0.004 0.003 0.003 0.929 0.003 
499  ZFSW109    (0)   18 :  0.015 0.004 0.007 0.008 0.003 0.005 0.006 0.004 0.004 0.004 0.936 0.004 
500  ZFSW110    (0)   18 :  0.022 0.018 0.005 0.012 0.020 0.007 0.013 0.015 0.014 0.027 0.841 0.006 
501  ZFSW111    (0)   18 :  0.026 0.039 0.015 0.035 0.010 0.007 0.016 0.007 0.010 0.364 0.467 0.004 
502  ZFSW112    (0)   18 :  0.016 0.022 0.027 0.005 0.006 0.007 0.009 0.004 0.009 0.042 0.846 0.007 
503  ZFSW113    (0)   18 :  0.459 0.034 0.012 0.005 0.005 0.020 0.005 0.092 0.055 0.182 0.124 0.005 
504  ZFSW114    (0)   18 :  0.013 0.009 0.007 0.005 0.005 0.005 0.009 0.011 0.007 0.017 0.908 0.003 
505  ZFSW115    (0)   18 :  0.252 0.011 0.010 0.004 0.009 0.102 0.028 0.033 0.006 0.029 0.512 0.003 
506  ZFSW116    (0)   18 :  0.262 0.033 0.013 0.053 0.018 0.017 0.013 0.046 0.014 0.270 0.258 0.004 
507  ZFSW117    (0)   18 :  0.133 0.040 0.011 0.028 0.013 0.015 0.022 0.093 0.024 0.119 0.497 0.006 
508  ZFSW119    (0)   18 :  0.151 0.003 0.015 0.004 0.013 0.011 0.003 0.036 0.003 0.005 0.754 0.002 
509  ZFSW120    (0)   18 :  0.858 0.002 0.005 0.011 0.007 0.011 0.002 0.029 0.002 0.003 0.068 0.002 
510  ZFSW121    (0)   18 :  0.199 0.010 0.017 0.011 0.014 0.007 0.025 0.311 0.007 0.046 0.352 0.002 
511  ZFSW122    (0)   18 :  0.837 0.019 0.008 0.010 0.005 0.007 0.020 0.005 0.015 0.011 0.048 0.017 
512  ZFSW123    (0)   18 :  0.438 0.006 0.005 0.027 0.004 0.013 0.003 0.003 0.003 0.005 0.491 0.003 
513  ZFSW124    (0)   18 :  0.929 0.004 0.010 0.005 0.007 0.007 0.003 0.005 0.003 0.005 0.020 0.004 
514  ZFSW201    (0)   19 :  0.205 0.003 0.005 0.020 0.007 0.009 0.003 0.006 0.003 0.003 0.732 0.005 
515  ZFSW202    (0)   19 :  0.010 0.003 0.005 0.006 0.006 0.004 0.003 0.007 0.003 0.003 0.947 0.003 
516  ZFSW203    (0)   19 :  0.024 0.003 0.008 0.012 0.005 0.009 0.003 0.005 0.003 0.003 0.923 0.003 
517  ZFSW204    (0)   19 :  0.009 0.003 0.007 0.011 0.014 0.008 0.002 0.005 0.003 0.003 0.931 0.003 
518  ZFSW205    (0)   19 :  0.010 0.003 0.004 0.003 0.003 0.004 0.002 0.004 0.004 0.004 0.954 0.004 
519  ZFSW206    (0)   19 :  0.004 0.003 0.003 0.003 0.003 0.006 0.002 0.004 0.003 0.003 0.960 0.004 
520  ZFSW207    (0)   19 :  0.007 0.005 0.003 0.003 0.004 0.004 0.004 0.004 0.004 0.003 0.954 0.005 
521  ZFSW208    (0)   19 :  0.006 0.003 0.004 0.005 0.004 0.004 0.003 0.005 0.003 0.004 0.955 0.004 
522  ZFSW209    (0)   19 :  0.006 0.003 0.004 0.003 0.003 0.062 0.008 0.005 0.003 0.003 0.894 0.004 
523  ZFSW210    (0)   19 :  0.004 0.006 0.004 0.004 0.005 0.005 0.006 0.005 0.008 0.006 0.933 0.014 
524  ZFSW211    (0)   19 :  0.005 0.004 0.004 0.003 0.005 0.008 0.002 0.006 0.006 0.005 0.943 0.008 
525  ZFSW212    (0)   19 :  0.006 0.003 0.005 0.003 0.005 0.004 0.002 0.004 0.004 0.004 0.955 0.005 
526  ZFSW213    (0)   19 :  0.005 0.003 0.005 0.003 0.004 0.004 0.003 0.004 0.003 0.004 0.959 0.004 
527  ZFSW214    (0)   19 :  0.004 0.003 0.006 0.003 0.003 0.004 0.003 0.004 0.003 0.004 0.958 0.003 
528  ZFSW215    (0)   19 :  0.008 0.003 0.005 0.005 0.003 0.005 0.003 0.004 0.003 0.003 0.957 0.003 
529  ZFSW216    (0)   19 :  0.005 0.004 0.004 0.003 0.004 0.005 0.002 0.004 0.005 0.004 0.954 0.005 
530  ZFSW217    (0)   19 :  0.009 0.003 0.006 0.004 0.004 0.004 0.003 0.005 0.003 0.004 0.952 0.004 
531  ZFSW218    (0)   19 :  0.005 0.003 0.004 0.003 0.004 0.004 0.002 0.004 0.003 0.003 0.961 0.003 
532  ZFSW219    (0)   19 :  0.006 0.004 0.007 0.005 0.017 0.017 0.003 0.007 0.005 0.005 0.920 0.005 
533  ZFSW220    (0)   19 :  0.005 0.003 0.005 0.012 0.006 0.011 0.003 0.005 0.003 0.004 0.942 0.003 
534  ZFSW221    (0)   19 :  0.006 0.004 0.004 0.004 0.005 0.006 0.003 0.006 0.004 0.004 0.948 0.007 
535  ZFSW222    (0)   19 :  0.007 0.002 0.003 0.004 0.003 0.004 0.002 0.005 0.002 0.003 0.962 0.003 
536  ZFSW223    (0)   19 :  0.005 0.003 0.005 0.010 0.005 0.011 0.003 0.005 0.002 0.003 0.945 0.003 
537  ZFSW224    (0)   19 :  0.005 0.004 0.004 0.003 0.005 0.005 0.003 0.006 0.004 0.004 0.952 0.005 
538  ZFSW225    (0)   19 :  0.011 0.003 0.004 0.006 0.004 0.007 0.002 0.005 0.005 0.004 0.942 0.006 
539  ZFSW226    (0)   19 :  0.045 0.013 0.006 0.013 0.003 0.007 0.007 0.004 0.005 0.011 0.877 0.008 
540  ZFSW227    (0)   19 :  0.006 0.003 0.004 0.004 0.004 0.004 0.002 0.004 0.003 0.003 0.959 0.004 
541  ZFSW229    (0)   19 :  0.006 0.003 0.003 0.003 0.004 0.005 0.002 0.004 0.004 0.004 0.957 0.005 
542  ZFSW230    (0)   19 :  0.010 0.015 0.010 0.008 0.004 0.004 0.005 0.004 0.015 0.027 0.894 0.004 
543  ZFSW231    (0)   19 :  0.006 0.003 0.004 0.004 0.004 0.006 0.002 0.005 0.004 0.004 0.953 0.005 
544  ZFSW232    (0)   19 :  0.013 0.003 0.003 0.004 0.003 0.004 0.003 0.007 0.003 0.004 0.948 0.004 
545  ZFSW233    (0)   19 :  0.008 0.007 0.005 0.013 0.007 0.015 0.006 0.011 0.006 0.009 0.910 0.004 
546  ZFSW234    (0)   19 :  0.007 0.003 0.003 0.005 0.003 0.005 0.002 0.003 0.002 0.002 0.960 0.003 
547  ZFSW235    (0)   19 :  0.008 0.004 0.007 0.005 0.010 0.006 0.004 0.006 0.004 0.004 0.940 0.005 
548  ZFSW236    (0)   19 :  0.006 0.003 0.004 0.003 0.003 0.003 0.003 0.004 0.003 0.003 0.962 0.003 
549  ZFSW237    (0)   19 :  0.009 0.004 0.010 0.004 0.007 0.006 0.003 0.007 0.003 0.004 0.939 0.004 
550  ZFSW238    (0)   19 :  0.011 0.008 0.049 0.011 0.019 0.043 0.024 0.077 0.011 0.007 0.738 0.003 
551  ZFSW239    (0)   19 :  0.015 0.011 0.006 0.017 0.003 0.004 0.004 0.003 0.014 0.023 0.897 0.004 
552  ZFSW240    (0)   19 :  0.013 0.002 0.004 0.007 0.005 0.006 0.002 0.004 0.003 0.003 0.948 0.003 
553   ZFTS01    (0)   20 :  0.009 0.005 0.003 0.942 0.005 0.010 0.003 0.004 0.005 0.007 0.004 0.003 
554   ZFTS02    (0)   20 :  0.014 0.009 0.005 0.882 0.025 0.005 0.008 0.017 0.006 0.009 0.017 0.004 
555   ZFTS03    (0)   20 :  0.016 0.006 0.007 0.900 0.012 0.005 0.006 0.010 0.004 0.006 0.025 0.004 
556   ZFTS04    (0)   20 :  0.009 0.004 0.004 0.948 0.006 0.004 0.004 0.005 0.003 0.004 0.007 0.002 
557   ZFTS05    (0)   20 :  0.009 0.006 0.005 0.882 0.042 0.010 0.004 0.011 0.006 0.007 0.016 0.004 
558   ZFTS07    (0)   20 :  0.010 0.003 0.004 0.943 0.007 0.006 0.003 0.007 0.003 0.003 0.008 0.003 
559   ZFTS08    (0)   20 :  0.026 0.004 0.007 0.905 0.005 0.008 0.004 0.009 0.003 0.004 0.024 0.003 
560   ZFTS09    (0)   20 :  0.015 0.003 0.004 0.906 0.004 0.018 0.002 0.008 0.004 0.004 0.030 0.003 
561   ZFTS10    (0)   20 :  0.144 0.004 0.005 0.707 0.053 0.014 0.003 0.013 0.006 0.006 0.040 0.004 
562   ZFTS11    (0)   20 :  0.012 0.004 0.004 0.920 0.005 0.019 0.003 0.007 0.005 0.004 0.013 0.005 
563   ZFTS12    (0)   20 :  0.007 0.004 0.007 0.939 0.007 0.005 0.005 0.005 0.003 0.004 0.009 0.004 
564   ZFTS14    (0)   20 :  0.005 0.004 0.004 0.943 0.004 0.005 0.005 0.009 0.003 0.004 0.009 0.003 
565   ZFTS15    (0)   20 :  0.008 0.005 0.003 0.918 0.012 0.015 0.003 0.009 0.006 0.007 0.010 0.004 
566   ZFTS16    (0)   20 :  0.258 0.008 0.006 0.591 0.071 0.013 0.005 0.007 0.008 0.011 0.017 0.006 
567   ZFTS17    (9)   20 :  0.024 0.006 0.006 0.837 0.013 0.019 0.003 0.010 0.014 0.009 0.042 0.018 
568   ZFTS18    (0)   20 :  0.020 0.004 0.007 0.898 0.007 0.006 0.003 0.007 0.003 0.004 0.037 0.003 
569   ZFTS19    (9)   20 :  0.357 0.003 0.006 0.251 0.008 0.009 0.003 0.006 0.003 0.003 0.346 0.004 
570   ZFTS20    (0)   20 :  0.021 0.004 0.011 0.864 0.009 0.008 0.004 0.015 0.004 0.004 0.053 0.005 
571   ZFTS21    (0)   20 :  0.010 0.003 0.004 0.943 0.005 0.007 0.004 0.007 0.003 0.003 0.009 0.003 
572   ZFTS22    (0)   20 :  0.019 0.003 0.006 0.920 0.005 0.011 0.003 0.007 0.003 0.003 0.016 0.004 
573   ZFTS23    (0)   20 :  0.008 0.006 0.006 0.925 0.012 0.005 0.006 0.009 0.004 0.006 0.010 0.003 
574   ZFTS24    (0)   20 :  0.011 0.004 0.008 0.926 0.010 0.004 0.004 0.006 0.003 0.004 0.016 0.003 
575   ZFTS25    (0)   20 :  0.041 0.005 0.003 0.811 0.007 0.028 0.003 0.018 0.013 0.011 0.052 0.007 
576   ZFTS26    (0)   20 :  0.220 0.003 0.004 0.257 0.004 0.006 0.002 0.005 0.003 0.003 0.491 0.003 
577   ZFTS27    (0)   20 :  0.022 0.008 0.005 0.886 0.019 0.009 0.004 0.010 0.005 0.010 0.019 0.004 
578   ZFTS28    (0)   20 :  0.020 0.021 0.012 0.798 0.040 0.014 0.007 0.020 0.009 0.026 0.027 0.007 
579   ZFTS29    (0)   20 :  0.063 0.003 0.006 0.809 0.015 0.021 0.002 0.009 0.003 0.002 0.065 0.003 
580   ZFTS30    (0)   20 :  0.060 0.004 0.004 0.833 0.021 0.017 0.002 0.012 0.003 0.003 0.038 0.003 
581   ZFTS31    (0)   20 :  0.010 0.005 0.006 0.905 0.035 0.005 0.004 0.006 0.004 0.005 0.010 0.004 
582   ZFTS32    (0)   20 :  0.021 0.006 0.005 0.861 0.017 0.032 0.003 0.010 0.008 0.008 0.025 0.004 
583   ZFTS33    (0)   20 :  0.012 0.008 0.006 0.846 0.013 0.015 0.004 0.022 0.010 0.012 0.047 0.006 
584   ZFTS34    (0)   20 :  0.016 0.008 0.004 0.918 0.005 0.005 0.006 0.009 0.004 0.008 0.015 0.003 
585   ZFTS35    (0)   20 :  0.103 0.006 0.005 0.735 0.037 0.011 0.004 0.020 0.005 0.006 0.064 0.004 
586   ZFTS36    (0)   20 :  0.006 0.004 0.004 0.942 0.005 0.005 0.005 0.008 0.004 0.004 0.009 0.003 
587   ZFTS37    (0)   20 :  0.108 0.006 0.006 0.599 0.055 0.008 0.004 0.018 0.004 0.006 0.181 0.004 
588   ZFTS38    (0)   20 :  0.084 0.005 0.007 0.694 0.053 0.017 0.003 0.023 0.004 0.006 0.099 0.003 
589   ZFTS39    (0)   20 :  0.022 0.005 0.007 0.904 0.004 0.007 0.006 0.008 0.004 0.005 0.022 0.006 
590   ZFTS40    (0)   20 :  0.031 0.017 0.006 0.705 0.153 0.014 0.008 0.023 0.010 0.017 0.012 0.005 
591 ZFTSP101    (0)   21 :  0.005 0.164 0.010 0.003 0.008 0.004 0.012 0.005 0.361 0.178 0.004 0.246 
592 ZFTSP102    (0)   21 :  0.005 0.012 0.008 0.003 0.018 0.005 0.007 0.020 0.109 0.017 0.008 0.789 
593 ZFTSP103    (0)   21 :  0.004 0.009 0.057 0.002 0.006 0.005 0.012 0.016 0.344 0.022 0.005 0.518 
594 ZFTSP104    (0)   21 :  0.002 0.008 0.003 0.002 0.004 0.003 0.007 0.005 0.950 0.009 0.003 0.005 
595 ZFTSP105    (0)   21 :  0.004 0.005 0.007 0.002 0.004 0.004 0.006 0.009 0.845 0.013 0.004 0.098 
596 ZFTSP106    (0)   21 :  0.004 0.046 0.008 0.004 0.006 0.010 0.245 0.015 0.188 0.451 0.004 0.019 
597 ZFTSP107    (0)   21 :  0.003 0.006 0.008 0.003 0.004 0.004 0.008 0.012 0.921 0.005 0.003 0.022 
598 ZFTSP108    (0)   21 :  0.003 0.020 0.011 0.006 0.007 0.016 0.496 0.025 0.315 0.023 0.003 0.075 
599 ZFTSP109    (0)   21 :  0.003 0.010 0.007 0.003 0.006 0.006 0.017 0.029 0.899 0.012 0.004 0.005 
600 ZFTSP110    (0)   21 :  0.003 0.037 0.008 0.003 0.004 0.006 0.008 0.007 0.750 0.149 0.003 0.022 
601 ZFTSP111    (0)   21 :  0.003 0.051 0.004 0.003 0.007 0.003 0.004 0.004 0.862 0.012 0.003 0.043 
602 ZFTSP112    (0)   21 :  0.004 0.013 0.014 0.006 0.025 0.006 0.007 0.008 0.876 0.015 0.005 0.023 
603 ZFTSP113    (0)   21 :  0.003 0.012 0.007 0.003 0.006 0.005 0.012 0.016 0.911 0.014 0.004 0.008 
604 ZFTSP114    (0)   21 :  0.002 0.006 0.006 0.003 0.005 0.003 0.006 0.004 0.924 0.006 0.002 0.033 
605 ZFTSP115    (0)   21 :  0.004 0.016 0.016 0.007 0.015 0.005 0.019 0.015 0.865 0.026 0.004 0.010 
606 ZFTSP116    (0)   21 :  0.003 0.059 0.006 0.003 0.013 0.005 0.006 0.007 0.798 0.009 0.005 0.086 
607 ZFTSP117    (0)   21 :  0.004 0.008 0.003 0.003 0.004 0.003 0.005 0.003 0.936 0.011 0.003 0.018 
608 ZFTSP118    (0)   21 :  0.004 0.008 0.006 0.003 0.004 0.003 0.004 0.004 0.863 0.007 0.004 0.089 
609 ZFTSP119    (0)   21 :  0.034 0.017 0.006 0.010 0.005 0.017 0.489 0.040 0.285 0.022 0.024 0.051 
610 ZFTSP120    (0)   21 :  0.007 0.066 0.006 0.003 0.004 0.003 0.004 0.003 0.779 0.022 0.004 0.100 
611 ZFTSP121    (0)   21 :  0.012 0.015 0.004 0.021 0.006 0.039 0.027 0.013 0.221 0.005 0.009 0.628 
612 ZFTSP122    (0)   21 :  0.003 0.038 0.012 0.003 0.007 0.003 0.023 0.006 0.802 0.021 0.003 0.080 
613 ZFTSP123    (0)   21 :  0.002 0.010 0.003 0.003 0.003 0.003 0.011 0.005 0.939 0.013 0.002 0.006 
614 ZFTSP124    (0)   21 :  0.002 0.014 0.007 0.003 0.004 0.003 0.010 0.006 0.900 0.042 0.002 0.006 
615 ZFTSP125    (0)   21 :  0.002 0.009 0.004 0.003 0.002 0.003 0.039 0.006 0.901 0.018 0.002 0.010 
616 ZFTSP126    (0)   21 :  0.003 0.029 0.005 0.004 0.005 0.004 0.017 0.011 0.855 0.038 0.003 0.025 
617 ZFTSP127    (0)   21 :  0.002 0.010 0.005 0.003 0.004 0.003 0.014 0.007 0.933 0.009 0.003 0.006 
618 ZFTSP128    (0)   21 :  0.003 0.007 0.006 0.003 0.004 0.004 0.006 0.005 0.912 0.018 0.003 0.029 
619 ZFTSP129    (0)   21 :  0.003 0.061 0.013 0.002 0.005 0.003 0.011 0.004 0.861 0.024 0.003 0.010 
620 ZFTSP130    (0)   21 :  0.002 0.005 0.003 0.003 0.003 0.003 0.009 0.005 0.945 0.006 0.002 0.013 
621 ZFTSP131    (0)   21 :  0.003 0.006 0.005 0.002 0.003 0.003 0.007 0.004 0.930 0.026 0.003 0.010 
622 ZFTSP132    (0)   21 :  0.004 0.056 0.007 0.003 0.021 0.006 0.009 0.005 0.747 0.034 0.005 0.103 
623 ZFTSP133    (0)   21 :  0.004 0.028 0.022 0.003 0.005 0.003 0.322 0.005 0.546 0.028 0.003 0.032 
624 ZFTSP134    (0)   21 :  0.002 0.049 0.011 0.002 0.008 0.004 0.044 0.006 0.826 0.006 0.003 0.039 
625 ZFTSP135    (0)   21 :  0.004 0.006 0.004 0.003 0.003 0.003 0.007 0.006 0.888 0.036 0.003 0.038 
626 ZFTSP136    (0)   21 :  0.005 0.026 0.005 0.003 0.003 0.003 0.010 0.004 0.678 0.113 0.004 0.146 
627 ZFTSP137    (0)   21 :  0.012 0.070 0.010 0.038 0.005 0.024 0.035 0.022 0.509 0.074 0.006 0.193 
628 ZFTSP138    (0)   21 :  0.003 0.062 0.008 0.005 0.008 0.004 0.009 0.006 0.757 0.083 0.003 0.052 
629 ZFTSP139    (0)   21 :  0.003 0.030 0.004 0.003 0.003 0.003 0.048 0.004 0.796 0.071 0.002 0.033 
630 ZFTSP140    (0)   21 :  0.005 0.012 0.015 0.012 0.022 0.008 0.009 0.025 0.731 0.116 0.005 0.039 
631 ZFTSP141    (0)   21 :  0.005 0.034 0.013 0.008 0.032 0.007 0.114 0.025 0.161 0.039 0.005 0.558 
632 ZFTSP142    (0)   21 :  0.004 0.016 0.005 0.003 0.005 0.005 0.006 0.008 0.613 0.041 0.005 0.289 
633 ZFTSP143    (0)   21 :  0.004 0.012 0.009 0.002 0.005 0.003 0.010 0.006 0.867 0.049 0.004 0.027 
634 ZFTSP144    (0)   21 :  0.006 0.015 0.007 0.003 0.008 0.004 0.005 0.007 0.833 0.032 0.008 0.071 
635 ZFTSP145    (0)   21 :  0.003 0.018 0.008 0.003 0.006 0.003 0.019 0.006 0.523 0.020 0.003 0.387 
636 ZFTSP201    (9)   22 :  0.003 0.215 0.029 0.005 0.045 0.006 0.070 0.014 0.091 0.498 0.004 0.020 
637 ZFTSP202    (0)   22 :  0.004 0.165 0.015 0.019 0.166 0.008 0.135 0.004 0.162 0.029 0.003 0.289 
638 ZFTSP203    (0)   22 :  0.004 0.251 0.012 0.003 0.023 0.006 0.009 0.004 0.099 0.502 0.005 0.084 
639 ZFTSP204    (0)   22 :  0.004 0.441 0.017 0.003 0.005 0.004 0.008 0.003 0.267 0.038 0.007 0.204 
640 ZFTSP205    (0)   22 :  0.005 0.101 0.059 0.011 0.088 0.011 0.007 0.004 0.125 0.406 0.009 0.173 
641 ZFTSP206    (0)   22 :  0.004 0.032 0.031 0.003 0.022 0.005 0.018 0.007 0.026 0.823 0.008 0.021 
642 ZFTSP207    (0)   22 :  0.005 0.020 0.005 0.003 0.006 0.005 0.004 0.006 0.017 0.918 0.007 0.005 
643 ZFTSP208    (0)   22 :  0.007 0.075 0.007 0.004 0.010 0.006 0.004 0.005 0.019 0.802 0.008 0.053 
644 ZFTSP209    (0)   22 :  0.004 0.047 0.016 0.003 0.007 0.003 0.019 0.007 0.737 0.120 0.004 0.033 
645 ZFTSP210    (0)   22 :  0.005 0.307 0.004 0.003 0.007 0.006 0.016 0.004 0.401 0.232 0.005 0.012 
646 ZFTSP211    (0)   22 :  0.006 0.056 0.010 0.017 0.041 0.008 0.004 0.004 0.802 0.025 0.004 0.023 
647 ZFTSP212    (0)   22 :  0.002 0.109 0.009 0.002 0.004 0.003 0.035 0.003 0.699 0.106 0.009 0.020 
648 ZFTSP213    (0)   22 :  0.002 0.030 0.003 0.004 0.003 0.006 0.007 0.006 0.824 0.083 0.003 0.029 
649 ZFTSP214    (0)   22 :  0.004 0.018 0.037 0.002 0.006 0.007 0.024 0.020 0.310 0.034 0.004 0.533 
650 ZFTSP215    (0)   22 :  0.003 0.154 0.007 0.003 0.008 0.004 0.005 0.004 0.054 0.156 0.003 0.599 
651 ZFTSP216    (0)   22 :  0.015 0.243 0.012 0.048 0.022 0.030 0.008 0.006 0.304 0.038 0.005 0.270 
652 ZFTSP217    (0)   22 :  0.003 0.023 0.003 0.003 0.004 0.007 0.010 0.007 0.842 0.085 0.003 0.010 
653 ZFTSP218    (0)   22 :  0.005 0.039 0.006 0.003 0.004 0.005 0.011 0.010 0.427 0.447 0.004 0.039 
654 ZFTSP219    (0)   22 :  0.009 0.016 0.015 0.005 0.019 0.007 0.012 0.016 0.362 0.486 0.007 0.045 
655 ZFTSP220    (0)   22 :  0.009 0.386 0.015 0.035 0.009 0.017 0.030 0.008 0.151 0.112 0.005 0.223 
656 ZFTSP221    (0)   22 :  0.003 0.432 0.009 0.005 0.025 0.013 0.054 0.011 0.115 0.142 0.004 0.186 
657 ZFTSP222    (0)   22 :  0.005 0.558 0.006 0.049 0.024 0.073 0.016 0.015 0.208 0.036 0.004 0.007 
658 ZFTSP223    (0)   22 :  0.002 0.008 0.003 0.003 0.002 0.003 0.004 0.004 0.934 0.008 0.002 0.028 
659 ZFTSP224    (0)   22 :  0.002 0.006 0.006 0.003 0.006 0.003 0.013 0.004 0.773 0.006 0.002 0.176 
660 ZFTSP225    (0)   22 :  0.004 0.073 0.004 0.003 0.005 0.005 0.060 0.006 0.609 0.082 0.004 0.146 
661 ZFTSP226    (0)   22 :  0.003 0.008 0.005 0.002 0.005 0.004 0.008 0.006 0.866 0.006 0.003 0.084 
662 ZFTSP227    (0)   22 :  0.004 0.686 0.010 0.011 0.019 0.012 0.014 0.009 0.105 0.120 0.003 0.005 
663 ZFTSP228    (0)   22 :  0.006 0.131 0.019 0.010 0.096 0.011 0.006 0.006 0.511 0.045 0.005 0.154 
664    ZFW01    (0)   23 :  0.117 0.010 0.005 0.004 0.002 0.005 0.005 0.005 0.008 0.014 0.819 0.005 
665    ZFW02    (0)   23 :  0.016 0.004 0.005 0.005 0.003 0.005 0.003 0.006 0.003 0.004 0.944 0.003 
666    ZFW03    (0)   23 :  0.109 0.005 0.003 0.003 0.003 0.007 0.002 0.007 0.008 0.006 0.823 0.024 
667    ZFW04    (0)   23 :  0.474 0.006 0.012 0.010 0.004 0.007 0.003 0.008 0.004 0.003 0.466 0.003 
668    ZFW05    (0)   23 :  0.731 0.004 0.012 0.003 0.007 0.131 0.027 0.022 0.009 0.005 0.029 0.019 
669    ZFW06    (0)   23 :  0.555 0.008 0.009 0.023 0.009 0.047 0.003 0.005 0.005 0.004 0.329 0.003 
670   ZFWB01    (0)   24 :  0.005 0.005 0.006 0.006 0.018 0.005 0.010 0.918 0.007 0.006 0.008 0.006 
671   ZFWB02    (0)   24 :  0.148 0.008 0.007 0.004 0.006 0.104 0.005 0.599 0.018 0.012 0.061 0.027 
672   ZFWB03    (0)   24 :  0.006 0.004 0.005 0.002 0.003 0.004 0.004 0.951 0.006 0.005 0.005 0.005 
673   ZFWB05    (0)   24 :  0.043 0.029 0.005 0.026 0.007 0.008 0.053 0.769 0.017 0.018 0.014 0.010 
674   ZFWB06    (0)   24 :  0.009 0.006 0.005 0.006 0.014 0.006 0.006 0.905 0.008 0.007 0.017 0.011 
675   ZFWB07    (0)   24 :  0.004 0.004 0.005 0.006 0.006 0.012 0.008 0.934 0.005 0.005 0.007 0.004 
676   ZFWB10    (0)   24 :  0.015 0.012 0.004 0.015 0.007 0.006 0.036 0.864 0.014 0.007 0.011 0.009 
677   ZFWB11    (0)   24 :  0.004 0.004 0.004 0.009 0.007 0.007 0.006 0.944 0.004 0.004 0.004 0.003 
678   ZFWB12    (0)   24 :  0.013 0.004 0.005 0.002 0.003 0.005 0.004 0.899 0.018 0.007 0.005 0.033 
679   ZFWB13    (9)   24 :  0.006 0.021 0.020 0.005 0.010 0.006 0.036 0.744 0.038 0.009 0.005 0.100 
680   ZFWB14    (0)   24 :  0.004 0.005 0.004 0.003 0.007 0.004 0.006 0.944 0.008 0.006 0.005 0.005 
681   ZFWB15    (9)   24 :  0.011 0.005 0.004 0.005 0.005 0.008 0.008 0.927 0.006 0.008 0.008 0.005 
682   ZFWB18    (0)   24 :  0.002 0.004 0.004 0.003 0.007 0.005 0.005 0.948 0.008 0.006 0.003 0.005 
683   ZFWB19    (0)   24 :  0.011 0.003 0.004 0.005 0.005 0.013 0.003 0.939 0.003 0.004 0.006 0.003 
684   ZFWB20    (0)   24 :  0.006 0.004 0.003 0.004 0.006 0.006 0.004 0.946 0.007 0.005 0.005 0.005 
685   ZFWB21    (0)   24 :  0.004 0.004 0.007 0.004 0.014 0.011 0.005 0.930 0.005 0.006 0.005 0.005 
686   ZFWB22    (0)   24 :  0.028 0.004 0.004 0.005 0.011 0.009 0.003 0.816 0.044 0.016 0.010 0.051 
687   ZFWB23    (0)   24 :  0.005 0.025 0.013 0.005 0.038 0.008 0.079 0.715 0.038 0.022 0.008 0.044 
688   ZFWB24    (0)   24 :  0.007 0.003 0.004 0.003 0.012 0.004 0.008 0.939 0.009 0.004 0.003 0.005 
689   ZFWB25    (0)   24 :  0.009 0.005 0.004 0.007 0.016 0.007 0.004 0.924 0.005 0.006 0.008 0.005 
690   ZFWB26    (0)   24 :  0.006 0.004 0.003 0.004 0.005 0.011 0.002 0.924 0.011 0.007 0.013 0.009 
691   ZFWB27    (0)   24 :  0.005 0.006 0.004 0.004 0.008 0.029 0.003 0.900 0.008 0.007 0.014 0.012 
692   ZFWB29    (0)   24 :  0.057 0.003 0.006 0.005 0.010 0.008 0.004 0.889 0.005 0.004 0.008 0.003 
693   ZFWB30    (0)   24 :  0.007 0.004 0.008 0.008 0.025 0.011 0.006 0.916 0.004 0.004 0.004 0.003 
694   ZFWB31    (0)   24 :  0.003 0.004 0.004 0.003 0.005 0.005 0.004 0.947 0.009 0.005 0.004 0.006 
695   ZFWB32    (9)   24 :  0.008 0.005 0.008 0.008 0.005 0.017 0.005 0.910 0.005 0.006 0.019 0.004 
696   ZFWB35    (0)   24 :  0.003 0.004 0.004 0.003 0.004 0.007 0.004 0.953 0.006 0.004 0.004 0.005 
697   ZFWB36    (0)   24 :  0.006 0.005 0.005 0.004 0.008 0.011 0.004 0.921 0.007 0.005 0.014 0.011 
698   ZFWB37    (0)   24 :  0.005 0.004 0.004 0.003 0.005 0.008 0.003 0.931 0.011 0.006 0.008 0.011 
699   ZFWB38    (0)   24 :  0.005 0.004 0.003 0.004 0.004 0.005 0.004 0.941 0.007 0.006 0.012 0.005 
700   ZFWB39    (9)   24 :  0.003 0.006 0.006 0.004 0.014 0.006 0.005 0.930 0.007 0.006 0.005 0.007 
701   ZFWB40    (0)   24 :  0.005 0.004 0.008 0.006 0.010 0.007 0.007 0.937 0.004 0.005 0.004 0.004 
702   ZFWB41    (9)   24 :  0.006 0.005 0.006 0.006 0.006 0.008 0.007 0.929 0.007 0.007 0.007 0.006 
703   ZFWB42    (0)   24 :  0.003 0.004 0.004 0.003 0.004 0.003 0.005 0.958 0.005 0.004 0.004 0.004 
704   ZFWB43    (0)   24 :  0.003 0.003 0.004 0.003 0.004 0.007 0.004 0.954 0.006 0.004 0.005 0.005 
705   ZFWB44    (0)   24 :  0.013 0.005 0.006 0.005 0.005 0.322 0.003 0.271 0.007 0.006 0.348 0.009 
706   ZFWB46    (0)   24 :  0.006 0.003 0.005 0.004 0.022 0.012 0.004 0.924 0.005 0.004 0.007 0.003 
707   ZFWB47    (9)   24 :  0.011 0.004 0.006 0.005 0.004 0.012 0.005 0.902 0.006 0.006 0.034 0.006 
708   ZFWB48    (0)   24 :  0.007 0.004 0.006 0.006 0.060 0.036 0.114 0.749 0.005 0.004 0.004 0.004 
709   ZFWB49    (0)   24 :  0.005 0.041 0.007 0.004 0.014 0.024 0.054 0.684 0.141 0.016 0.006 0.005 
710    ZCF01    (0)   25 :  0.022 0.004 0.005 0.067 0.025 0.796 0.003 0.029 0.007 0.005 0.007 0.031 
711    ZCF02    (0)   25 :  0.208 0.003 0.004 0.024 0.006 0.657 0.003 0.070 0.005 0.003 0.011 0.005 
712    ZCF03    (0)   25 :  0.007 0.005 0.007 0.122 0.007 0.776 0.003 0.037 0.011 0.010 0.008 0.008 
713    ZCF04    (0)   25 :  0.006 0.007 0.004 0.021 0.005 0.932 0.004 0.003 0.005 0.006 0.004 0.004 
714    ZCF05    (0)   25 :  0.022 0.003 0.005 0.011 0.005 0.919 0.003 0.010 0.003 0.003 0.013 0.003 
715    ZCF06    (0)   25 :  0.004 0.008 0.052 0.015 0.027 0.849 0.007 0.006 0.013 0.005 0.003 0.010 
716    ZCF07    (0)   25 :  0.011 0.003 0.003 0.005 0.005 0.892 0.003 0.046 0.005 0.004 0.008 0.016 
717    ZCF08    (0)   25 :  0.014 0.006 0.004 0.008 0.007 0.909 0.008 0.021 0.007 0.003 0.004 0.010 
718    ZCF09    (0)   25 :  0.007 0.038 0.027 0.220 0.032 0.333 0.141 0.007 0.063 0.030 0.003 0.102 
719    ZCF10    (0)   25 :  0.009 0.010 0.007 0.011 0.016 0.840 0.011 0.021 0.033 0.008 0.015 0.021 
720    ZCF11    (0)   25 :  0.007 0.007 0.004 0.007 0.004 0.908 0.004 0.020 0.008 0.011 0.011 0.009 
721    ZCF12    (0)   25 :  0.007 0.003 0.003 0.028 0.016 0.919 0.006 0.004 0.003 0.003 0.005 0.002 
722    ZCF13    (0)   25 :  0.009 0.005 0.006 0.011 0.003 0.901 0.025 0.012 0.003 0.004 0.015 0.006 
723    ZCF14    (0)   25 :  0.015 0.029 0.006 0.016 0.181 0.687 0.012 0.009 0.011 0.017 0.012 0.006 
724    ZCF15    (0)   25 :  0.005 0.003 0.010 0.009 0.008 0.914 0.005 0.026 0.006 0.004 0.007 0.003 
725    ZCF16    (0)   25 :  0.005 0.003 0.006 0.011 0.018 0.915 0.004 0.013 0.005 0.003 0.007 0.010 
726    ZCF17    (0)   25 :  0.005 0.003 0.005 0.004 0.008 0.929 0.003 0.023 0.005 0.004 0.006 0.005 
727    ZCF18    (0)   25 :  0.010 0.005 0.009 0.026 0.006 0.889 0.012 0.014 0.004 0.005 0.017 0.004 
728    ZCF19    (0)   25 :  0.024 0.004 0.014 0.040 0.047 0.813 0.004 0.032 0.004 0.005 0.010 0.002 
729    ZCF20    (0)   25 :  0.010 0.008 0.004 0.006 0.007 0.901 0.004 0.016 0.010 0.014 0.010 0.010 
730    ZCF21    (0)   25 :  0.006 0.003 0.007 0.029 0.009 0.907 0.004 0.009 0.009 0.003 0.010 0.004 
731    ZCF22    (0)   25 :  0.016 0.006 0.007 0.010 0.011 0.879 0.005 0.013 0.012 0.007 0.020 0.016 
732    ZCF23    (0)   25 :  0.008 0.003 0.003 0.009 0.005 0.917 0.007 0.018 0.005 0.003 0.013 0.008 
733    ZCF24    (0)   25 :  0.003 0.005 0.012 0.014 0.016 0.840 0.027 0.010 0.034 0.005 0.003 0.032 
734    ZCF25    (0)   25 :  0.004 0.014 0.006 0.005 0.015 0.922 0.006 0.006 0.006 0.005 0.003 0.008 
735    ZCF26    (0)   25 :  0.005 0.003 0.016 0.006 0.006 0.930 0.003 0.004 0.010 0.003 0.004 0.010 
736    ZCF27    (0)   25 :  0.006 0.003 0.005 0.006 0.008 0.933 0.004 0.015 0.005 0.003 0.007 0.006 
737    ZCF28    (0)   25 :  0.014 0.006 0.009 0.023 0.013 0.859 0.004 0.046 0.003 0.003 0.015 0.006 
738    ZCF29    (0)   25 :  0.005 0.025 0.011 0.701 0.053 0.060 0.042 0.033 0.036 0.010 0.007 0.016 
739    ZCF30    (0)   25 :  0.004 0.005 0.007 0.004 0.004 0.942 0.005 0.008 0.004 0.003 0.007 0.007 
740    ZCF31    (0)   25 :  0.022 0.004 0.005 0.014 0.006 0.861 0.004 0.069 0.003 0.004 0.005 0.002 
741    ZCF32    (0)   25 :  0.008 0.008 0.006 0.222 0.011 0.700 0.003 0.012 0.004 0.006 0.015 0.004 
742    ZCF33    (0)   25 :  0.036 0.003 0.004 0.068 0.007 0.849 0.004 0.004 0.003 0.003 0.017 0.003 
743    ZCF34    (0)   25 :  0.005 0.084 0.005 0.044 0.032 0.710 0.020 0.018 0.039 0.030 0.006 0.008 
744    ZCF35    (0)   25 :  0.006 0.011 0.008 0.043 0.013 0.871 0.008 0.006 0.013 0.013 0.005 0.003 
745    ZCF36    (0)   25 :  0.067 0.005 0.005 0.011 0.008 0.799 0.003 0.006 0.005 0.010 0.075 0.007 
746    ZCF37    (0)   25 :  0.008 0.006 0.004 0.064 0.027 0.824 0.004 0.030 0.012 0.006 0.011 0.006 
747    ZCF38    (0)   25 :  0.004 0.012 0.015 0.007 0.008 0.893 0.013 0.025 0.006 0.006 0.006 0.004 
748    ZCF39    (0)   25 :  0.004 0.032 0.003 0.009 0.007 0.395 0.016 0.024 0.462 0.029 0.010 0.007 
749    ZCF40    (0)   25 :  0.004 0.010 0.010 0.005 0.018 0.894 0.004 0.017 0.008 0.008 0.008 0.015 
750    ZCF41    (0)   25 :  0.009 0.003 0.008 0.053 0.042 0.838 0.003 0.014 0.004 0.003 0.014 0.007 
751    ZCF42    (0)   25 :  0.005 0.005 0.033 0.047 0.010 0.802 0.005 0.052 0.019 0.005 0.004 0.014 


Estimated Allele Frequencies in each cluster
First column gives estimated ancestral frequencies


Locus 1 : 
11 alleles
0.0% missing data
 206   (0.199) 0.239 0.172 0.688 0.002 0.005 0.111 0.309 0.260 0.188 0.397 0.193 0.002 
 204   (0.476) 0.477 0.559 0.209 0.937 0.989 0.531 0.420 0.687 0.746 0.592 0.459 0.996 
 222   (0.058) 0.147 0.001 0.001 0.058 0.001 0.122 0.001 0.021 0.001 0.001 0.001 0.000 
 218   (0.059) 0.001 0.238 0.063 0.001 0.001 0.003 0.001 0.001 0.063 0.004 0.333 0.000 
 216   (0.019) 0.000 0.024 0.000 0.000 0.000 0.001 0.000 0.000 0.000 0.002 0.000 0.000 
 208   (0.029) 0.000 0.002 0.000 0.001 0.001 0.004 0.162 0.001 0.001 0.002 0.000 0.000 
 224   (0.049) 0.130 0.001 0.038 0.001 0.001 0.024 0.001 0.023 0.001 0.000 0.001 0.000 
 220   (0.050) 0.003 0.001 0.001 0.001 0.001 0.179 0.104 0.006 0.001 0.001 0.012 0.000 
 230   (0.018) 0.001 0.000 0.000 0.000 0.000 0.005 0.001 0.001 0.000 0.000 0.000 0.000 
 210   (0.026) 0.000 0.000 0.000 0.000 0.000 0.013 0.000 0.000 0.000 0.000 0.000 0.000 
 202   (0.018) 0.000 0.000 0.000 0.000 0.000 0.006 0.000 0.000 0.000 0.000 0.000 0.000 

Locus 2 : 
5 alleles
0.7% missing data
 179   (0.577) 0.988 0.508 0.480 0.641 0.789 0.743 0.041 0.280 0.359 0.598 0.995 0.988 
 173   (0.331) 0.010 0.316 0.519 0.155 0.210 0.234 0.956 0.714 0.573 0.401 0.004 0.012 
 182   (0.039) 0.001 0.175 0.000 0.000 0.001 0.003 0.001 0.002 0.068 0.001 0.000 0.000 
 170   (0.028) 0.001 0.001 0.000 0.204 0.000 0.001 0.001 0.004 0.000 0.000 0.000 0.000 
 176   (0.024) 0.000 0.000 0.000 0.000 0.000 0.019 0.000 0.001 0.000 0.000 0.000 0.000 

Locus 3 : 
7 alleles
0.0% missing data
 198   (0.501) 0.678 0.574 0.511 0.150 0.755 0.331 0.229 0.812 0.551 0.839 0.824 0.119 
 207   (0.192) 0.318 0.057 0.002 0.846 0.005 0.512 0.047 0.136 0.005 0.003 0.118 0.003 
 216   (0.097) 0.001 0.008 0.484 0.001 0.236 0.004 0.294 0.002 0.126 0.026 0.001 0.498 
 195   (0.116) 0.003 0.337 0.001 0.002 0.002 0.006 0.427 0.018 0.317 0.123 0.041 0.379 
 213   (0.037) 0.000 0.023 0.000 0.000 0.001 0.002 0.001 0.001 0.001 0.008 0.015 0.000 
 210   (0.033) 0.000 0.001 0.000 0.000 0.000 0.080 0.001 0.031 0.000 0.000 0.000 0.000 
 219   (0.024) 0.000 0.000 0.000 0.000 0.001 0.065 0.001 0.001 0.000 0.000 0.000 0.000 

Locus 4 : 
7 alleles
0.0% missing data
 166   (0.361) 0.417 0.503 0.666 0.275 0.013 0.122 0.979 0.617 0.297 0.420 0.625 0.515 
 182   (0.136) 0.484 0.003 0.111 0.081 0.434 0.199 0.002 0.097 0.001 0.001 0.105 0.001 
 178   (0.264) 0.013 0.261 0.104 0.052 0.006 0.443 0.005 0.272 0.694 0.523 0.266 0.482 
 184   (0.124) 0.055 0.097 0.114 0.590 0.543 0.171 0.002 0.003 0.006 0.002 0.001 0.001 
 180   (0.039) 0.001 0.134 0.000 0.000 0.001 0.005 0.001 0.003 0.001 0.053 0.000 0.001 
 186   (0.047) 0.030 0.001 0.003 0.000 0.002 0.048 0.001 0.008 0.001 0.000 0.002 0.001 
 168   (0.030) 0.000 0.001 0.001 0.001 0.001 0.012 0.009 0.001 0.000 0.000 0.000 0.000 

Locus 5 : 
9 alleles
0.0% missing data
 215   (0.449) 0.507 0.329 0.838 0.251 0.937 0.830 0.010 0.606 0.402 0.094 0.773 0.941 
 207   (0.236) 0.200 0.504 0.146 0.334 0.050 0.043 0.180 0.007 0.595 0.841 0.007 0.056 
 225   (0.059) 0.201 0.001 0.001 0.001 0.001 0.021 0.001 0.341 0.001 0.001 0.088 0.000 
 217   (0.082) 0.085 0.002 0.012 0.413 0.002 0.046 0.001 0.002 0.001 0.001 0.126 0.000 
 211   (0.021) 0.000 0.008 0.000 0.000 0.000 0.001 0.000 0.000 0.000 0.001 0.000 0.000 
 205   (0.048) 0.000 0.154 0.001 0.000 0.001 0.002 0.307 0.001 0.001 0.062 0.000 0.000 
 189   (0.041) 0.000 0.001 0.001 0.001 0.001 0.045 0.499 0.002 0.000 0.000 0.000 0.000 
 227   (0.043) 0.006 0.001 0.001 0.001 0.007 0.005 0.001 0.040 0.001 0.000 0.005 0.000 
 223   (0.021) 0.000 0.000 0.000 0.000 0.000 0.007 0.000 0.000 0.000 0.000 0.000 0.000 

Locus 6 : 
2 alleles
1.1% missing data
 205   (0.060) 0.524 0.001 0.003 0.001 0.001 0.028 0.001 0.164 0.001 0.001 0.001 0.000 
 203   (0.940) 0.476 0.999 0.997 0.999 0.999 0.972 0.999 0.836 0.999 0.999 0.999 1.000 

Locus 7 : 
9 alleles
0.3% missing data
 187   (0.179) 0.653 0.004 0.303 0.636 0.426 0.188 0.003 0.235 0.002 0.003 0.603 0.001 
 199   (0.109) 0.010 0.002 0.001 0.014 0.002 0.317 0.127 0.165 0.001 0.001 0.239 0.001 
 189   (0.127) 0.329 0.192 0.048 0.002 0.004 0.009 0.003 0.013 0.154 0.192 0.152 0.004 
 195   (0.284) 0.005 0.248 0.644 0.003 0.559 0.225 0.647 0.579 0.706 0.315 0.003 0.991 
 191   (0.087) 0.001 0.309 0.001 0.001 0.002 0.016 0.104 0.003 0.104 0.261 0.001 0.001 
 183   (0.050) 0.001 0.034 0.001 0.001 0.001 0.017 0.002 0.001 0.001 0.064 0.001 0.000 
 193   (0.092) 0.001 0.210 0.001 0.001 0.002 0.087 0.088 0.002 0.032 0.164 0.001 0.001 
 201   (0.045) 0.000 0.001 0.001 0.343 0.001 0.138 0.001 0.001 0.000 0.000 0.000 0.000 
 197   (0.027) 0.000 0.001 0.000 0.000 0.003 0.004 0.026 0.001 0.000 0.000 0.000 0.000 

Locus 8 : 
8 alleles
0.4% missing data
 213   (0.207) 0.593 0.120 0.002 0.035 0.004 0.099 0.082 0.116 0.442 0.339 0.376 0.393 
 207   (0.146) 0.381 0.006 0.163 0.291 0.521 0.197 0.003 0.084 0.006 0.005 0.101 0.001 
 215   (0.106) 0.009 0.003 0.002 0.038 0.002 0.072 0.268 0.106 0.117 0.002 0.001 0.162 
 209   (0.202) 0.012 0.077 0.098 0.556 0.005 0.424 0.042 0.632 0.179 0.161 0.004 0.011 
 211   (0.202) 0.003 0.746 0.635 0.079 0.466 0.144 0.459 0.011 0.253 0.133 0.003 0.432 
 205   (0.083) 0.002 0.047 0.100 0.001 0.002 0.011 0.146 0.003 0.002 0.359 0.514 0.000 
 217   (0.033) 0.001 0.001 0.000 0.000 0.000 0.046 0.001 0.048 0.000 0.000 0.000 0.000 
 199   (0.020) 0.000 0.000 0.000 0.000 0.000 0.007 0.000 0.000 0.000 0.000 0.000 0.000 

Locus 9 : 
7 alleles
0.3% missing data
 184   (0.147) 0.575 0.003 0.002 0.221 0.003 0.419 0.003 0.708 0.003 0.002 0.872 0.001 
 186   (0.288) 0.347 0.829 0.075 0.107 0.010 0.076 0.639 0.019 0.307 0.841 0.021 0.267 
 188   (0.347) 0.075 0.119 0.342 0.670 0.982 0.314 0.226 0.265 0.020 0.153 0.105 0.007 
 176   (0.087) 0.001 0.045 0.001 0.001 0.002 0.058 0.130 0.005 0.256 0.002 0.001 0.013 
 190   (0.077) 0.001 0.003 0.579 0.001 0.003 0.031 0.001 0.002 0.388 0.003 0.001 0.713 
 182   (0.029) 0.000 0.000 0.000 0.000 0.000 0.101 0.000 0.001 0.000 0.000 0.000 0.000 
 192   (0.025) 0.000 0.000 0.000 0.000 0.000 0.001 0.000 0.000 0.027 0.000 0.000 0.000 

Locus 10 : 
3 alleles
0.0% missing data
 220   (0.164) 0.487 0.003 0.095 0.759 0.003 0.352 0.003 0.095 0.002 0.002 0.383 0.001 
 217   (0.814) 0.513 0.996 0.821 0.241 0.997 0.647 0.997 0.905 0.998 0.998 0.617 0.999 
 223   (0.022) 0.000 0.000 0.083 0.000 0.000 0.001 0.000 0.000 0.000 0.000 0.000 0.000 

Locus 11 : 
6 alleles
0.0% missing data
 205   (0.233) 0.715 0.004 0.894 0.645 0.113 0.476 0.045 0.013 0.003 0.002 0.950 0.001 
 202   (0.164) 0.226 0.014 0.002 0.050 0.008 0.057 0.006 0.035 0.261 0.080 0.004 0.905 
 211   (0.481) 0.056 0.979 0.103 0.236 0.877 0.149 0.947 0.540 0.735 0.917 0.045 0.093 
 208   (0.057) 0.002 0.001 0.001 0.001 0.001 0.274 0.001 0.411 0.001 0.001 0.001 0.000 
 217   (0.036) 0.000 0.001 0.000 0.067 0.000 0.010 0.001 0.001 0.000 0.000 0.000 0.000 
 214   (0.029) 0.000 0.001 0.000 0.000 0.000 0.032 0.000 0.001 0.000 0.000 0.000 0.000 

Values of parameters used in structure:
DATAFILE=C:\Users\eschumacher\Documents\GitHub\GCC_QUAC_ZAIN\Data_Files\Structure_Files\ZAIN\ZAIN_rebinned_wild\project_data,	OUTFILE=C:\Users\eschumacher\Documents\GitHub\GCC_QUAC_ZAIN\Data_Files\Structure_Files\ZAIN\ZAIN_rebinned_wild\50-50\Results\50-50_run_56,	NUMINDS=751,	NUMLOCI=11,	MISSING=-9,	LABEL=1,	POPDATA=1,	POPFLAG=0,	PHENOTYPE=0,	EXTRACOLS=0,	MAXPOPS=12,	BURNIN=50000,	NUMREPS=50000,	USEPOPINFO=0,	INFERALPHA=1,	INFERLAMBDA=0,	POPSPECIFICLAMBDA=0,	POPALPHAS=0,	COMPUTEPROB=1,	NOADMIX=0,	ADMBURNIN=2500,	UPDATEFREQ=1,	PRINTLIKES=0,	INTERMEDSAVE=0,	PRINTKLD=0,	PRINTNET=0,	PRINTLAMBDA=0,	ANCESTDIST=0,	NUMBOXES=1000,	ANCESTPINT=0.90000,	GENSBACK=2,	MIGRPRIOR=0.05000,	PRINTQHAT=0,	PRINTQSUM=0,	ALPHA=1.0000,	FREQSCORR=1,	FPRIORMEAN=0.0100,	FPRIORSD=0.0500,	ONEFST=0,	LAMBDA=1.0000,	UNIFPRIORALPHA=1,	ALPHAMAX=10.0000,	ALPHAPRIORA=1.0000,	ALPHAPRIORB=2.0000,	ALPHAPROPSD=0.0250,	STARTATPOPINFO=0,	RANDOMIZE=1,	LINKAGE=0,	METROFREQ=10,	REPORTHITRATE=0,	MARKOVPHASE=-1,	PHASED=0,	PLOIDY=2,	PHASEINFO=0	LOCPRIOR=0, 	LOCPRIORINIT=1.000000, 	LOCDATA=0, 	LOCISPOP=0, 	LOCPRIORSTEP=0.100000, 	MAXLOCPRIOR=20.000000, 	SEED=1660248813,	
[STRAT parameters]:    NUMSIMSTATS=1000,	PHENOTYPECOL=-9,	POOLFREQ=10,	LOCUSxONLY=0,	EMERROR=0.00100,	MISSINGPHENO=-9,	