

----------------------------------------------------
STRUCTURE by Pritchard, Stephens and Donnelly (2000)
     and Falush, Stephens and Pritchard (2003)
       Code by Pritchard, Falush and Hubisz
             Version 2.3.4 (Jul 2012)
----------------------------------------------------



Command line arguments:   bin\structure -m C:\Users\eschumacher\Documents\GitHub\GCC_QUAC_ZAIN\Data_Files\Structure_Files\ZAIN\ZAIN_rebinned_wild\50-50\mainparams -e C:\Users\eschumacher\Documents\GitHub\GCC_QUAC_ZAIN\Data_Files\Structure_Files\ZAIN\ZAIN_rebinned_wild\50-50\extraparams 
Input File:    C:\Users\eschumacher\Documents\GitHub\GCC_QUAC_ZAIN\Data_Files\Structure_Files\ZAIN\ZAIN_rebinned_wild\project_data

Run parameters:
   751 individuals
   11 loci
   12 populations assumed
   50000 Burn-in period
   50000 Reps


--------------------------------------------
Proportion of membership of each pre-defined
 population in each of the 12 clusters

Given    Inferred Clusters                                                                      Number of
 Pop       1      2      3      4      5      6      7      8      9     10     11     12      Individuals

  1:     0.013  0.006  0.015  0.010  0.006  0.004  0.004  0.005  0.014  0.888  0.011  0.025       35
  2:     0.006  0.650  0.014  0.007  0.023  0.013  0.022  0.245  0.005  0.006  0.005  0.005       36
  3:     0.006  0.772  0.007  0.013  0.008  0.019  0.025  0.131  0.004  0.004  0.005  0.006       33
  4:     0.005  0.011  0.008  0.007  0.905  0.009  0.008  0.008  0.016  0.005  0.010  0.008       40
  5:     0.005  0.007  0.004  0.006  0.007  0.914  0.009  0.036  0.003  0.004  0.003  0.004       39
  6:     0.086  0.028  0.664  0.055  0.017  0.010  0.011  0.015  0.023  0.056  0.020  0.014       40
  7:     0.601  0.011  0.129  0.047  0.030  0.010  0.018  0.011  0.026  0.022  0.053  0.043       37
  8:     0.003  0.759  0.005  0.006  0.006  0.013  0.018  0.172  0.003  0.006  0.005  0.003       40
  9:     0.007  0.005  0.008  0.007  0.037  0.013  0.003  0.006  0.026  0.808  0.076  0.004       28
 10:     0.016  0.014  0.014  0.021  0.785  0.010  0.008  0.014  0.088  0.008  0.006  0.017       14
 11:     0.021  0.010  0.010  0.014  0.007  0.031  0.005  0.014  0.010  0.009  0.012  0.855       13
 12:     0.004  0.014  0.005  0.006  0.018  0.027  0.008  0.902  0.003  0.004  0.007  0.002       14
 13:     0.008  0.828  0.008  0.006  0.010  0.011  0.039  0.062  0.005  0.004  0.006  0.013       25
 14:     0.005  0.016  0.007  0.006  0.007  0.005  0.924  0.009  0.004  0.005  0.006  0.005       40
 15:     0.009  0.021  0.026  0.016  0.803  0.016  0.007  0.053  0.007  0.023  0.011  0.008       32
 16:     0.004  0.003  0.003  0.003  0.003  0.003  0.003  0.003  0.003  0.003  0.003  0.968       20
 17:     0.049  0.011  0.101  0.162  0.009  0.004  0.006  0.010  0.047  0.579  0.020  0.003        4
 18:     0.010  0.049  0.218  0.018  0.011  0.005  0.010  0.012  0.059  0.192  0.413  0.004       23
 19:     0.008  0.005  0.007  0.007  0.006  0.004  0.004  0.004  0.012  0.014  0.925  0.005       39
 20:     0.007  0.004  0.005  0.005  0.004  0.004  0.003  0.004  0.936  0.011  0.010  0.007       38
 21:     0.006  0.038  0.007  0.011  0.009  0.117  0.051  0.744  0.004  0.004  0.004  0.005       45
 22:     0.011  0.278  0.009  0.007  0.016  0.116  0.027  0.504  0.005  0.005  0.005  0.017       28
 23:     0.023  0.006  0.037  0.007  0.007  0.009  0.006  0.006  0.006  0.322  0.561  0.012        6
 24:     0.020  0.007  0.014  0.871  0.006  0.011  0.014  0.013  0.009  0.014  0.018  0.004       40
 25:     0.771  0.008  0.062  0.020  0.011  0.010  0.010  0.022  0.022  0.015  0.010  0.039       42
--------------------------------------------

Allele-freq. divergence among pops (Net nucleotide distance),
computed using point estimates of P.

      1       2       3       4       5       6       7       8       9      10      11      12      
 1      -    0.2030  0.0496  0.1154  0.1275  0.2001  0.2820  0.1650  0.1362  0.1326  0.1182  0.1804  
 2   0.2030     -    0.1063  0.1740  0.1784  0.2437  0.1140  0.0475  0.2901  0.2468  0.2655  0.3742  
 3   0.0496  0.1063     -    0.0964  0.0829  0.2076  0.1684  0.1021  0.1265  0.0995  0.1116  0.2283  
 4   0.1154  0.1740  0.0964     -    0.1561  0.2492  0.1870  0.1314  0.2290  0.2205  0.2000  0.3692  
 5   0.1275  0.1784  0.0829  0.1561     -    0.1764  0.1892  0.1449  0.2278  0.1970  0.1716  0.3117  
 6   0.2001  0.2437  0.2076  0.2492  0.1764     -    0.2933  0.1403  0.3664  0.2962  0.3033  0.4460  
 7   0.2820  0.1140  0.1684  0.1870  0.1892  0.2933     -    0.1250  0.3523  0.3702  0.3802  0.4557  
 8   0.1650  0.0475  0.1021  0.1314  0.1449  0.1403  0.1250     -    0.2916  0.2494  0.2685  0.3619  
 9   0.1362  0.2901  0.1265  0.2290  0.2278  0.3664  0.3523  0.2916     -    0.1468  0.1668  0.2179  
10   0.1326  0.2468  0.0995  0.2205  0.1970  0.2962  0.3702  0.2494  0.1468     -    0.0959  0.3068  
11   0.1182  0.2655  0.1116  0.2000  0.1716  0.3033  0.3802  0.2685  0.1668  0.0959     -    0.3560  
12   0.1804  0.3742  0.2283  0.3692  0.3117  0.4460  0.4557  0.3619  0.2179  0.3068  0.3560     -    

Average distances (expected heterozygosity) between individuals in same cluster:
cluster  1  : 0.5265 
cluster  2  : 0.4039 
cluster  3  : 0.6386 
cluster  4  : 0.3898 
cluster  5  : 0.4248 
cluster  6  : 0.2278 
cluster  7  : 0.3594 
cluster  8  : 0.4292 
cluster  9  : 0.3819 
cluster 10  : 0.4727 
cluster 11  : 0.3293 
cluster 12  : 0.2571 

--------------------------------------------
Estimated Ln Prob of Data   = -13591.6
Mean value of ln likelihood = -12841.3
Variance of ln likelihood   = 1500.6
Mean value of alpha         = 0.0314

Mean value of Fst_1         = 0.1458
Mean value of Fst_2         = 0.4247
Mean value of Fst_3         = 0.0255
Mean value of Fst_4         = 0.4131
Mean value of Fst_5         = 0.4130
Mean value of Fst_6         = 0.6904
Mean value of Fst_7         = 0.4767
Mean value of Fst_8         = 0.4558
Mean value of Fst_9         = 0.5398
Mean value of Fst_10         = 0.4255
Mean value of Fst_11         = 0.4624
Mean value of Fst_12         = 0.6274


Inferred ancestry of individuals:
        Label (%Miss) Pop:  Inferred clusters
  1    ZFB01    (0)    1 :  0.003 0.003 0.004 0.003 0.003 0.003 0.003 0.003 0.006 0.955 0.008 0.005 
  2    ZFB02    (0)    1 :  0.007 0.004 0.012 0.004 0.010 0.002 0.003 0.003 0.071 0.860 0.012 0.013 
  3    ZFB03    (0)    1 :  0.017 0.008 0.014 0.010 0.006 0.019 0.002 0.013 0.007 0.882 0.019 0.003 
  4    ZFB04    (0)    1 :  0.005 0.004 0.008 0.004 0.006 0.002 0.003 0.003 0.035 0.912 0.007 0.013 
  5    ZFB05    (0)    1 :  0.042 0.003 0.015 0.027 0.010 0.009 0.010 0.004 0.058 0.710 0.010 0.102 
  6    ZFB06    (0)    1 :  0.045 0.003 0.020 0.023 0.009 0.009 0.010 0.005 0.023 0.770 0.010 0.074 
  7    ZFB07    (9)    1 :  0.048 0.006 0.014 0.013 0.005 0.004 0.007 0.006 0.006 0.799 0.080 0.012 
  8    ZFB08    (0)    1 :  0.006 0.008 0.009 0.022 0.008 0.005 0.007 0.007 0.010 0.893 0.023 0.003 
  9    ZFB09    (0)    1 :  0.003 0.003 0.004 0.004 0.003 0.003 0.002 0.003 0.005 0.961 0.007 0.003 
 10    ZFB10    (0)    1 :  0.003 0.012 0.010 0.004 0.005 0.002 0.005 0.008 0.008 0.936 0.004 0.004 
 11    ZFB11    (0)    1 :  0.003 0.004 0.005 0.003 0.004 0.002 0.003 0.003 0.005 0.954 0.004 0.010 
 12    ZFB12    (0)    1 :  0.012 0.005 0.012 0.019 0.004 0.004 0.003 0.005 0.019 0.892 0.005 0.020 
 13    ZFB13    (0)    1 :  0.007 0.009 0.014 0.011 0.005 0.004 0.006 0.008 0.015 0.910 0.007 0.003 
 14    ZFB14    (0)    1 :  0.004 0.004 0.006 0.003 0.004 0.003 0.003 0.003 0.005 0.956 0.006 0.003 
 15    ZFB15    (0)    1 :  0.003 0.002 0.003 0.004 0.003 0.002 0.002 0.002 0.011 0.955 0.007 0.005 
 16    ZFB16    (0)    1 :  0.005 0.006 0.007 0.008 0.003 0.003 0.004 0.006 0.016 0.933 0.006 0.004 
 17    ZFB17    (0)    1 :  0.008 0.008 0.017 0.028 0.017 0.002 0.009 0.008 0.011 0.863 0.006 0.023 
 18    ZFB18    (0)    1 :  0.003 0.003 0.005 0.003 0.004 0.002 0.002 0.002 0.003 0.965 0.005 0.003 
 19    ZFB19    (0)    1 :  0.046 0.030 0.224 0.038 0.004 0.006 0.010 0.027 0.009 0.562 0.039 0.005 
 20    ZFB20    (0)    1 :  0.005 0.006 0.010 0.008 0.005 0.002 0.004 0.005 0.025 0.907 0.006 0.016 
 21    ZFB21    (0)    1 :  0.006 0.002 0.003 0.003 0.003 0.003 0.002 0.003 0.007 0.956 0.007 0.006 
 22    ZFB22    (0)    1 :  0.007 0.007 0.011 0.010 0.006 0.002 0.008 0.008 0.019 0.893 0.005 0.023 
 23    ZFB23    (0)    1 :  0.004 0.004 0.005 0.003 0.004 0.003 0.002 0.003 0.005 0.950 0.003 0.013 
 24    ZFB24    (0)    1 :  0.004 0.004 0.004 0.003 0.004 0.002 0.002 0.003 0.009 0.945 0.004 0.016 
 25    ZFB25    (0)    1 :  0.003 0.009 0.004 0.003 0.003 0.003 0.003 0.006 0.003 0.956 0.004 0.005 
 26    ZFB26    (0)    1 :  0.004 0.008 0.004 0.003 0.004 0.003 0.003 0.005 0.007 0.926 0.004 0.029 
 27    ZFB27    (0)    1 :  0.004 0.004 0.004 0.002 0.004 0.002 0.002 0.003 0.006 0.909 0.004 0.056 
 28    ZFB28    (0)    1 :  0.021 0.005 0.015 0.010 0.007 0.004 0.003 0.005 0.014 0.790 0.005 0.122 
 29    ZFB29    (0)    1 :  0.004 0.003 0.005 0.003 0.005 0.002 0.002 0.002 0.009 0.953 0.005 0.008 
 30    ZFB30    (0)    1 :  0.082 0.004 0.011 0.015 0.003 0.007 0.012 0.005 0.007 0.634 0.018 0.202 
 31    ZFB31    (0)    1 :  0.004 0.008 0.007 0.003 0.004 0.003 0.003 0.005 0.004 0.946 0.006 0.006 
 32    ZFB32    (0)    1 :  0.028 0.009 0.020 0.029 0.025 0.006 0.004 0.007 0.017 0.790 0.007 0.055 
 33    ZFB33    (0)    1 :  0.003 0.003 0.004 0.002 0.003 0.002 0.002 0.002 0.009 0.961 0.005 0.005 
 34    ZFB34    (0)    1 :  0.004 0.004 0.005 0.004 0.006 0.003 0.003 0.003 0.005 0.945 0.015 0.003 
 35    ZFB35    (0)    1 :  0.005 0.004 0.004 0.004 0.005 0.004 0.003 0.004 0.011 0.938 0.012 0.005 
 36  ZFBP101    (0)    2 :  0.008 0.174 0.015 0.014 0.074 0.014 0.037 0.634 0.013 0.011 0.005 0.003 
 37  ZFBP102    (0)    2 :  0.009 0.169 0.013 0.009 0.016 0.004 0.011 0.729 0.017 0.015 0.006 0.003 
 38  ZFBP103    (0)    2 :  0.007 0.058 0.013 0.007 0.093 0.017 0.010 0.773 0.009 0.008 0.004 0.003 
 39  ZFBP104    (0)    2 :  0.013 0.291 0.016 0.028 0.004 0.008 0.006 0.586 0.009 0.016 0.021 0.003 
 40  ZFBP105    (0)    2 :  0.005 0.697 0.007 0.007 0.005 0.009 0.005 0.245 0.005 0.006 0.006 0.005 
 41  ZFBP106    (0)    2 :  0.004 0.741 0.004 0.005 0.008 0.019 0.009 0.197 0.003 0.003 0.004 0.003 
 42  ZFBP107    (0)    2 :  0.014 0.428 0.008 0.007 0.008 0.014 0.004 0.470 0.006 0.007 0.005 0.029 
 43  ZFBP108    (0)    2 :  0.003 0.957 0.003 0.003 0.003 0.006 0.004 0.010 0.003 0.003 0.003 0.003 
 44  ZFBP109    (0)    2 :  0.004 0.849 0.088 0.004 0.004 0.005 0.005 0.030 0.002 0.003 0.004 0.002 
 45  ZFBP110    (0)    2 :  0.018 0.235 0.111 0.010 0.025 0.064 0.006 0.465 0.009 0.044 0.010 0.003 
 46  ZFBP111    (0)    2 :  0.004 0.271 0.004 0.011 0.004 0.009 0.098 0.588 0.003 0.002 0.003 0.003 
 47  ZFBP112    (0)    2 :  0.005 0.855 0.008 0.008 0.019 0.013 0.048 0.028 0.004 0.003 0.004 0.006 
 48  ZFBP113    (0)    2 :  0.004 0.948 0.004 0.006 0.003 0.004 0.004 0.013 0.003 0.003 0.004 0.004 
 49  ZFBP114    (0)    2 :  0.012 0.587 0.008 0.003 0.009 0.004 0.011 0.342 0.004 0.003 0.004 0.013 
 50  ZFBP115    (0)    2 :  0.004 0.092 0.004 0.007 0.008 0.015 0.010 0.848 0.003 0.002 0.002 0.003 
 51  ZFBP116    (0)    2 :  0.005 0.917 0.005 0.008 0.004 0.005 0.005 0.038 0.003 0.003 0.003 0.004 
 52  ZFBP117    (0)    2 :  0.003 0.943 0.005 0.004 0.007 0.006 0.007 0.015 0.002 0.003 0.003 0.002 
 53  ZFBP118    (0)    2 :  0.014 0.790 0.007 0.003 0.006 0.004 0.019 0.135 0.004 0.004 0.003 0.013 
 54  ZFBP119    (0)    2 :  0.004 0.500 0.009 0.012 0.028 0.016 0.018 0.400 0.003 0.003 0.004 0.002 
 55  ZFBP120    (0)    2 :  0.006 0.667 0.005 0.008 0.004 0.012 0.005 0.272 0.005 0.005 0.006 0.004 
 56  ZFBP121    (0)    2 :  0.004 0.916 0.005 0.004 0.007 0.008 0.005 0.036 0.003 0.004 0.005 0.003 
 57  ZFBP122    (9)    2 :  0.003 0.839 0.004 0.007 0.005 0.006 0.010 0.112 0.003 0.003 0.003 0.003 
 58  ZFBP123    (0)    2 :  0.004 0.913 0.007 0.009 0.011 0.006 0.014 0.017 0.004 0.003 0.004 0.007 
 59  ZFBP124    (0)    2 :  0.003 0.943 0.004 0.004 0.004 0.004 0.004 0.015 0.003 0.004 0.007 0.004 
 60  ZFBP125    (0)    2 :  0.003 0.918 0.004 0.004 0.006 0.009 0.014 0.034 0.002 0.002 0.002 0.002 
 61  ZFBP126    (0)    2 :  0.013 0.705 0.027 0.021 0.023 0.003 0.006 0.168 0.016 0.011 0.005 0.003 
 62  ZFBP127    (0)    2 :  0.005 0.666 0.008 0.003 0.021 0.091 0.005 0.189 0.003 0.003 0.004 0.003 
 63  ZFBP128    (0)    2 :  0.002 0.876 0.005 0.004 0.018 0.017 0.031 0.036 0.002 0.004 0.004 0.002 
 64  ZFBP129    (0)    2 :  0.005 0.812 0.013 0.004 0.007 0.007 0.127 0.009 0.003 0.004 0.006 0.003 
 65  ZFBP130    (0)    2 :  0.003 0.815 0.006 0.007 0.027 0.013 0.071 0.047 0.002 0.002 0.002 0.004 
 66  ZFBP131    (0)    2 :  0.004 0.958 0.004 0.005 0.003 0.003 0.004 0.005 0.004 0.003 0.004 0.004 
 67  ZFBP132    (0)    2 :  0.003 0.944 0.004 0.003 0.003 0.013 0.003 0.014 0.002 0.004 0.003 0.003 
 68  ZFBP133    (0)    2 :  0.002 0.883 0.004 0.006 0.006 0.003 0.079 0.007 0.002 0.002 0.004 0.002 
 69  ZFBP134    (0)    2 :  0.003 0.051 0.005 0.009 0.010 0.006 0.010 0.894 0.003 0.003 0.003 0.003 
 70  ZFBP135    (0)    2 :  0.007 0.460 0.040 0.006 0.224 0.019 0.016 0.193 0.008 0.017 0.007 0.002 
 71  ZFBP136    (0)    2 :  0.005 0.538 0.009 0.009 0.127 0.018 0.056 0.214 0.005 0.004 0.004 0.013 
 72  ZFBP201    (0)    3 :  0.006 0.928 0.007 0.007 0.005 0.010 0.004 0.013 0.004 0.004 0.005 0.008 
 73  ZFBP202    (0)    3 :  0.004 0.920 0.005 0.005 0.004 0.008 0.007 0.030 0.003 0.005 0.007 0.003 
 74  ZFBP203    (0)    3 :  0.026 0.810 0.016 0.026 0.005 0.005 0.013 0.022 0.018 0.005 0.005 0.050 
 75  ZFBP204    (0)    3 :  0.005 0.698 0.008 0.009 0.018 0.017 0.018 0.209 0.004 0.004 0.004 0.006 
 76  ZFBP205    (0)    3 :  0.003 0.947 0.004 0.005 0.007 0.003 0.010 0.007 0.004 0.002 0.003 0.005 
 77  ZFBP206    (0)    3 :  0.004 0.906 0.006 0.012 0.011 0.005 0.028 0.008 0.006 0.003 0.006 0.006 
 78  ZFBP207    (0)    3 :  0.003 0.626 0.010 0.004 0.011 0.081 0.007 0.242 0.003 0.003 0.004 0.004 
 79  ZFBP208    (0)    3 :  0.006 0.923 0.007 0.013 0.005 0.003 0.008 0.009 0.006 0.003 0.004 0.013 
 80  ZFBP209    (0)    3 :  0.002 0.904 0.005 0.005 0.008 0.003 0.055 0.009 0.002 0.002 0.003 0.002 
 81  ZFBP210    (0)    3 :  0.005 0.915 0.007 0.012 0.004 0.010 0.009 0.016 0.005 0.004 0.004 0.009 
 82  ZFBP211    (0)    3 :  0.004 0.939 0.005 0.005 0.005 0.009 0.004 0.012 0.003 0.005 0.006 0.003 
 83  ZFBP212    (0)    3 :  0.003 0.660 0.004 0.003 0.003 0.033 0.005 0.273 0.003 0.007 0.004 0.003 
 84  ZFBP213    (0)    3 :  0.005 0.907 0.006 0.011 0.012 0.010 0.011 0.009 0.005 0.005 0.015 0.004 
 85  ZFBP214    (0)    3 :  0.008 0.721 0.020 0.040 0.039 0.034 0.076 0.031 0.004 0.006 0.017 0.004 
 86  ZFBP215    (0)    3 :  0.003 0.951 0.004 0.004 0.005 0.006 0.006 0.009 0.002 0.003 0.004 0.003 
 87  ZFBP216    (0)    3 :  0.009 0.738 0.009 0.030 0.004 0.005 0.006 0.176 0.006 0.004 0.004 0.008 
 88  ZFBP217    (0)    3 :  0.006 0.633 0.012 0.024 0.006 0.044 0.164 0.091 0.003 0.007 0.006 0.004 
 89  ZFBP218    (0)    3 :  0.003 0.948 0.004 0.006 0.003 0.003 0.010 0.013 0.002 0.002 0.003 0.003 
 90  ZFBP219    (0)    3 :  0.004 0.951 0.004 0.006 0.003 0.003 0.004 0.013 0.003 0.002 0.003 0.004 
 91  ZFBP220    (0)    3 :  0.004 0.579 0.005 0.007 0.017 0.015 0.037 0.325 0.003 0.003 0.002 0.003 
 92  ZFBP221    (0)    3 :  0.003 0.458 0.004 0.005 0.003 0.007 0.008 0.498 0.002 0.004 0.004 0.004 
 93  ZFBP222    (0)    3 :  0.004 0.946 0.006 0.006 0.007 0.003 0.007 0.006 0.004 0.004 0.005 0.004 
 94  ZFBP223    (0)    3 :  0.006 0.598 0.011 0.005 0.008 0.189 0.008 0.152 0.004 0.008 0.005 0.006 
 95  ZFBP224    (0)    3 :  0.005 0.937 0.005 0.007 0.006 0.005 0.005 0.013 0.003 0.003 0.007 0.004 
 96  ZFBP225    (0)    3 :  0.007 0.201 0.010 0.014 0.014 0.017 0.206 0.509 0.006 0.003 0.003 0.011 
 97  ZFBP226    (0)    3 :  0.004 0.926 0.004 0.006 0.004 0.005 0.004 0.032 0.004 0.003 0.003 0.005 
 98  ZFBP227    (0)    3 :  0.025 0.376 0.017 0.122 0.005 0.007 0.006 0.401 0.011 0.009 0.017 0.004 
 99  ZFBP228    (0)    3 :  0.004 0.281 0.006 0.004 0.015 0.047 0.007 0.623 0.003 0.004 0.005 0.002 
100  ZFBP229    (0)    3 :  0.003 0.857 0.006 0.006 0.006 0.004 0.021 0.085 0.003 0.002 0.003 0.003 
101  ZFBP230    (0)    3 :  0.004 0.475 0.008 0.009 0.020 0.011 0.029 0.432 0.003 0.003 0.003 0.003 
102  ZFBP231    (0)    3 :  0.005 0.942 0.005 0.005 0.005 0.006 0.004 0.011 0.003 0.004 0.005 0.004 
103  ZFBP232    (0)    3 :  0.002 0.953 0.004 0.004 0.004 0.004 0.006 0.011 0.003 0.003 0.003 0.003 
104  ZFBP233    (0)    3 :  0.004 0.907 0.009 0.011 0.005 0.006 0.014 0.024 0.004 0.005 0.007 0.004 
105   ZFCC01    (0)    4 :  0.003 0.004 0.004 0.004 0.938 0.005 0.004 0.003 0.006 0.005 0.019 0.003 
106   ZFCC03    (0)    4 :  0.003 0.004 0.003 0.003 0.952 0.010 0.005 0.003 0.003 0.003 0.008 0.003 
107   ZFCC04    (0)    4 :  0.003 0.004 0.004 0.004 0.954 0.005 0.006 0.003 0.004 0.003 0.006 0.003 
108   ZFCC05    (0)    4 :  0.005 0.005 0.004 0.007 0.934 0.012 0.006 0.005 0.004 0.005 0.009 0.004 
109   ZFCC08    (0)    4 :  0.003 0.011 0.004 0.006 0.934 0.005 0.013 0.007 0.003 0.002 0.010 0.002 
110   ZFCC09    (0)    4 :  0.003 0.004 0.003 0.003 0.949 0.008 0.003 0.004 0.004 0.003 0.014 0.003 
111   ZFCC10    (0)    4 :  0.004 0.005 0.005 0.004 0.915 0.004 0.004 0.003 0.004 0.003 0.047 0.003 
112   ZFCC11    (0)    4 :  0.004 0.005 0.004 0.004 0.945 0.009 0.004 0.004 0.003 0.004 0.012 0.003 
113   ZFCC12    (0)    4 :  0.011 0.005 0.024 0.006 0.798 0.007 0.005 0.007 0.106 0.007 0.019 0.004 
114   ZFCC13    (0)    4 :  0.006 0.008 0.005 0.012 0.921 0.008 0.007 0.011 0.005 0.003 0.004 0.010 
115   ZFCC14    (0)    4 :  0.005 0.010 0.008 0.003 0.932 0.004 0.007 0.004 0.004 0.008 0.009 0.005 
116   ZFCC15    (0)    4 :  0.005 0.003 0.005 0.010 0.944 0.005 0.004 0.004 0.005 0.003 0.005 0.005 
117   ZFCC16    (0)    4 :  0.004 0.003 0.005 0.005 0.954 0.004 0.005 0.003 0.005 0.004 0.006 0.003 
118   ZFCC17    (0)    4 :  0.004 0.003 0.004 0.004 0.949 0.005 0.003 0.003 0.008 0.005 0.006 0.006 
119   ZFCC18    (0)    4 :  0.004 0.004 0.004 0.004 0.947 0.007 0.006 0.004 0.004 0.003 0.010 0.003 
120   ZFCC19    (0)    4 :  0.005 0.003 0.007 0.007 0.948 0.003 0.003 0.003 0.005 0.005 0.003 0.007 
121   ZFCC20    (0)    4 :  0.003 0.003 0.004 0.007 0.952 0.007 0.005 0.005 0.004 0.004 0.004 0.002 
122   ZFCC21    (0)    4 :  0.005 0.030 0.038 0.037 0.821 0.003 0.030 0.013 0.004 0.005 0.007 0.007 
123   ZFCC22    (0)    4 :  0.003 0.153 0.006 0.008 0.684 0.006 0.042 0.069 0.003 0.003 0.018 0.006 
124   ZFCC26    (0)    4 :  0.003 0.003 0.004 0.005 0.956 0.005 0.004 0.003 0.004 0.004 0.006 0.003 
125   ZFCC27    (0)    4 :  0.003 0.003 0.003 0.003 0.961 0.007 0.003 0.003 0.003 0.003 0.004 0.003 
126   ZFCC29    (0)    4 :  0.004 0.004 0.008 0.008 0.940 0.004 0.005 0.004 0.006 0.008 0.006 0.003 
127   ZFCC30    (0)    4 :  0.003 0.003 0.003 0.004 0.955 0.011 0.005 0.004 0.003 0.003 0.004 0.003 
128   ZFCC32    (0)    4 :  0.005 0.004 0.004 0.012 0.934 0.005 0.005 0.006 0.007 0.003 0.009 0.006 
129   ZFCC33    (0)    4 :  0.007 0.003 0.005 0.004 0.949 0.007 0.003 0.003 0.004 0.007 0.004 0.004 
130   ZFCC34    (0)    4 :  0.005 0.044 0.010 0.006 0.774 0.046 0.016 0.035 0.021 0.021 0.013 0.007 
131   ZFCC35    (0)    4 :  0.003 0.004 0.003 0.004 0.963 0.003 0.004 0.004 0.002 0.002 0.005 0.003 
132   ZFCC36    (0)    4 :  0.005 0.008 0.007 0.015 0.915 0.004 0.010 0.007 0.007 0.004 0.004 0.015 
133   ZFCC37    (0)    4 :  0.013 0.008 0.038 0.010 0.787 0.007 0.007 0.010 0.077 0.007 0.033 0.004 
134   ZFCC40    (0)    4 :  0.003 0.006 0.005 0.002 0.948 0.003 0.003 0.004 0.004 0.004 0.009 0.008 
135   ZFCC42    (0)    4 :  0.033 0.006 0.035 0.006 0.393 0.081 0.009 0.013 0.251 0.032 0.007 0.134 
136   ZFCC44    (0)    4 :  0.004 0.003 0.003 0.003 0.959 0.010 0.003 0.003 0.002 0.003 0.003 0.005 
137   ZFCC45    (9)    4 :  0.016 0.005 0.009 0.007 0.903 0.007 0.003 0.005 0.009 0.007 0.017 0.013 
138   ZFCC46    (0)    4 :  0.003 0.008 0.005 0.005 0.921 0.009 0.024 0.012 0.003 0.004 0.003 0.004 
139   ZFCC47    (0)    4 :  0.005 0.005 0.009 0.006 0.871 0.005 0.007 0.006 0.051 0.005 0.027 0.003 
140   ZFCC48    (0)    4 :  0.003 0.023 0.013 0.009 0.898 0.003 0.025 0.009 0.003 0.004 0.005 0.003 
141   ZFCC50    (0)    4 :  0.003 0.003 0.003 0.004 0.961 0.003 0.003 0.003 0.005 0.004 0.004 0.003 
142   ZFCC51    (0)    4 :  0.003 0.003 0.004 0.003 0.955 0.011 0.004 0.004 0.003 0.004 0.006 0.002 
143   ZFCC52    (0)    4 :  0.003 0.008 0.005 0.005 0.940 0.005 0.008 0.007 0.005 0.004 0.004 0.005 
144   ZFCC53    (0)    4 :  0.003 0.003 0.003 0.003 0.962 0.006 0.003 0.003 0.003 0.003 0.005 0.003 
145  ZFCNS01    (0)    5 :  0.034 0.006 0.009 0.045 0.005 0.832 0.003 0.026 0.010 0.002 0.003 0.028 
146  ZFCNS02    (0)    5 :  0.003 0.003 0.002 0.003 0.005 0.967 0.004 0.004 0.002 0.002 0.002 0.002 
147  ZFCNS05    (0)    5 :  0.003 0.006 0.003 0.005 0.006 0.949 0.005 0.007 0.003 0.004 0.005 0.002 
148  ZFCNS06    (0)    5 :  0.003 0.004 0.003 0.003 0.004 0.965 0.004 0.004 0.002 0.003 0.003 0.002 
149  ZFCNS07    (0)    5 :  0.003 0.006 0.003 0.003 0.003 0.955 0.010 0.007 0.002 0.003 0.003 0.002 
150  ZFCNS10    (0)    5 :  0.003 0.007 0.003 0.003 0.004 0.949 0.005 0.014 0.002 0.003 0.003 0.005 
151  ZFCNS11    (0)    5 :  0.015 0.005 0.006 0.023 0.007 0.904 0.004 0.014 0.007 0.002 0.003 0.011 
152  ZFCNS15    (0)    5 :  0.004 0.014 0.004 0.004 0.003 0.918 0.007 0.035 0.003 0.003 0.003 0.002 
153  ZFCNS17    (0)    5 :  0.003 0.004 0.003 0.003 0.005 0.966 0.003 0.004 0.002 0.003 0.003 0.002 
154  ZFCNS18    (0)    5 :  0.003 0.007 0.003 0.002 0.005 0.949 0.004 0.014 0.002 0.003 0.003 0.004 
155  ZFCNS19    (0)    5 :  0.003 0.003 0.002 0.003 0.004 0.968 0.003 0.004 0.002 0.003 0.003 0.002 
156  ZFCNS20    (0)    5 :  0.003 0.012 0.004 0.004 0.005 0.934 0.014 0.013 0.003 0.003 0.003 0.003 
157  ZFCNS21    (0)    5 :  0.003 0.003 0.002 0.003 0.004 0.970 0.003 0.004 0.002 0.002 0.002 0.002 
158  ZFCNS22    (0)    5 :  0.004 0.011 0.004 0.005 0.005 0.941 0.005 0.011 0.003 0.005 0.004 0.002 
159  ZFCNS23    (0)    5 :  0.008 0.006 0.008 0.012 0.017 0.897 0.013 0.005 0.011 0.004 0.005 0.013 
160  ZFCNS24    (0)    5 :  0.003 0.006 0.003 0.004 0.009 0.952 0.006 0.008 0.003 0.002 0.003 0.002 
161  ZFCNS25    (0)    5 :  0.003 0.009 0.004 0.004 0.006 0.942 0.010 0.013 0.003 0.002 0.003 0.002 
162  ZFCNS26    (0)    5 :  0.003 0.004 0.003 0.003 0.003 0.965 0.003 0.006 0.002 0.003 0.003 0.002 
163  ZFCNS27    (0)    5 :  0.004 0.021 0.004 0.004 0.004 0.879 0.008 0.065 0.003 0.003 0.003 0.002 
164  ZFCNS28    (0)    5 :  0.003 0.003 0.003 0.003 0.005 0.964 0.004 0.005 0.002 0.003 0.003 0.002 
165  ZFCNS29    (0)    5 :  0.003 0.006 0.004 0.005 0.007 0.951 0.004 0.008 0.003 0.003 0.004 0.002 
166  ZFCNS30    (0)    5 :  0.003 0.004 0.003 0.004 0.006 0.955 0.003 0.007 0.003 0.004 0.005 0.002 
167  ZFCNS31    (0)    5 :  0.003 0.003 0.003 0.003 0.003 0.966 0.004 0.006 0.002 0.003 0.003 0.002 
168  ZFCNS32    (0)    5 :  0.003 0.006 0.003 0.005 0.005 0.951 0.006 0.010 0.003 0.003 0.003 0.002 
169  ZFCNS33    (0)    5 :  0.003 0.003 0.002 0.003 0.003 0.969 0.004 0.004 0.002 0.002 0.003 0.002 
170  ZFCNS34    (0)    5 :  0.003 0.005 0.003 0.005 0.010 0.951 0.004 0.006 0.003 0.003 0.004 0.002 
171  ZFCNS35    (0)    5 :  0.003 0.015 0.010 0.003 0.008 0.893 0.004 0.025 0.003 0.023 0.013 0.002 
172  ZFCNS36    (0)    5 :  0.003 0.006 0.003 0.004 0.012 0.947 0.008 0.007 0.003 0.002 0.003 0.002 
173  ZFCNS37    (0)    5 :  0.011 0.005 0.007 0.004 0.005 0.829 0.010 0.116 0.002 0.003 0.004 0.002 
174  ZFCNS39    (0)    5 :  0.005 0.008 0.006 0.013 0.016 0.896 0.022 0.024 0.002 0.002 0.003 0.005 
175  ZFCNS40    (0)    5 :  0.005 0.006 0.005 0.008 0.030 0.662 0.128 0.145 0.003 0.002 0.003 0.003 
176  ZFCNS41    (0)    5 :  0.009 0.013 0.009 0.010 0.016 0.266 0.005 0.652 0.005 0.005 0.006 0.004 
177  ZFCNS42    (0)    5 :  0.003 0.004 0.002 0.003 0.004 0.966 0.003 0.006 0.002 0.002 0.003 0.002 
178  ZFCNS43    (0)    5 :  0.003 0.003 0.002 0.003 0.004 0.968 0.003 0.004 0.002 0.002 0.003 0.002 
179  ZFCNS44    (0)    5 :  0.003 0.008 0.003 0.002 0.005 0.950 0.003 0.015 0.002 0.003 0.003 0.004 
180  ZFCNS46    (0)    5 :  0.004 0.006 0.004 0.005 0.004 0.953 0.003 0.009 0.003 0.004 0.004 0.002 
181  ZFCNS47    (0)    5 :  0.003 0.003 0.002 0.003 0.004 0.969 0.003 0.004 0.002 0.002 0.003 0.002 
182  ZFCNS48    (0)    5 :  0.003 0.013 0.004 0.005 0.007 0.921 0.005 0.028 0.003 0.004 0.003 0.004 
183  ZFCNS49    (0)    5 :  0.003 0.012 0.003 0.002 0.003 0.911 0.004 0.049 0.002 0.004 0.003 0.004 
184   ZFCR01    (0)    6 :  0.076 0.010 0.809 0.004 0.007 0.002 0.007 0.004 0.021 0.010 0.044 0.007 
185   ZFCR02    (0)    6 :  0.010 0.007 0.905 0.005 0.015 0.005 0.006 0.004 0.008 0.023 0.005 0.008 
186   ZFCR03    (0)    6 :  0.009 0.014 0.839 0.015 0.019 0.003 0.009 0.006 0.032 0.024 0.015 0.016 
187   ZFCR04    (0)    6 :  0.038 0.012 0.644 0.011 0.012 0.008 0.014 0.015 0.015 0.151 0.061 0.020 
188   ZFCR05    (0)    6 :  0.037 0.004 0.811 0.033 0.013 0.002 0.003 0.003 0.011 0.026 0.048 0.009 
189   ZFCR06    (0)    6 :  0.020 0.017 0.827 0.006 0.013 0.040 0.008 0.021 0.008 0.021 0.016 0.003 
190   ZFCR07    (0)    6 :  0.127 0.009 0.560 0.112 0.020 0.060 0.004 0.036 0.016 0.038 0.012 0.006 
191   ZFCR08    (0)    6 :  0.244 0.019 0.470 0.007 0.082 0.004 0.025 0.013 0.026 0.016 0.065 0.030 
192   ZFCR09    (0)    6 :  0.021 0.067 0.427 0.018 0.028 0.012 0.018 0.071 0.183 0.089 0.015 0.051 
193   ZFCR11    (0)    6 :  0.025 0.009 0.845 0.019 0.006 0.008 0.002 0.016 0.014 0.026 0.026 0.005 
194   ZFCR12    (0)    6 :  0.007 0.008 0.855 0.011 0.008 0.055 0.013 0.029 0.003 0.005 0.004 0.003 
195   ZFCR13    (0)    6 :  0.192 0.055 0.510 0.187 0.006 0.006 0.004 0.010 0.003 0.018 0.006 0.003 
196   ZFCR14    (0)    6 :  0.017 0.006 0.871 0.040 0.008 0.005 0.009 0.007 0.004 0.017 0.011 0.005 
197   ZFCR15    (0)    6 :  0.038 0.012 0.830 0.016 0.009 0.004 0.021 0.009 0.006 0.033 0.016 0.007 
198   ZFCR16    (0)    6 :  0.017 0.009 0.903 0.008 0.006 0.003 0.011 0.005 0.005 0.023 0.008 0.003 
199   ZFCR18    (0)    6 :  0.024 0.021 0.295 0.007 0.033 0.010 0.012 0.011 0.005 0.570 0.009 0.004 
200   ZFCR19    (0)    6 :  0.006 0.011 0.852 0.008 0.009 0.005 0.029 0.008 0.037 0.024 0.006 0.004 
201   ZFCR20    (0)    6 :  0.025 0.047 0.692 0.064 0.011 0.005 0.009 0.009 0.044 0.036 0.055 0.004 
202   ZFCR21    (0)    6 :  0.014 0.005 0.911 0.025 0.011 0.003 0.009 0.006 0.004 0.006 0.005 0.003 
203   ZFCR22    (0)    6 :  0.010 0.006 0.879 0.061 0.005 0.003 0.012 0.005 0.006 0.009 0.002 0.003 
204   ZFCR23    (0)    6 :  0.060 0.034 0.780 0.029 0.003 0.004 0.004 0.029 0.009 0.012 0.004 0.032 
205   ZFCR24    (9)    6 :  0.081 0.487 0.141 0.098 0.008 0.004 0.007 0.013 0.049 0.078 0.029 0.005 
206   ZFCR25    (0)    6 :  0.033 0.004 0.889 0.018 0.005 0.003 0.003 0.005 0.014 0.011 0.013 0.002 
207   ZFCR26    (0)    6 :  0.014 0.013 0.602 0.244 0.015 0.005 0.017 0.009 0.063 0.005 0.011 0.004 
208   ZFCR27    (9)    6 :  0.590 0.004 0.251 0.025 0.006 0.003 0.003 0.003 0.063 0.017 0.031 0.003 
209   ZFCR28    (0)    6 :  0.065 0.044 0.789 0.005 0.009 0.018 0.037 0.014 0.004 0.004 0.006 0.006 
210   ZFCR29    (0)    6 :  0.007 0.006 0.852 0.059 0.005 0.002 0.005 0.004 0.011 0.033 0.012 0.004 
211   ZFCR30    (0)    6 :  0.018 0.005 0.861 0.058 0.006 0.007 0.006 0.008 0.009 0.008 0.008 0.005 
212   ZFCR31    (0)    6 :  0.015 0.060 0.527 0.025 0.013 0.040 0.015 0.068 0.077 0.132 0.015 0.012 
213   ZFCR33    (0)    6 :  0.596 0.009 0.198 0.023 0.034 0.007 0.011 0.016 0.017 0.006 0.062 0.022 
214   ZFCR34    (0)    6 :  0.029 0.013 0.614 0.173 0.012 0.007 0.008 0.020 0.008 0.099 0.005 0.012 
215   ZFCR35    (0)    6 :  0.027 0.006 0.392 0.010 0.016 0.007 0.007 0.008 0.011 0.498 0.011 0.008 
216   ZFCR36    (0)    6 :  0.013 0.006 0.834 0.025 0.006 0.012 0.004 0.006 0.010 0.064 0.007 0.013 
217   ZFCR37    (0)    6 :  0.104 0.004 0.045 0.603 0.055 0.004 0.004 0.004 0.050 0.050 0.059 0.021 
218   ZFCR38    (0)    6 :  0.493 0.007 0.285 0.034 0.034 0.007 0.013 0.009 0.045 0.008 0.055 0.008 
219   ZFCR39    (0)    6 :  0.082 0.025 0.588 0.007 0.057 0.003 0.017 0.010 0.021 0.017 0.008 0.164 
220   ZFCR40    (0)    6 :  0.131 0.008 0.757 0.011 0.015 0.004 0.004 0.010 0.012 0.012 0.012 0.023 
221   ZFCR41    (0)    6 :  0.009 0.005 0.872 0.015 0.019 0.009 0.011 0.040 0.003 0.006 0.007 0.003 
222   ZFCR42    (0)    6 :  0.113 0.021 0.670 0.057 0.040 0.015 0.021 0.024 0.010 0.006 0.009 0.014 
223   ZFCR43    (0)    6 :  0.011 0.016 0.900 0.009 0.004 0.005 0.004 0.005 0.005 0.029 0.009 0.004 
224  ZFENP25    (0)    7 :  0.818 0.012 0.064 0.006 0.020 0.003 0.013 0.005 0.005 0.005 0.046 0.005 
225  ZFENP26    (0)    7 :  0.925 0.003 0.032 0.003 0.004 0.003 0.003 0.004 0.006 0.006 0.005 0.007 
226  ZFENP27    (0)    7 :  0.254 0.015 0.314 0.005 0.252 0.040 0.012 0.023 0.027 0.014 0.028 0.016 
227  ZFENP28    (0)    7 :  0.896 0.004 0.014 0.008 0.010 0.009 0.005 0.005 0.014 0.009 0.018 0.008 
228  ZFENP29    (0)    7 :  0.823 0.004 0.124 0.009 0.010 0.004 0.003 0.004 0.005 0.004 0.005 0.006 
229  ZFENP30    (0)    7 :  0.850 0.005 0.018 0.013 0.058 0.010 0.007 0.005 0.010 0.007 0.007 0.011 
230  ZFENP31    (0)    7 :  0.528 0.009 0.031 0.019 0.064 0.009 0.006 0.007 0.060 0.033 0.031 0.204 
231  ZFENP32    (0)    7 :  0.274 0.018 0.199 0.016 0.025 0.027 0.008 0.021 0.040 0.237 0.025 0.110 
232  ZFENP33    (0)    7 :  0.857 0.007 0.019 0.032 0.007 0.005 0.003 0.007 0.013 0.011 0.033 0.006 
233  ZFENP34    (0)    7 :  0.316 0.007 0.029 0.007 0.037 0.013 0.005 0.007 0.030 0.028 0.512 0.007 
234  ZFENP35    (0)    7 :  0.822 0.009 0.009 0.008 0.005 0.012 0.006 0.021 0.005 0.016 0.007 0.080 
235  ZFENP36    (0)    7 :  0.919 0.003 0.011 0.007 0.003 0.013 0.002 0.004 0.010 0.011 0.005 0.012 
236  ZFENP37    (0)    7 :  0.416 0.007 0.011 0.030 0.008 0.008 0.003 0.008 0.009 0.015 0.394 0.091 
237  ZFENP38    (0)    7 :  0.448 0.005 0.014 0.411 0.019 0.014 0.004 0.008 0.019 0.009 0.026 0.022 
238  ZFENP39    (0)    7 :  0.818 0.004 0.078 0.011 0.013 0.005 0.003 0.004 0.010 0.014 0.027 0.014 
239  ZFENP40    (0)    7 :  0.767 0.008 0.104 0.007 0.009 0.006 0.004 0.006 0.016 0.017 0.019 0.037 
240  ZFENP41    (0)    7 :  0.503 0.006 0.330 0.006 0.056 0.009 0.007 0.006 0.006 0.017 0.016 0.037 
241  ZFENP42    (0)    7 :  0.619 0.003 0.047 0.054 0.007 0.003 0.005 0.005 0.007 0.004 0.004 0.242 
242  ZFENP43    (0)    7 :  0.698 0.007 0.028 0.070 0.033 0.052 0.005 0.033 0.023 0.006 0.030 0.014 
243  ZFENP44    (0)    7 :  0.723 0.008 0.019 0.045 0.021 0.013 0.003 0.017 0.013 0.005 0.023 0.109 
244  ZFENP45    (0)    7 :  0.363 0.028 0.118 0.037 0.018 0.010 0.289 0.018 0.012 0.008 0.010 0.088 
245  ZFENP46    (0)    7 :  0.815 0.014 0.021 0.050 0.003 0.007 0.005 0.021 0.014 0.008 0.028 0.014 
246  ZFENP47    (0)    7 :  0.196 0.012 0.332 0.005 0.090 0.003 0.083 0.005 0.022 0.065 0.010 0.179 
247  ZFENP48    (0)    7 :  0.178 0.029 0.090 0.021 0.083 0.012 0.022 0.011 0.040 0.016 0.482 0.017 
248  ZFENP49    (0)    7 :  0.356 0.016 0.489 0.015 0.023 0.006 0.015 0.008 0.030 0.031 0.005 0.005 
249  ZFENP50    (0)    7 :  0.651 0.052 0.091 0.081 0.004 0.004 0.011 0.026 0.023 0.007 0.006 0.044 
250  ZFENP51    (0)    7 :  0.423 0.003 0.076 0.013 0.010 0.006 0.045 0.004 0.360 0.020 0.011 0.028 
251  ZFENP52    (0)    7 :  0.914 0.004 0.010 0.012 0.009 0.012 0.004 0.015 0.005 0.003 0.003 0.008 
252  ZFENP53    (0)    7 :  0.772 0.040 0.046 0.025 0.009 0.010 0.029 0.025 0.010 0.007 0.008 0.020 
253  ZFENP54    (0)    7 :  0.140 0.024 0.741 0.016 0.016 0.005 0.006 0.013 0.007 0.015 0.008 0.008 
254  ZFENP55    (0)    7 :  0.268 0.005 0.042 0.557 0.004 0.004 0.004 0.005 0.030 0.043 0.027 0.012 
255  ZFENP56    (0)    7 :  0.862 0.003 0.009 0.053 0.007 0.009 0.005 0.007 0.019 0.011 0.009 0.005 
256  ZFENP57    (0)    7 :  0.548 0.004 0.285 0.020 0.005 0.014 0.002 0.007 0.017 0.015 0.023 0.060 
257  ZFENP58    (0)    7 :  0.141 0.007 0.687 0.023 0.049 0.011 0.036 0.010 0.015 0.012 0.005 0.005 
258  ZFENP59    (0)    7 :  0.797 0.005 0.045 0.008 0.075 0.005 0.004 0.005 0.007 0.015 0.010 0.025 
259  ZFENP60    (0)    7 :  0.697 0.011 0.131 0.016 0.010 0.007 0.013 0.009 0.014 0.035 0.037 0.019 
260  ZFENP61    (0)    7 :  0.847 0.004 0.055 0.010 0.016 0.004 0.003 0.004 0.007 0.021 0.022 0.007 
261 ZFFDSP01    (0)    8 :  0.003 0.806 0.005 0.007 0.005 0.016 0.023 0.120 0.003 0.005 0.006 0.003 
262 ZFFDSP02    (0)    8 :  0.003 0.950 0.005 0.004 0.004 0.004 0.006 0.014 0.002 0.003 0.003 0.002 
263 ZFFDSP04    (0)    8 :  0.002 0.942 0.004 0.005 0.004 0.003 0.013 0.014 0.002 0.004 0.004 0.002 
264 ZFFDSP05    (0)    8 :  0.003 0.507 0.005 0.007 0.004 0.005 0.009 0.445 0.003 0.004 0.003 0.003 
265 ZFFDSP06    (0)    8 :  0.002 0.945 0.004 0.005 0.006 0.003 0.010 0.014 0.002 0.003 0.004 0.002 
266 ZFFDSP07    (0)    8 :  0.004 0.918 0.008 0.007 0.014 0.004 0.023 0.007 0.004 0.002 0.004 0.005 
267 ZFFDSP08    (0)    8 :  0.004 0.837 0.005 0.010 0.015 0.011 0.065 0.040 0.004 0.003 0.003 0.004 
268 ZFFDSP10    (0)    8 :  0.004 0.915 0.005 0.006 0.004 0.005 0.011 0.036 0.003 0.004 0.004 0.003 
269 ZFFDSP11    (0)    8 :  0.003 0.904 0.005 0.009 0.004 0.003 0.007 0.050 0.003 0.005 0.004 0.003 
270 ZFFDSP12    (0)    8 :  0.003 0.949 0.003 0.003 0.004 0.004 0.008 0.016 0.003 0.002 0.003 0.003 
271 ZFFDSP13    (0)    8 :  0.004 0.030 0.005 0.007 0.008 0.010 0.005 0.916 0.003 0.003 0.004 0.004 
272 ZFFDSP14    (0)    8 :  0.003 0.945 0.004 0.006 0.006 0.004 0.014 0.006 0.003 0.002 0.004 0.003 
273 ZFFDSP16    (0)    8 :  0.006 0.908 0.014 0.007 0.006 0.015 0.004 0.020 0.003 0.007 0.007 0.003 
274 ZFFDSP17    (0)    8 :  0.004 0.932 0.005 0.007 0.005 0.004 0.010 0.021 0.002 0.003 0.005 0.002 
275 ZFFDSP18    (0)    8 :  0.003 0.943 0.004 0.004 0.005 0.004 0.011 0.008 0.003 0.005 0.006 0.002 
276 ZFFDSP19    (0)    8 :  0.004 0.733 0.006 0.004 0.023 0.148 0.022 0.045 0.003 0.004 0.008 0.003 
277 ZFFDSP21    (0)    8 :  0.004 0.530 0.007 0.004 0.017 0.078 0.008 0.335 0.002 0.003 0.009 0.003 
278 ZFFDSP22    (0)    8 :  0.003 0.878 0.005 0.006 0.005 0.004 0.074 0.017 0.002 0.002 0.003 0.002 
279 ZFFDSP23    (0)    8 :  0.003 0.632 0.005 0.006 0.005 0.010 0.172 0.157 0.002 0.002 0.004 0.002 
280 ZFFDSP24    (0)    8 :  0.003 0.597 0.005 0.006 0.005 0.013 0.006 0.350 0.003 0.006 0.005 0.002 
281 ZFFDSP26    (9)    8 :  0.003 0.754 0.005 0.005 0.005 0.006 0.014 0.195 0.003 0.004 0.003 0.003 
282 ZFFDSP27    (0)    8 :  0.003 0.924 0.004 0.004 0.004 0.008 0.007 0.032 0.003 0.004 0.005 0.002 
283 ZFFDSP28    (0)    8 :  0.007 0.795 0.015 0.013 0.008 0.005 0.010 0.061 0.019 0.036 0.026 0.006 
284 ZFFDSP30    (0)    8 :  0.004 0.400 0.009 0.010 0.007 0.035 0.010 0.435 0.005 0.068 0.007 0.009 
285 ZFFDSP31    (0)    8 :  0.004 0.935 0.005 0.005 0.005 0.007 0.006 0.016 0.002 0.003 0.009 0.002 
286 ZFFDSP32    (0)    8 :  0.003 0.947 0.004 0.005 0.003 0.005 0.005 0.016 0.002 0.002 0.004 0.003 
287 ZFFDSP33    (0)    8 :  0.003 0.948 0.003 0.003 0.003 0.004 0.005 0.020 0.003 0.003 0.003 0.003 
288 ZFFDSP34    (0)    8 :  0.002 0.938 0.004 0.005 0.007 0.005 0.011 0.016 0.002 0.003 0.003 0.002 
289 ZFFDSP35    (0)    8 :  0.003 0.608 0.005 0.006 0.004 0.006 0.007 0.347 0.002 0.006 0.004 0.002 
290 ZFFDSP37    (0)    8 :  0.003 0.941 0.004 0.004 0.004 0.005 0.004 0.021 0.003 0.003 0.005 0.002 
291 ZFFDSP38    (0)    8 :  0.003 0.949 0.004 0.004 0.004 0.007 0.005 0.011 0.003 0.006 0.004 0.002 
292 ZFFDSP39    (0)    8 :  0.003 0.229 0.004 0.003 0.003 0.007 0.007 0.732 0.002 0.004 0.003 0.002 
293 ZFFDSP40    (0)    8 :  0.003 0.443 0.004 0.004 0.003 0.008 0.005 0.515 0.003 0.005 0.004 0.003 
294 ZFFDSP42    (0)    8 :  0.003 0.808 0.005 0.005 0.005 0.009 0.068 0.084 0.002 0.004 0.004 0.002 
295 ZFFDSP43    (0)    8 :  0.003 0.914 0.004 0.003 0.004 0.009 0.010 0.040 0.002 0.004 0.004 0.002 
296 ZFFDSP44    (0)    8 :  0.003 0.710 0.004 0.005 0.004 0.011 0.006 0.242 0.003 0.005 0.005 0.003 
297 ZFFDSP45    (0)    8 :  0.003 0.918 0.005 0.005 0.005 0.008 0.005 0.038 0.002 0.005 0.004 0.002 
298 ZFFDSP46    (0)    8 :  0.003 0.877 0.006 0.005 0.005 0.009 0.012 0.070 0.002 0.005 0.004 0.002 
299 ZFFDSP47    (0)    8 :  0.003 0.242 0.003 0.005 0.003 0.012 0.011 0.707 0.003 0.004 0.004 0.003 
300 ZFFDSP48    (0)    8 :  0.003 0.288 0.004 0.004 0.004 0.012 0.006 0.666 0.003 0.004 0.004 0.003 
301    ZFI01    (0)    9 :  0.009 0.005 0.016 0.008 0.009 0.009 0.005 0.004 0.111 0.784 0.033 0.007 
302    ZFI02    (0)    9 :  0.006 0.005 0.009 0.006 0.004 0.008 0.004 0.005 0.044 0.886 0.019 0.004 
303    ZFI03    (0)    9 :  0.006 0.003 0.006 0.007 0.006 0.008 0.003 0.005 0.011 0.896 0.047 0.003 
304    ZFI04    (0)    9 :  0.007 0.004 0.005 0.007 0.004 0.006 0.003 0.004 0.108 0.122 0.724 0.006 
305    ZFI05    (0)    9 :  0.007 0.004 0.008 0.005 0.004 0.014 0.003 0.006 0.006 0.932 0.006 0.003 
306    ZFI06    (0)    9 :  0.020 0.014 0.028 0.009 0.004 0.090 0.003 0.030 0.031 0.747 0.023 0.004 
307    ZFI07    (0)    9 :  0.006 0.003 0.005 0.006 0.005 0.005 0.002 0.004 0.008 0.424 0.528 0.004 
308    ZFI08    (0)    9 :  0.011 0.003 0.013 0.012 0.006 0.004 0.003 0.003 0.058 0.765 0.117 0.004 
309    ZFI09    (0)    9 :  0.008 0.004 0.009 0.005 0.004 0.006 0.003 0.004 0.030 0.906 0.018 0.003 
310    ZFI10    (0)    9 :  0.007 0.005 0.006 0.008 0.005 0.056 0.004 0.006 0.024 0.837 0.036 0.007 
311    ZFI11    (0)    9 :  0.008 0.004 0.007 0.006 0.005 0.012 0.003 0.005 0.149 0.729 0.069 0.004 
312    ZFI12    (0)    9 :  0.006 0.004 0.010 0.010 0.008 0.015 0.003 0.005 0.008 0.822 0.106 0.003 
313    ZFI13    (0)    9 :  0.008 0.005 0.009 0.006 0.008 0.006 0.003 0.004 0.008 0.924 0.012 0.008 
314    ZFI14    (0)    9 :  0.004 0.008 0.006 0.004 0.005 0.006 0.003 0.006 0.005 0.941 0.008 0.004 
315    ZFI15    (0)    9 :  0.006 0.003 0.006 0.003 0.004 0.005 0.002 0.003 0.005 0.952 0.007 0.003 
316    ZFI16    (0)    9 :  0.004 0.003 0.005 0.004 0.004 0.006 0.002 0.004 0.004 0.945 0.015 0.002 
317    ZFI17    (0)    9 :  0.009 0.003 0.005 0.006 0.004 0.010 0.003 0.005 0.010 0.891 0.048 0.006 
318    ZFI18    (0)    9 :  0.007 0.003 0.004 0.004 0.003 0.006 0.002 0.003 0.008 0.934 0.019 0.006 
319    ZFI19    (9)    9 :  0.004 0.003 0.004 0.005 0.003 0.005 0.002 0.003 0.005 0.951 0.011 0.003 
320    ZFI20    (0)    9 :  0.004 0.004 0.008 0.005 0.003 0.004 0.003 0.005 0.005 0.947 0.009 0.004 
321    ZFI21    (0)    9 :  0.003 0.006 0.004 0.005 0.003 0.006 0.003 0.009 0.003 0.949 0.005 0.003 
322    ZFI22    (0)    9 :  0.004 0.005 0.010 0.005 0.006 0.004 0.004 0.004 0.026 0.908 0.020 0.003 
323    ZFI23    (0)    9 :  0.006 0.003 0.007 0.006 0.005 0.007 0.003 0.004 0.006 0.918 0.032 0.003 
324    ZFI24    (0)    9 :  0.006 0.004 0.007 0.010 0.007 0.011 0.003 0.005 0.008 0.874 0.061 0.003 
325    ZFI25    (0)    9 :  0.007 0.006 0.008 0.006 0.007 0.006 0.005 0.004 0.010 0.879 0.059 0.003 
326    ZFI26    (0)    9 :  0.007 0.004 0.007 0.007 0.008 0.005 0.003 0.004 0.008 0.874 0.070 0.003 
327    ZFI27    (0)    9 :  0.007 0.005 0.006 0.010 0.006 0.034 0.003 0.007 0.009 0.875 0.036 0.003 
328    ZFK01    (0)    9 :  0.012 0.009 0.008 0.011 0.902 0.013 0.006 0.010 0.013 0.005 0.004 0.007 
329    ZFK02    (0)   10 :  0.012 0.008 0.014 0.016 0.883 0.017 0.007 0.009 0.017 0.008 0.004 0.004 
330    ZFK03    (0)   10 :  0.011 0.009 0.008 0.010 0.888 0.009 0.006 0.008 0.032 0.007 0.006 0.007 
331    ZFK04    (0)   10 :  0.015 0.007 0.016 0.009 0.577 0.020 0.007 0.010 0.314 0.010 0.007 0.009 
332    ZFK05    (0)   10 :  0.012 0.005 0.009 0.006 0.713 0.012 0.004 0.005 0.194 0.008 0.008 0.023 
333    ZFK06    (0)   10 :  0.034 0.006 0.014 0.013 0.842 0.007 0.004 0.006 0.036 0.020 0.012 0.005 
334    ZFK07    (0)   10 :  0.011 0.008 0.008 0.015 0.897 0.007 0.008 0.010 0.015 0.004 0.003 0.012 
335    ZFK08    (0)   10 :  0.030 0.012 0.038 0.080 0.399 0.004 0.008 0.015 0.382 0.013 0.007 0.012 
336    ZFK10    (0)   10 :  0.013 0.007 0.020 0.011 0.769 0.013 0.006 0.008 0.119 0.018 0.009 0.005 
337    ZFK11    (0)   10 :  0.029 0.007 0.008 0.010 0.854 0.007 0.004 0.007 0.032 0.008 0.008 0.025 
338    ZFK12    (0)   10 :  0.011 0.012 0.012 0.043 0.865 0.005 0.013 0.015 0.010 0.004 0.003 0.007 
339    ZFK13    (0)   10 :  0.011 0.038 0.012 0.025 0.793 0.006 0.012 0.043 0.014 0.005 0.003 0.038 
340    ZFK14    (0)   10 :  0.005 0.012 0.005 0.008 0.911 0.008 0.010 0.013 0.008 0.004 0.003 0.014 
341    ZFK15    (0)   10 :  0.018 0.045 0.023 0.020 0.732 0.008 0.008 0.026 0.051 0.008 0.006 0.057 
342    ZFK16    (0)   10 :  0.010 0.018 0.006 0.023 0.872 0.009 0.012 0.020 0.006 0.003 0.004 0.017 
343   ZFLB01    (0)   11 :  0.008 0.023 0.009 0.009 0.004 0.008 0.008 0.026 0.010 0.009 0.007 0.877 
344   ZFLB02    (0)   11 :  0.028 0.003 0.008 0.005 0.002 0.004 0.003 0.005 0.004 0.008 0.032 0.897 
345   ZFLB03    (0)   11 :  0.019 0.004 0.008 0.006 0.004 0.030 0.004 0.005 0.003 0.004 0.006 0.906 
346   ZFLB04    (0)   11 :  0.006 0.019 0.008 0.006 0.009 0.217 0.007 0.027 0.011 0.027 0.012 0.650 
347   ZFLB05    (0)   11 :  0.008 0.011 0.010 0.008 0.004 0.017 0.006 0.022 0.016 0.017 0.008 0.874 
348   ZFLB06    (0)   11 :  0.010 0.014 0.010 0.009 0.015 0.007 0.009 0.011 0.017 0.004 0.005 0.887 
349   ZFLB07    (0)   11 :  0.098 0.017 0.031 0.094 0.016 0.076 0.012 0.036 0.015 0.011 0.011 0.582 
350   ZFLB08    (0)   11 :  0.023 0.005 0.009 0.008 0.004 0.008 0.003 0.006 0.007 0.015 0.038 0.873 
351   ZFLB09    (9)   11 :  0.007 0.005 0.006 0.006 0.007 0.004 0.004 0.004 0.015 0.009 0.008 0.925 
352   ZFLB10    (0)   11 :  0.005 0.003 0.004 0.003 0.004 0.005 0.002 0.004 0.009 0.006 0.004 0.949 
353   ZFLB11    (0)   11 :  0.006 0.004 0.005 0.006 0.008 0.003 0.005 0.004 0.006 0.003 0.003 0.946 
354   ZFLB12    (0)   11 :  0.007 0.003 0.004 0.004 0.005 0.004 0.002 0.003 0.008 0.004 0.006 0.950 
355   ZFLB13    (0)   11 :  0.053 0.014 0.017 0.023 0.014 0.017 0.004 0.025 0.012 0.004 0.018 0.797 
356  ZFLTI01    (0)   12 :  0.004 0.018 0.006 0.007 0.025 0.008 0.010 0.908 0.003 0.004 0.005 0.002 
357  ZFLTI02    (0)   12 :  0.004 0.011 0.006 0.007 0.052 0.028 0.011 0.866 0.002 0.003 0.008 0.002 
358  ZFLTI03    (0)   12 :  0.003 0.008 0.003 0.005 0.009 0.011 0.008 0.940 0.002 0.003 0.005 0.002 
359  ZFLTI04    (0)   12 :  0.005 0.011 0.005 0.009 0.009 0.020 0.005 0.919 0.003 0.005 0.006 0.003 
360  ZFLTI05    (0)   12 :  0.003 0.008 0.003 0.004 0.007 0.016 0.005 0.942 0.002 0.003 0.006 0.002 
361  ZFLTI06    (0)   12 :  0.003 0.009 0.004 0.004 0.007 0.007 0.008 0.946 0.003 0.004 0.004 0.002 
362  ZFLTI07    (0)   12 :  0.003 0.010 0.004 0.005 0.006 0.007 0.004 0.948 0.002 0.004 0.005 0.002 
363  ZFLTI08    (0)   12 :  0.005 0.006 0.005 0.009 0.006 0.022 0.004 0.921 0.003 0.004 0.013 0.002 
364  ZFLTI09    (0)   12 :  0.003 0.014 0.004 0.006 0.006 0.007 0.004 0.936 0.003 0.004 0.011 0.002 
365  ZFLTI10    (0)   12 :  0.003 0.018 0.005 0.004 0.009 0.006 0.004 0.935 0.002 0.003 0.008 0.002 
366  ZFLTI11    (0)   12 :  0.003 0.015 0.004 0.005 0.006 0.010 0.017 0.926 0.003 0.003 0.006 0.002 
367  ZFLTI12    (0)   12 :  0.003 0.015 0.005 0.005 0.015 0.010 0.016 0.917 0.002 0.003 0.007 0.002 
368  ZFLTI13    (0)   12 :  0.005 0.008 0.005 0.009 0.022 0.047 0.009 0.880 0.003 0.004 0.006 0.002 
369  ZFLTI14    (0)   12 :  0.005 0.051 0.007 0.005 0.078 0.185 0.005 0.642 0.003 0.003 0.014 0.002 
370 ZFONF101    (0)   13 :  0.003 0.965 0.003 0.003 0.002 0.003 0.006 0.006 0.002 0.003 0.003 0.003 
371 ZFONF102    (0)   13 :  0.009 0.915 0.007 0.005 0.003 0.003 0.022 0.005 0.009 0.005 0.004 0.014 
372 ZFONF103    (0)   13 :  0.006 0.773 0.005 0.008 0.012 0.058 0.016 0.106 0.004 0.004 0.005 0.003 
373 ZFONF104    (0)   13 :  0.002 0.936 0.003 0.003 0.004 0.004 0.026 0.014 0.002 0.002 0.003 0.002 
374 ZFONF105    (0)   13 :  0.003 0.813 0.005 0.004 0.005 0.010 0.127 0.022 0.003 0.003 0.003 0.002 
375 ZFONF106    (0)   13 :  0.002 0.962 0.003 0.002 0.003 0.004 0.006 0.006 0.002 0.003 0.005 0.002 
376 ZFONF107    (0)   13 :  0.042 0.727 0.022 0.005 0.014 0.016 0.010 0.058 0.015 0.014 0.013 0.065 
377 ZFONF108    (0)   13 :  0.013 0.833 0.008 0.004 0.020 0.024 0.011 0.058 0.005 0.004 0.007 0.014 
378 ZFONF109    (9)   13 :  0.006 0.839 0.007 0.004 0.022 0.010 0.050 0.036 0.004 0.003 0.011 0.010 
379 ZFONF110    (0)   13 :  0.002 0.951 0.003 0.002 0.005 0.005 0.013 0.010 0.002 0.002 0.002 0.002 
380 ZFONF111    (0)   13 :  0.021 0.783 0.027 0.020 0.010 0.006 0.016 0.067 0.012 0.009 0.011 0.017 
381 ZFONF112    (0)   13 :  0.003 0.750 0.004 0.003 0.006 0.012 0.190 0.012 0.003 0.003 0.013 0.002 
382 ZFONF113    (9)   13 :  0.005 0.930 0.005 0.007 0.005 0.007 0.009 0.018 0.003 0.002 0.003 0.005 
383 ZFONF115    (0)   13 :  0.003 0.933 0.004 0.004 0.006 0.010 0.013 0.010 0.003 0.003 0.008 0.002 
384 ZFONF116    (0)   13 :  0.004 0.927 0.004 0.004 0.005 0.011 0.020 0.008 0.003 0.004 0.007 0.003 
385 ZFONF117    (0)   13 :  0.006 0.204 0.005 0.006 0.008 0.031 0.039 0.685 0.004 0.004 0.005 0.003 
386 ZFONF118    (0)   13 :  0.003 0.914 0.004 0.006 0.009 0.013 0.013 0.018 0.003 0.004 0.012 0.002 
387 ZFONF119    (0)   13 :  0.003 0.908 0.011 0.005 0.008 0.004 0.024 0.019 0.004 0.003 0.003 0.006 
388 ZFONF120    (0)   13 :  0.003 0.863 0.015 0.011 0.020 0.004 0.045 0.025 0.004 0.003 0.003 0.006 
389 ZFONF121    (0)   13 :  0.003 0.877 0.004 0.005 0.005 0.006 0.073 0.012 0.004 0.004 0.004 0.004 
390 ZFONF122    (0)   13 :  0.006 0.661 0.010 0.010 0.019 0.017 0.007 0.251 0.003 0.005 0.010 0.003 
391 ZFONF123    (0)   13 :  0.013 0.840 0.010 0.004 0.006 0.003 0.028 0.008 0.011 0.005 0.004 0.069 
392 ZFONF124    (0)   13 :  0.006 0.900 0.006 0.003 0.011 0.006 0.030 0.018 0.003 0.002 0.003 0.011 
393 ZFONF125    (0)   13 :  0.026 0.574 0.023 0.012 0.036 0.006 0.175 0.060 0.011 0.006 0.004 0.067 
394 ZFONF126    (0)   13 :  0.004 0.921 0.006 0.010 0.012 0.010 0.008 0.014 0.003 0.004 0.007 0.002 
395 ZFONF201    (0)   14 :  0.012 0.102 0.038 0.010 0.028 0.004 0.590 0.045 0.015 0.076 0.043 0.038 
396 ZFONF202    (0)   14 :  0.002 0.054 0.005 0.006 0.011 0.003 0.897 0.011 0.002 0.003 0.004 0.002 
397 ZFONF203    (0)   14 :  0.004 0.008 0.004 0.011 0.007 0.003 0.944 0.006 0.003 0.003 0.004 0.003 
398 ZFONF204    (0)   14 :  0.007 0.006 0.008 0.006 0.029 0.003 0.899 0.009 0.005 0.006 0.011 0.010 
399 ZFONF206    (0)   14 :  0.019 0.007 0.019 0.006 0.009 0.003 0.886 0.005 0.008 0.010 0.010 0.018 
400 ZFONF207    (0)   14 :  0.004 0.006 0.004 0.005 0.004 0.004 0.955 0.005 0.003 0.003 0.003 0.004 
401 ZFONF208    (0)   14 :  0.004 0.062 0.006 0.007 0.009 0.005 0.847 0.043 0.003 0.005 0.004 0.005 
402 ZFONF209    (0)   14 :  0.007 0.007 0.008 0.009 0.025 0.009 0.884 0.011 0.008 0.010 0.013 0.008 
403 ZFONF210    (0)   14 :  0.002 0.008 0.003 0.003 0.004 0.007 0.952 0.010 0.002 0.003 0.002 0.003 
404 ZFONF211    (0)   14 :  0.009 0.033 0.009 0.013 0.012 0.013 0.846 0.027 0.008 0.004 0.004 0.023 
405 ZFONF212    (0)   14 :  0.002 0.011 0.003 0.003 0.003 0.006 0.950 0.011 0.002 0.003 0.003 0.003 
406 ZFONF214    (0)   14 :  0.005 0.042 0.007 0.015 0.006 0.003 0.893 0.012 0.005 0.002 0.003 0.006 
407 ZFONF215    (0)   14 :  0.002 0.017 0.003 0.004 0.004 0.004 0.950 0.006 0.002 0.002 0.002 0.002 
408 ZFONF216    (0)   14 :  0.002 0.004 0.003 0.005 0.003 0.005 0.962 0.005 0.003 0.002 0.002 0.003 
409 ZFONF217    (0)   14 :  0.002 0.050 0.003 0.003 0.005 0.004 0.914 0.007 0.003 0.002 0.003 0.004 
410 ZFONF218    (0)   14 :  0.008 0.004 0.005 0.005 0.003 0.004 0.946 0.006 0.006 0.003 0.003 0.007 
411 ZFONF219    (0)   14 :  0.002 0.006 0.002 0.002 0.003 0.003 0.971 0.004 0.002 0.002 0.002 0.002 
412 ZFONF220    (0)   14 :  0.003 0.039 0.004 0.006 0.005 0.004 0.921 0.005 0.003 0.002 0.005 0.003 
413 ZFONF222    (0)   14 :  0.005 0.003 0.004 0.005 0.003 0.004 0.950 0.004 0.006 0.003 0.002 0.009 
414 ZFONF223    (0)   14 :  0.007 0.007 0.006 0.007 0.003 0.003 0.941 0.004 0.007 0.003 0.004 0.008 
415 ZFONF224    (0)   14 :  0.002 0.004 0.003 0.003 0.003 0.004 0.969 0.004 0.002 0.002 0.002 0.002 
416 ZFONF225    (0)   14 :  0.002 0.007 0.003 0.003 0.003 0.003 0.965 0.005 0.002 0.002 0.002 0.002 
417 ZFONF226    (0)   14 :  0.003 0.007 0.004 0.010 0.006 0.004 0.950 0.006 0.003 0.003 0.003 0.002 
418 ZFONF227    (0)   14 :  0.002 0.004 0.003 0.003 0.003 0.004 0.970 0.004 0.002 0.002 0.002 0.002 
419 ZFONF228    (0)   14 :  0.005 0.011 0.005 0.005 0.005 0.012 0.930 0.009 0.004 0.004 0.006 0.003 
420 ZFONF230    (0)   14 :  0.003 0.013 0.003 0.003 0.004 0.003 0.952 0.010 0.002 0.002 0.002 0.002 
421 ZFONF231    (0)   14 :  0.004 0.009 0.005 0.012 0.007 0.005 0.938 0.007 0.004 0.002 0.002 0.005 
422 ZFONF232    (0)   14 :  0.002 0.007 0.003 0.003 0.003 0.004 0.966 0.004 0.002 0.002 0.003 0.002 
423 ZFONF233    (0)   14 :  0.003 0.005 0.003 0.004 0.004 0.004 0.965 0.004 0.002 0.002 0.003 0.002 
424 ZFONF234    (0)   14 :  0.016 0.012 0.044 0.008 0.010 0.010 0.867 0.016 0.004 0.005 0.005 0.003 
425 ZFONF235    (0)   14 :  0.002 0.004 0.003 0.003 0.003 0.003 0.971 0.003 0.002 0.002 0.002 0.002 
426 ZFONF236    (0)   14 :  0.023 0.013 0.013 0.004 0.022 0.025 0.822 0.013 0.013 0.017 0.025 0.011 
427 ZFONF238    (0)   14 :  0.003 0.009 0.005 0.007 0.005 0.003 0.951 0.007 0.002 0.003 0.004 0.002 
428 ZFONF239    (0)   14 :  0.005 0.004 0.006 0.003 0.010 0.003 0.940 0.003 0.004 0.005 0.011 0.005 
429 ZFONF240    (0)   14 :  0.002 0.005 0.003 0.003 0.005 0.004 0.967 0.005 0.002 0.002 0.002 0.002 
430 ZFONF241    (0)   14 :  0.007 0.016 0.008 0.005 0.004 0.018 0.905 0.010 0.004 0.007 0.013 0.004 
431 ZFONF242    (0)   14 :  0.002 0.008 0.003 0.003 0.005 0.003 0.960 0.005 0.002 0.002 0.002 0.002 
432 ZFONF243    (0)   14 :  0.003 0.005 0.003 0.005 0.004 0.010 0.950 0.009 0.003 0.003 0.003 0.003 
433 ZFONF244    (0)   14 :  0.002 0.007 0.003 0.003 0.004 0.003 0.963 0.004 0.002 0.002 0.002 0.003 
434 ZFONF245    (0)   14 :  0.002 0.005 0.003 0.003 0.005 0.003 0.963 0.009 0.002 0.002 0.002 0.002 
435   ZFOS01    (0)   15 :  0.004 0.017 0.006 0.009 0.892 0.007 0.008 0.042 0.003 0.003 0.005 0.003 
436   ZFOS02    (0)   15 :  0.008 0.038 0.030 0.007 0.757 0.013 0.009 0.059 0.010 0.010 0.055 0.005 
437   ZFOS03    (0)   15 :  0.007 0.012 0.014 0.009 0.858 0.003 0.004 0.013 0.008 0.011 0.007 0.055 
438   ZFOS04    (0)   15 :  0.008 0.094 0.020 0.005 0.710 0.011 0.006 0.106 0.003 0.022 0.011 0.004 
439   ZFOS05    (0)   15 :  0.005 0.036 0.015 0.008 0.855 0.014 0.011 0.035 0.004 0.006 0.009 0.003 
440   ZFOS06    (0)   15 :  0.006 0.013 0.007 0.012 0.892 0.022 0.015 0.012 0.005 0.005 0.005 0.006 
441   ZFOS07    (0)   15 :  0.005 0.008 0.011 0.004 0.922 0.004 0.003 0.006 0.006 0.019 0.010 0.003 
442   ZFOS08    (0)   15 :  0.005 0.020 0.010 0.004 0.884 0.009 0.006 0.016 0.004 0.024 0.015 0.003 
443   ZFOS09    (0)   15 :  0.011 0.062 0.112 0.011 0.618 0.005 0.009 0.121 0.006 0.016 0.015 0.015 
444   ZFOS10    (0)   15 :  0.017 0.003 0.019 0.003 0.874 0.009 0.002 0.005 0.015 0.015 0.028 0.010 
445   ZFOS11    (0)   15 :  0.037 0.015 0.085 0.008 0.627 0.074 0.007 0.124 0.005 0.008 0.005 0.004 
446   ZFOS12    (0)   15 :  0.043 0.019 0.192 0.115 0.475 0.035 0.007 0.028 0.030 0.026 0.011 0.019 
447   ZFOS13    (0)   15 :  0.006 0.012 0.016 0.014 0.887 0.008 0.004 0.019 0.007 0.012 0.012 0.003 
448   ZFOS14    (0)   15 :  0.012 0.012 0.043 0.030 0.596 0.048 0.007 0.089 0.014 0.132 0.008 0.009 
449   ZFOS15    (0)   15 :  0.005 0.003 0.004 0.003 0.956 0.005 0.002 0.004 0.003 0.005 0.005 0.003 
450   ZFOS16    (0)   15 :  0.008 0.040 0.033 0.005 0.804 0.024 0.009 0.040 0.009 0.012 0.009 0.007 
451   ZFOS17    (0)   15 :  0.005 0.004 0.006 0.006 0.936 0.005 0.005 0.005 0.007 0.006 0.010 0.006 
452   ZFOS18    (0)   15 :  0.011 0.005 0.008 0.004 0.922 0.012 0.002 0.007 0.005 0.006 0.012 0.007 
453   ZFOS19    (0)   15 :  0.005 0.003 0.005 0.009 0.950 0.004 0.004 0.005 0.004 0.004 0.004 0.004 
454   ZFOS20    (0)   15 :  0.005 0.006 0.009 0.004 0.929 0.008 0.008 0.005 0.004 0.011 0.006 0.005 
455   ZFOS21    (0)   15 :  0.004 0.017 0.007 0.003 0.909 0.009 0.004 0.022 0.007 0.006 0.006 0.004 
456   ZFOS22    (0)   15 :  0.005 0.005 0.005 0.010 0.940 0.007 0.006 0.008 0.003 0.003 0.003 0.005 
457   ZFOS23    (0)   15 :  0.014 0.002 0.022 0.009 0.665 0.009 0.002 0.003 0.011 0.245 0.006 0.011 
458   ZFOS24    (0)   15 :  0.005 0.003 0.005 0.004 0.948 0.013 0.003 0.006 0.003 0.003 0.004 0.003 
459   ZFOS25    (0)   15 :  0.011 0.014 0.020 0.021 0.405 0.068 0.017 0.403 0.004 0.010 0.021 0.005 
460   ZFOS26    (0)   15 :  0.013 0.120 0.025 0.007 0.360 0.029 0.007 0.399 0.004 0.011 0.019 0.005 
461   ZFOS27    (0)   15 :  0.005 0.028 0.006 0.004 0.887 0.017 0.008 0.019 0.004 0.009 0.006 0.008 
462   ZFOS28    (0)   15 :  0.010 0.009 0.011 0.006 0.884 0.009 0.003 0.016 0.013 0.012 0.017 0.009 
463   ZFOS29    (0)   15 :  0.006 0.009 0.009 0.003 0.903 0.011 0.010 0.009 0.008 0.015 0.005 0.011 
464   ZFOS30    (0)   15 :  0.003 0.008 0.005 0.006 0.941 0.003 0.008 0.008 0.006 0.005 0.005 0.003 
465   ZFOS31    (0)   15 :  0.004 0.019 0.028 0.167 0.653 0.006 0.024 0.043 0.007 0.041 0.004 0.004 
466   ZFOS32    (0)   15 :  0.005 0.021 0.033 0.005 0.860 0.009 0.008 0.028 0.004 0.012 0.010 0.005 
467   ZFPB01    (0)   16 :  0.004 0.002 0.003 0.003 0.003 0.003 0.002 0.002 0.005 0.004 0.004 0.964 
468   ZFPB02    (0)   16 :  0.004 0.003 0.003 0.003 0.003 0.003 0.005 0.003 0.003 0.002 0.002 0.965 
469   ZFPB03    (0)   16 :  0.004 0.003 0.003 0.002 0.004 0.006 0.003 0.003 0.004 0.003 0.003 0.962 
470   ZFPB05    (0)   16 :  0.003 0.002 0.002 0.002 0.002 0.002 0.003 0.003 0.003 0.002 0.002 0.973 
471   ZFPB06    (0)   16 :  0.005 0.003 0.003 0.002 0.005 0.003 0.002 0.002 0.005 0.004 0.004 0.962 
472   ZFPB07    (0)   16 :  0.003 0.003 0.003 0.003 0.002 0.002 0.003 0.003 0.003 0.002 0.002 0.971 
473   ZFPB08    (0)   16 :  0.004 0.004 0.003 0.002 0.004 0.003 0.003 0.003 0.003 0.003 0.003 0.964 
474   ZFPB10    (0)   16 :  0.003 0.002 0.003 0.003 0.003 0.004 0.002 0.003 0.003 0.003 0.003 0.969 
475   ZFPB11    (0)   16 :  0.004 0.002 0.003 0.003 0.003 0.002 0.003 0.003 0.003 0.002 0.002 0.970 
476   ZFPB12    (0)   16 :  0.004 0.002 0.003 0.003 0.003 0.003 0.003 0.003 0.003 0.003 0.003 0.968 
477   ZFPB13    (0)   16 :  0.003 0.003 0.003 0.002 0.002 0.003 0.003 0.003 0.003 0.003 0.003 0.969 
478   ZFPB14    (0)   16 :  0.003 0.003 0.003 0.003 0.003 0.002 0.003 0.003 0.003 0.002 0.002 0.971 
479   ZFPB15    (0)   16 :  0.003 0.004 0.003 0.002 0.003 0.002 0.003 0.003 0.003 0.003 0.002 0.968 
480   ZFPB17    (0)   16 :  0.006 0.002 0.003 0.003 0.003 0.002 0.002 0.002 0.003 0.002 0.003 0.969 
481   ZFPB18    (0)   16 :  0.003 0.002 0.002 0.002 0.002 0.002 0.002 0.003 0.003 0.002 0.002 0.974 
482   ZFPB19    (0)   16 :  0.005 0.004 0.003 0.002 0.004 0.004 0.002 0.003 0.006 0.005 0.004 0.958 
483   ZFPB20    (0)   16 :  0.003 0.002 0.002 0.002 0.002 0.002 0.002 0.002 0.003 0.002 0.002 0.975 
484   ZFPB21    (0)   16 :  0.003 0.004 0.003 0.002 0.003 0.003 0.003 0.003 0.003 0.003 0.002 0.970 
485   ZFPB22    (0)   16 :  0.005 0.002 0.002 0.002 0.003 0.002 0.002 0.002 0.003 0.003 0.002 0.970 
486   ZFPB23    (0)   16 :  0.004 0.003 0.003 0.003 0.003 0.003 0.003 0.003 0.003 0.003 0.003 0.967 
487   ZFSF01    (0)   17 :  0.072 0.004 0.032 0.132 0.005 0.005 0.002 0.005 0.006 0.706 0.028 0.002 
488   ZFSF02    (0)   17 :  0.025 0.018 0.063 0.387 0.010 0.006 0.005 0.021 0.006 0.446 0.009 0.005 
489   ZFSF03    (0)   17 :  0.090 0.006 0.235 0.089 0.005 0.004 0.003 0.006 0.112 0.430 0.018 0.002 
490   ZFSF04    (0)   17 :  0.006 0.016 0.074 0.039 0.018 0.004 0.013 0.009 0.064 0.732 0.024 0.002 
491  ZFSW101    (0)   18 :  0.008 0.198 0.250 0.007 0.007 0.004 0.010 0.026 0.033 0.071 0.384 0.003 
492  ZFSW102    (0)   18 :  0.007 0.020 0.243 0.021 0.021 0.003 0.007 0.006 0.104 0.101 0.463 0.003 
493  ZFSW103    (0)   18 :  0.011 0.025 0.057 0.010 0.007 0.010 0.012 0.028 0.011 0.037 0.789 0.003 
494  ZFSW104    (9)   18 :  0.007 0.016 0.144 0.030 0.021 0.003 0.015 0.016 0.016 0.704 0.024 0.003 
495  ZFSW105    (0)   18 :  0.005 0.182 0.187 0.006 0.011 0.004 0.016 0.012 0.007 0.235 0.331 0.003 
496  ZFSW106    (0)   18 :  0.047 0.019 0.407 0.016 0.006 0.012 0.034 0.011 0.018 0.038 0.379 0.014 
497  ZFSW107    (0)   18 :  0.004 0.019 0.036 0.007 0.006 0.003 0.005 0.005 0.354 0.014 0.541 0.004 
498  ZFSW108    (0)   18 :  0.010 0.003 0.010 0.004 0.005 0.003 0.003 0.003 0.032 0.029 0.895 0.005 
499  ZFSW109    (0)   18 :  0.004 0.005 0.033 0.003 0.008 0.005 0.007 0.004 0.041 0.015 0.873 0.003 
500  ZFSW110    (0)   18 :  0.006 0.025 0.254 0.012 0.008 0.005 0.010 0.013 0.037 0.020 0.606 0.004 
501  ZFSW111    (0)   18 :  0.005 0.258 0.280 0.007 0.018 0.003 0.016 0.014 0.072 0.016 0.308 0.004 
502  ZFSW112    (0)   18 :  0.006 0.040 0.017 0.005 0.021 0.006 0.009 0.010 0.005 0.017 0.859 0.004 
503  ZFSW113    (0)   18 :  0.017 0.066 0.446 0.048 0.010 0.005 0.004 0.045 0.006 0.279 0.069 0.004 
504  ZFSW114    (0)   18 :  0.005 0.017 0.054 0.010 0.010 0.003 0.009 0.008 0.016 0.012 0.853 0.002 
505  ZFSW115    (0)   18 :  0.015 0.010 0.633 0.010 0.009 0.003 0.006 0.004 0.005 0.053 0.250 0.002 
506  ZFSW116    (0)   18 :  0.011 0.130 0.375 0.034 0.014 0.005 0.010 0.014 0.100 0.145 0.152 0.009 
507  ZFSW117    (0)   18 :  0.010 0.055 0.483 0.040 0.009 0.006 0.016 0.017 0.045 0.056 0.256 0.006 
508  ZFSW119    (0)   18 :  0.006 0.004 0.131 0.032 0.016 0.002 0.003 0.003 0.016 0.083 0.702 0.003 
509  ZFSW120    (0)   18 :  0.008 0.003 0.218 0.018 0.005 0.002 0.002 0.002 0.167 0.519 0.053 0.003 
510  ZFSW121    (0)   18 :  0.006 0.013 0.577 0.083 0.013 0.002 0.013 0.005 0.035 0.083 0.168 0.003 
511  ZFSW122    (0)   18 :  0.006 0.017 0.102 0.004 0.007 0.018 0.019 0.014 0.069 0.687 0.054 0.003 
512  ZFSW123    (0)   18 :  0.012 0.008 0.048 0.003 0.005 0.003 0.003 0.003 0.148 0.288 0.474 0.004 
513  ZFSW124    (0)   18 :  0.007 0.004 0.020 0.005 0.009 0.003 0.003 0.003 0.012 0.912 0.020 0.003 
514  ZFSW201    (0)   19 :  0.012 0.003 0.006 0.006 0.005 0.005 0.003 0.003 0.129 0.191 0.629 0.007 
515  ZFSW202    (0)   19 :  0.004 0.003 0.006 0.007 0.005 0.003 0.003 0.003 0.009 0.008 0.944 0.005 
516  ZFSW203    (0)   19 :  0.008 0.003 0.008 0.004 0.007 0.003 0.003 0.003 0.035 0.025 0.896 0.005 
517  ZFSW204    (0)   19 :  0.006 0.003 0.008 0.006 0.009 0.004 0.003 0.003 0.027 0.008 0.917 0.005 
518  ZFSW205    (0)   19 :  0.004 0.004 0.004 0.004 0.003 0.004 0.002 0.004 0.004 0.012 0.952 0.003 
519  ZFSW206    (0)   19 :  0.006 0.003 0.004 0.004 0.003 0.004 0.002 0.003 0.003 0.004 0.961 0.003 
520  ZFSW207    (0)   19 :  0.005 0.004 0.005 0.003 0.004 0.006 0.004 0.004 0.004 0.009 0.951 0.002 
521  ZFSW208    (0)   19 :  0.006 0.003 0.004 0.006 0.004 0.004 0.003 0.004 0.012 0.005 0.945 0.003 
522  ZFSW209    (0)   19 :  0.052 0.003 0.020 0.004 0.003 0.004 0.007 0.003 0.004 0.006 0.890 0.003 
523  ZFSW210    (0)   19 :  0.004 0.007 0.005 0.005 0.004 0.013 0.005 0.008 0.005 0.004 0.936 0.003 
524  ZFSW211    (0)   19 :  0.008 0.005 0.005 0.005 0.004 0.006 0.002 0.006 0.004 0.005 0.948 0.003 
525  ZFSW212    (0)   19 :  0.004 0.003 0.003 0.005 0.004 0.004 0.002 0.004 0.005 0.005 0.958 0.002 
526  ZFSW213    (0)   19 :  0.003 0.003 0.003 0.004 0.005 0.004 0.003 0.003 0.004 0.004 0.961 0.002 
527  ZFSW214    (0)   19 :  0.004 0.004 0.004 0.004 0.005 0.003 0.003 0.003 0.004 0.005 0.960 0.002 
528  ZFSW215    (0)   19 :  0.004 0.003 0.005 0.003 0.004 0.002 0.003 0.002 0.006 0.009 0.953 0.004 
529  ZFSW216    (0)   19 :  0.005 0.004 0.004 0.004 0.004 0.005 0.002 0.004 0.004 0.005 0.956 0.002 
530  ZFSW217    (0)   19 :  0.004 0.004 0.004 0.004 0.005 0.004 0.003 0.003 0.006 0.009 0.952 0.003 
531  ZFSW218    (0)   19 :  0.004 0.003 0.003 0.003 0.004 0.003 0.002 0.003 0.003 0.004 0.964 0.002 
532  ZFSW219    (0)   19 :  0.015 0.005 0.009 0.008 0.009 0.005 0.002 0.004 0.011 0.005 0.922 0.004 
533  ZFSW220    (0)   19 :  0.011 0.003 0.006 0.005 0.005 0.003 0.003 0.003 0.011 0.005 0.934 0.013 
534  ZFSW221    (0)   19 :  0.007 0.004 0.004 0.007 0.004 0.006 0.003 0.004 0.004 0.005 0.950 0.003 
535  ZFSW222    (0)   19 :  0.003 0.002 0.005 0.005 0.003 0.003 0.002 0.002 0.005 0.008 0.960 0.003 
536  ZFSW223    (0)   19 :  0.012 0.003 0.006 0.006 0.005 0.003 0.003 0.002 0.009 0.004 0.935 0.013 
537  ZFSW224    (0)   19 :  0.007 0.004 0.004 0.005 0.004 0.005 0.003 0.004 0.004 0.004 0.953 0.003 
538  ZFSW225    (0)   19 :  0.008 0.003 0.005 0.005 0.004 0.005 0.002 0.004 0.007 0.012 0.941 0.004 
539  ZFSW226    (0)   19 :  0.007 0.011 0.009 0.004 0.005 0.008 0.007 0.006 0.017 0.045 0.870 0.010 
540  ZFSW227    (0)   19 :  0.004 0.003 0.004 0.004 0.004 0.004 0.002 0.003 0.005 0.006 0.958 0.003 
541  ZFSW229    (0)   19 :  0.005 0.003 0.003 0.004 0.003 0.004 0.002 0.004 0.004 0.007 0.958 0.003 
542  ZFSW230    (0)   19 :  0.004 0.024 0.006 0.003 0.009 0.004 0.005 0.018 0.004 0.012 0.901 0.011 
543  ZFSW231    (0)   19 :  0.006 0.003 0.004 0.005 0.004 0.005 0.002 0.003 0.005 0.006 0.954 0.003 
544  ZFSW232    (0)   19 :  0.004 0.004 0.006 0.008 0.003 0.003 0.003 0.003 0.004 0.012 0.946 0.003 
545  ZFSW233    (0)   19 :  0.015 0.009 0.023 0.010 0.006 0.003 0.007 0.007 0.027 0.008 0.878 0.007 
546  ZFSW234    (0)   19 :  0.005 0.002 0.003 0.003 0.003 0.003 0.002 0.002 0.007 0.006 0.958 0.004 
547  ZFSW235    (0)   19 :  0.006 0.004 0.004 0.007 0.007 0.004 0.003 0.004 0.006 0.008 0.942 0.004 
548  ZFSW236    (0)   19 :  0.003 0.003 0.003 0.004 0.004 0.003 0.002 0.003 0.004 0.005 0.964 0.002 
549  ZFSW237    (0)   19 :  0.006 0.003 0.005 0.007 0.010 0.004 0.003 0.003 0.009 0.010 0.939 0.003 
550  ZFSW238    (0)   19 :  0.044 0.007 0.044 0.076 0.047 0.002 0.022 0.009 0.010 0.012 0.717 0.009 
551  ZFSW239    (0)   19 :  0.004 0.020 0.008 0.003 0.006 0.004 0.004 0.015 0.011 0.023 0.889 0.014 
552  ZFSW240    (0)   19 :  0.006 0.003 0.005 0.004 0.004 0.003 0.002 0.003 0.018 0.013 0.937 0.003 
553   ZFTS01    (0)   20 :  0.005 0.005 0.005 0.003 0.003 0.003 0.003 0.004 0.958 0.004 0.003 0.005 
554   ZFTS02    (0)   20 :  0.004 0.004 0.003 0.005 0.004 0.003 0.004 0.003 0.959 0.004 0.004 0.003 
555   ZFTS03    (0)   20 :  0.004 0.003 0.004 0.004 0.004 0.003 0.003 0.003 0.960 0.005 0.005 0.003 
556   ZFTS04    (0)   20 :  0.003 0.003 0.004 0.003 0.003 0.002 0.003 0.002 0.965 0.004 0.004 0.005 
557   ZFTS05    (0)   20 :  0.009 0.004 0.005 0.006 0.006 0.003 0.003 0.004 0.932 0.005 0.006 0.019 
558   ZFTS07    (0)   20 :  0.007 0.002 0.004 0.005 0.004 0.003 0.002 0.002 0.952 0.005 0.004 0.010 
559   ZFTS08    (0)   20 :  0.005 0.003 0.004 0.004 0.004 0.002 0.002 0.002 0.958 0.005 0.006 0.004 
560   ZFTS09    (0)   20 :  0.009 0.003 0.004 0.004 0.003 0.002 0.002 0.003 0.952 0.005 0.007 0.008 
561   ZFTS10    (0)   20 :  0.006 0.004 0.006 0.005 0.004 0.004 0.003 0.005 0.917 0.028 0.013 0.004 
562   ZFTS11    (0)   20 :  0.009 0.003 0.006 0.004 0.003 0.003 0.002 0.003 0.953 0.005 0.006 0.004 
563   ZFTS12    (0)   20 :  0.005 0.003 0.004 0.005 0.005 0.003 0.003 0.003 0.954 0.004 0.005 0.006 
564   ZFTS14    (0)   20 :  0.005 0.003 0.004 0.006 0.003 0.003 0.003 0.003 0.957 0.003 0.004 0.007 
565   ZFTS15    (0)   20 :  0.008 0.004 0.005 0.004 0.003 0.003 0.002 0.004 0.956 0.004 0.004 0.005 
566   ZFTS16    (0)   20 :  0.010 0.009 0.010 0.005 0.006 0.007 0.005 0.008 0.851 0.074 0.011 0.005 
567   ZFTS17    (9)   20 :  0.017 0.005 0.008 0.006 0.006 0.011 0.003 0.007 0.886 0.017 0.021 0.012 
568   ZFTS18    (0)   20 :  0.003 0.003 0.003 0.004 0.004 0.003 0.003 0.002 0.960 0.005 0.007 0.004 
569   ZFTS19    (9)   20 :  0.006 0.003 0.005 0.005 0.005 0.005 0.002 0.004 0.811 0.069 0.076 0.008 
570   ZFTS20    (0)   20 :  0.006 0.003 0.004 0.007 0.006 0.004 0.003 0.003 0.941 0.007 0.013 0.005 
571   ZFTS21    (0)   20 :  0.006 0.002 0.004 0.004 0.003 0.003 0.002 0.002 0.957 0.005 0.006 0.006 
572   ZFTS22    (0)   20 :  0.007 0.002 0.004 0.004 0.005 0.003 0.003 0.002 0.951 0.006 0.007 0.006 
573   ZFTS23    (0)   20 :  0.004 0.003 0.004 0.004 0.004 0.003 0.003 0.003 0.960 0.003 0.004 0.005 
574   ZFTS24    (0)   20 :  0.004 0.003 0.003 0.003 0.005 0.003 0.003 0.003 0.960 0.004 0.006 0.004 
575   ZFTS25    (0)   20 :  0.010 0.005 0.007 0.007 0.002 0.005 0.003 0.008 0.925 0.013 0.010 0.005 
576   ZFTS26    (0)   20 :  0.005 0.003 0.004 0.004 0.003 0.004 0.002 0.004 0.892 0.028 0.047 0.004 
577   ZFTS27    (0)   20 :  0.007 0.006 0.006 0.004 0.006 0.004 0.003 0.005 0.924 0.008 0.006 0.021 
578   ZFTS28    (0)   20 :  0.011 0.012 0.010 0.010 0.009 0.005 0.005 0.008 0.894 0.009 0.009 0.018 
579   ZFTS29    (0)   20 :  0.017 0.002 0.005 0.005 0.006 0.003 0.002 0.002 0.911 0.016 0.016 0.014 
580   ZFTS30    (0)   20 :  0.011 0.003 0.004 0.006 0.004 0.003 0.002 0.002 0.935 0.010 0.010 0.010 
581   ZFTS31    (0)   20 :  0.004 0.003 0.004 0.003 0.005 0.003 0.003 0.003 0.955 0.004 0.004 0.008 
582   ZFTS32    (0)   20 :  0.009 0.004 0.006 0.004 0.004 0.003 0.002 0.004 0.944 0.006 0.007 0.006 
583   ZFTS33    (0)   20 :  0.007 0.005 0.005 0.007 0.004 0.004 0.003 0.005 0.943 0.004 0.008 0.005 
584   ZFTS34    (0)   20 :  0.003 0.005 0.004 0.004 0.003 0.003 0.005 0.004 0.956 0.006 0.005 0.004 
585   ZFTS35    (0)   20 :  0.005 0.003 0.004 0.006 0.004 0.003 0.003 0.003 0.950 0.009 0.007 0.002 
586   ZFTS36    (0)   20 :  0.004 0.003 0.003 0.004 0.003 0.003 0.003 0.003 0.961 0.004 0.004 0.005 
587   ZFTS37    (0)   20 :  0.005 0.004 0.004 0.006 0.004 0.003 0.002 0.003 0.946 0.008 0.012 0.004 
588   ZFTS38    (0)   20 :  0.008 0.003 0.006 0.007 0.006 0.003 0.002 0.003 0.935 0.010 0.011 0.005 
589   ZFTS39    (0)   20 :  0.007 0.005 0.005 0.005 0.004 0.005 0.004 0.004 0.933 0.011 0.009 0.007 
590   ZFTS40    (0)   20 :  0.011 0.012 0.009 0.011 0.007 0.006 0.006 0.008 0.907 0.011 0.005 0.007 
591 ZFTSP101    (0)   21 :  0.004 0.213 0.007 0.004 0.010 0.140 0.010 0.599 0.002 0.004 0.004 0.003 
592 ZFTSP102    (0)   21 :  0.005 0.015 0.007 0.019 0.010 0.834 0.006 0.083 0.004 0.005 0.009 0.002 
593 ZFTSP103    (0)   21 :  0.006 0.021 0.014 0.024 0.049 0.618 0.018 0.237 0.002 0.005 0.005 0.002 
594 ZFTSP104    (0)   21 :  0.003 0.007 0.003 0.005 0.003 0.006 0.007 0.956 0.002 0.002 0.003 0.002 
595 ZFTSP105    (0)   21 :  0.003 0.013 0.004 0.014 0.009 0.152 0.007 0.785 0.003 0.004 0.004 0.003 
596 ZFTSP106    (0)   21 :  0.009 0.374 0.032 0.015 0.007 0.015 0.255 0.275 0.004 0.005 0.004 0.006 
597 ZFTSP107    (0)   21 :  0.005 0.007 0.005 0.016 0.007 0.028 0.009 0.911 0.003 0.003 0.003 0.003 
598 ZFTSP108    (0)   21 :  0.014 0.022 0.021 0.030 0.009 0.081 0.537 0.270 0.004 0.003 0.003 0.007 
599 ZFTSP109    (0)   21 :  0.006 0.011 0.007 0.045 0.008 0.004 0.025 0.883 0.003 0.003 0.004 0.003 
600 ZFTSP110    (0)   21 :  0.005 0.047 0.006 0.007 0.005 0.012 0.007 0.898 0.003 0.003 0.003 0.003 
601 ZFTSP111    (0)   21 :  0.004 0.033 0.004 0.004 0.006 0.036 0.005 0.898 0.003 0.003 0.003 0.002 
602 ZFTSP112    (0)   21 :  0.005 0.024 0.008 0.010 0.017 0.030 0.007 0.877 0.005 0.004 0.004 0.009 
603 ZFTSP113    (0)   21 :  0.007 0.011 0.006 0.016 0.006 0.009 0.012 0.919 0.003 0.003 0.004 0.003 
604 ZFTSP114    (0)   21 :  0.003 0.006 0.004 0.005 0.006 0.041 0.005 0.919 0.003 0.002 0.002 0.003 
605 ZFTSP115    (0)   21 :  0.005 0.032 0.009 0.018 0.019 0.014 0.018 0.865 0.005 0.003 0.004 0.007 
606 ZFTSP116    (0)   21 :  0.005 0.038 0.005 0.008 0.008 0.081 0.006 0.837 0.003 0.003 0.004 0.002 
607 ZFTSP117    (0)   21 :  0.003 0.007 0.003 0.003 0.003 0.018 0.005 0.946 0.003 0.003 0.003 0.003 
608 ZFTSP118    (0)   21 :  0.003 0.008 0.005 0.004 0.005 0.092 0.004 0.864 0.002 0.005 0.004 0.003 
609 ZFTSP119    (0)   21 :  0.013 0.022 0.021 0.035 0.005 0.052 0.519 0.264 0.009 0.035 0.020 0.005 
610 ZFTSP120    (0)   21 :  0.003 0.085 0.004 0.003 0.005 0.111 0.004 0.772 0.002 0.006 0.003 0.003 
611 ZFTSP121    (0)   21 :  0.049 0.005 0.018 0.010 0.004 0.683 0.033 0.156 0.014 0.008 0.006 0.014 
612 ZFTSP122    (0)   21 :  0.003 0.031 0.004 0.007 0.010 0.096 0.033 0.805 0.002 0.003 0.003 0.003 
613 ZFTSP123    (0)   21 :  0.003 0.009 0.003 0.006 0.003 0.006 0.010 0.950 0.002 0.002 0.002 0.003 
614 ZFTSP124    (0)   21 :  0.004 0.027 0.004 0.006 0.007 0.006 0.012 0.925 0.002 0.002 0.002 0.003 
615 ZFTSP125    (0)   21 :  0.003 0.010 0.004 0.007 0.003 0.009 0.053 0.901 0.002 0.002 0.002 0.003 
616 ZFTSP126    (0)   21 :  0.005 0.034 0.004 0.011 0.004 0.022 0.013 0.893 0.004 0.003 0.003 0.004 
617 ZFTSP127    (0)   21 :  0.003 0.010 0.003 0.008 0.005 0.007 0.014 0.939 0.003 0.002 0.002 0.003 
618 ZFTSP128    (0)   21 :  0.004 0.009 0.004 0.005 0.005 0.025 0.006 0.931 0.003 0.002 0.003 0.003 
619 ZFTSP129    (0)   21 :  0.003 0.036 0.005 0.004 0.009 0.011 0.011 0.912 0.002 0.003 0.003 0.002 
620 ZFTSP130    (0)   21 :  0.003 0.006 0.003 0.006 0.003 0.013 0.009 0.946 0.002 0.002 0.002 0.003 
621 ZFTSP131    (0)   21 :  0.002 0.010 0.003 0.004 0.004 0.009 0.006 0.951 0.002 0.003 0.002 0.002 
622 ZFTSP132    (0)   21 :  0.006 0.029 0.005 0.005 0.009 0.064 0.007 0.860 0.003 0.004 0.005 0.003 
623 ZFTSP133    (0)   21 :  0.003 0.030 0.005 0.005 0.016 0.028 0.278 0.625 0.002 0.004 0.002 0.003 
624 ZFTSP134    (0)   21 :  0.004 0.013 0.004 0.006 0.009 0.032 0.037 0.886 0.002 0.002 0.003 0.003 
625 ZFTSP135    (0)   21 :  0.003 0.013 0.004 0.006 0.004 0.033 0.006 0.919 0.002 0.004 0.003 0.003 
626 ZFTSP136    (0)   21 :  0.002 0.074 0.003 0.004 0.004 0.126 0.011 0.761 0.003 0.005 0.003 0.003 
627 ZFTSP137    (0)   21 :  0.019 0.069 0.017 0.020 0.008 0.159 0.036 0.600 0.018 0.011 0.006 0.036 
628 ZFTSP138    (0)   21 :  0.004 0.069 0.004 0.006 0.007 0.041 0.009 0.846 0.004 0.003 0.003 0.004 
629 ZFTSP139    (0)   21 :  0.003 0.051 0.003 0.004 0.003 0.024 0.040 0.862 0.002 0.003 0.002 0.003 
630 ZFTSP140    (0)   21 :  0.008 0.037 0.009 0.034 0.018 0.023 0.009 0.830 0.009 0.004 0.004 0.014 
631 ZFTSP141    (0)   21 :  0.007 0.037 0.013 0.033 0.018 0.582 0.149 0.137 0.006 0.005 0.006 0.008 
632 ZFTSP142    (0)   21 :  0.005 0.039 0.007 0.010 0.006 0.364 0.009 0.547 0.002 0.004 0.004 0.003 
633 ZFTSP143    (0)   21 :  0.004 0.030 0.004 0.007 0.008 0.022 0.009 0.904 0.003 0.004 0.004 0.002 
634 ZFTSP144    (0)   21 :  0.004 0.025 0.005 0.007 0.008 0.060 0.005 0.868 0.003 0.006 0.006 0.003 
635 ZFTSP145    (0)   21 :  0.003 0.024 0.005 0.007 0.010 0.467 0.022 0.450 0.003 0.003 0.003 0.004 
636 ZFTSP201    (9)   22 :  0.007 0.597 0.008 0.013 0.032 0.018 0.095 0.213 0.004 0.003 0.004 0.006 
637 ZFTSP202    (0)   22 :  0.015 0.107 0.009 0.005 0.060 0.302 0.222 0.188 0.007 0.006 0.003 0.077 
638 ZFTSP203    (0)   22 :  0.005 0.602 0.005 0.004 0.010 0.052 0.008 0.300 0.003 0.004 0.004 0.003 
639 ZFTSP204    (0)   22 :  0.004 0.237 0.005 0.003 0.016 0.118 0.007 0.593 0.003 0.004 0.008 0.002 
640 ZFTSP205    (0)   22 :  0.009 0.460 0.010 0.004 0.060 0.191 0.009 0.224 0.005 0.004 0.011 0.013 
641 ZFTSP206    (0)   22 :  0.004 0.820 0.011 0.007 0.034 0.022 0.025 0.058 0.004 0.004 0.008 0.003 
642 ZFTSP207    (0)   22 :  0.004 0.930 0.005 0.005 0.004 0.005 0.004 0.027 0.002 0.004 0.006 0.002 
643 ZFTSP208    (0)   22 :  0.005 0.894 0.005 0.005 0.005 0.040 0.004 0.020 0.003 0.008 0.008 0.004 
644 ZFTSP209    (0)   22 :  0.003 0.085 0.004 0.007 0.012 0.025 0.018 0.833 0.003 0.004 0.004 0.003 
645 ZFTSP210    (0)   22 :  0.005 0.208 0.005 0.004 0.005 0.009 0.011 0.739 0.003 0.004 0.004 0.003 
646 ZFTSP211    (0)   22 :  0.009 0.026 0.006 0.003 0.015 0.012 0.004 0.887 0.006 0.006 0.004 0.023 
647 ZFTSP212    (0)   22 :  0.003 0.284 0.006 0.003 0.009 0.039 0.038 0.603 0.002 0.002 0.009 0.003 
648 ZFTSP213    (0)   22 :  0.005 0.024 0.004 0.005 0.003 0.015 0.006 0.925 0.003 0.002 0.002 0.005 
649 ZFTSP214    (0)   22 :  0.006 0.030 0.013 0.020 0.035 0.575 0.035 0.273 0.002 0.004 0.004 0.003 
650 ZFTSP215    (0)   22 :  0.003 0.305 0.006 0.004 0.007 0.597 0.005 0.060 0.002 0.003 0.003 0.003 
651 ZFTSP216    (0)   22 :  0.035 0.078 0.030 0.005 0.017 0.169 0.009 0.545 0.011 0.015 0.004 0.081 
652 ZFTSP217    (0)   22 :  0.005 0.019 0.004 0.008 0.003 0.008 0.006 0.934 0.003 0.003 0.003 0.004 
653 ZFTSP218    (0)   22 :  0.004 0.254 0.006 0.009 0.005 0.026 0.011 0.670 0.003 0.005 0.004 0.004 
654 ZFTSP219    (0)   22 :  0.007 0.226 0.015 0.025 0.024 0.046 0.015 0.614 0.005 0.008 0.007 0.007 
655 ZFTSP220    (0)   22 :  0.020 0.318 0.022 0.010 0.018 0.167 0.033 0.320 0.016 0.009 0.005 0.063 
656 ZFTSP221    (0)   22 :  0.012 0.555 0.015 0.014 0.010 0.194 0.052 0.130 0.004 0.003 0.004 0.007 
657 ZFTSP222    (0)   22 :  0.085 0.110 0.018 0.010 0.008 0.007 0.020 0.609 0.012 0.004 0.004 0.111 
658 ZFTSP223    (0)   22 :  0.003 0.009 0.003 0.004 0.003 0.034 0.005 0.930 0.002 0.002 0.002 0.003 
659 ZFTSP224    (0)   22 :  0.004 0.006 0.004 0.004 0.006 0.232 0.018 0.716 0.002 0.002 0.002 0.003 
660 ZFTSP225    (0)   22 :  0.005 0.063 0.005 0.006 0.004 0.102 0.050 0.754 0.003 0.004 0.003 0.002 
661 ZFTSP226    (0)   22 :  0.004 0.008 0.004 0.007 0.005 0.128 0.012 0.821 0.002 0.003 0.003 0.002 
662 ZFTSP227    (0)   22 :  0.017 0.443 0.013 0.006 0.018 0.005 0.023 0.440 0.006 0.004 0.003 0.021 
663 ZFTSP228    (0)   22 :  0.015 0.091 0.012 0.007 0.032 0.106 0.006 0.696 0.006 0.006 0.004 0.019 
664    ZFW01    (0)   23 :  0.004 0.012 0.028 0.004 0.004 0.005 0.005 0.009 0.004 0.122 0.800 0.004 
665    ZFW02    (0)   23 :  0.004 0.005 0.024 0.005 0.005 0.003 0.003 0.003 0.004 0.015 0.926 0.005 
666    ZFW03    (0)   23 :  0.005 0.005 0.029 0.005 0.003 0.018 0.002 0.007 0.003 0.126 0.792 0.004 
667    ZFW04    (0)   23 :  0.006 0.005 0.013 0.006 0.009 0.003 0.002 0.003 0.009 0.441 0.492 0.009 
668    ZFW05    (0)   23 :  0.095 0.004 0.083 0.016 0.012 0.021 0.019 0.007 0.005 0.712 0.024 0.003 
669    ZFW06    (0)   23 :  0.027 0.006 0.046 0.004 0.008 0.003 0.003 0.005 0.009 0.514 0.331 0.045 
670   ZFWB01    (0)   24 :  0.005 0.006 0.006 0.935 0.006 0.005 0.007 0.006 0.008 0.004 0.006 0.004 
671   ZFWB02    (0)   24 :  0.111 0.010 0.062 0.526 0.007 0.022 0.004 0.016 0.004 0.177 0.058 0.004 
672   ZFWB03    (0)   24 :  0.004 0.004 0.004 0.956 0.005 0.004 0.004 0.005 0.002 0.006 0.005 0.002 
673   ZFWB05    (0)   24 :  0.007 0.023 0.099 0.627 0.005 0.011 0.060 0.019 0.086 0.042 0.016 0.007 
674   ZFWB06    (0)   24 :  0.006 0.006 0.006 0.919 0.005 0.008 0.006 0.007 0.011 0.007 0.015 0.004 
675   ZFWB07    (0)   24 :  0.012 0.004 0.008 0.933 0.006 0.004 0.007 0.004 0.006 0.004 0.005 0.006 
676   ZFWB10    (0)   24 :  0.007 0.009 0.032 0.799 0.005 0.010 0.043 0.014 0.038 0.018 0.017 0.010 
677   ZFWB11    (0)   24 :  0.007 0.003 0.005 0.944 0.005 0.003 0.005 0.004 0.010 0.004 0.004 0.006 
678   ZFWB12    (0)   24 :  0.005 0.005 0.007 0.890 0.005 0.037 0.004 0.017 0.002 0.020 0.005 0.003 
679   ZFWB13    (9)   24 :  0.006 0.017 0.031 0.715 0.018 0.113 0.039 0.040 0.005 0.006 0.005 0.006 
680   ZFWB14    (0)   24 :  0.004 0.005 0.005 0.950 0.004 0.004 0.006 0.007 0.005 0.003 0.005 0.003 
681   ZFWB15    (9)   24 :  0.007 0.006 0.010 0.930 0.005 0.004 0.007 0.006 0.006 0.009 0.006 0.004 
682   ZFWB18    (0)   24 :  0.004 0.005 0.004 0.956 0.004 0.004 0.005 0.006 0.003 0.002 0.003 0.003 
683   ZFWB19    (0)   24 :  0.015 0.003 0.009 0.932 0.004 0.003 0.004 0.003 0.005 0.012 0.005 0.004 
684   ZFWB20    (0)   24 :  0.006 0.005 0.007 0.947 0.003 0.005 0.003 0.007 0.005 0.005 0.004 0.003 
685   ZFWB21    (0)   24 :  0.009 0.005 0.007 0.940 0.008 0.004 0.005 0.005 0.004 0.004 0.005 0.004 
686   ZFWB22    (0)   24 :  0.009 0.009 0.030 0.807 0.005 0.056 0.003 0.031 0.005 0.031 0.009 0.005 
687   ZFWB23    (0)   24 :  0.007 0.033 0.040 0.710 0.016 0.051 0.082 0.038 0.007 0.005 0.007 0.005 
688   ZFWB24    (0)   24 :  0.004 0.004 0.005 0.954 0.004 0.004 0.006 0.005 0.003 0.007 0.003 0.003 
689   ZFWB25    (0)   24 :  0.006 0.005 0.009 0.928 0.005 0.004 0.004 0.005 0.012 0.009 0.009 0.004 
690   ZFWB26    (0)   24 :  0.011 0.005 0.007 0.929 0.003 0.008 0.002 0.008 0.005 0.007 0.012 0.003 
691   ZFWB27    (0)   24 :  0.035 0.006 0.007 0.901 0.005 0.009 0.003 0.007 0.005 0.004 0.015 0.003 
692   ZFWB29    (0)   24 :  0.009 0.003 0.018 0.863 0.007 0.003 0.004 0.004 0.012 0.066 0.007 0.003 
693   ZFWB30    (0)   24 :  0.011 0.004 0.012 0.924 0.011 0.003 0.005 0.004 0.011 0.007 0.004 0.004 
694   ZFWB31    (0)   24 :  0.005 0.005 0.004 0.955 0.004 0.005 0.004 0.007 0.003 0.003 0.004 0.002 
695   ZFWB32    (9)   24 :  0.020 0.006 0.019 0.874 0.009 0.004 0.004 0.004 0.016 0.011 0.025 0.009 
696   ZFWB35    (0)   24 :  0.005 0.003 0.003 0.961 0.003 0.005 0.003 0.005 0.003 0.002 0.004 0.002 
697   ZFWB36    (0)   24 :  0.010 0.004 0.005 0.937 0.005 0.007 0.004 0.006 0.004 0.005 0.009 0.003 
698   ZFWB37    (0)   24 :  0.007 0.005 0.005 0.942 0.004 0.010 0.003 0.008 0.003 0.005 0.007 0.002 
699   ZFWB38    (0)   24 :  0.006 0.004 0.006 0.944 0.003 0.004 0.004 0.006 0.005 0.005 0.010 0.003 
700   ZFWB39    (9)   24 :  0.005 0.005 0.004 0.950 0.007 0.005 0.005 0.005 0.004 0.003 0.004 0.003 
701   ZFWB40    (0)   24 :  0.007 0.004 0.010 0.936 0.008 0.003 0.006 0.004 0.009 0.005 0.003 0.004 
702   ZFWB41    (9)   24 :  0.007 0.006 0.007 0.930 0.007 0.006 0.007 0.006 0.006 0.006 0.006 0.005 
703   ZFWB42    (0)   24 :  0.004 0.004 0.004 0.961 0.004 0.004 0.004 0.004 0.003 0.003 0.003 0.002 
704   ZFWB43    (0)   24 :  0.007 0.003 0.004 0.959 0.003 0.004 0.003 0.004 0.003 0.002 0.005 0.002 
705   ZFWB44    (0)   24 :  0.312 0.005 0.009 0.294 0.006 0.007 0.003 0.007 0.007 0.012 0.333 0.004 
706   ZFWB46    (0)   24 :  0.012 0.003 0.006 0.939 0.007 0.003 0.004 0.004 0.007 0.006 0.006 0.002 
707   ZFWB47    (9)   24 :  0.017 0.005 0.013 0.864 0.007 0.005 0.005 0.006 0.011 0.014 0.046 0.006 
708   ZFWB48    (0)   24 :  0.035 0.004 0.014 0.805 0.011 0.003 0.103 0.004 0.009 0.006 0.004 0.003 
709   ZFWB49    (0)   24 :  0.021 0.015 0.016 0.687 0.007 0.005 0.074 0.157 0.007 0.004 0.005 0.002 
710    ZCF01    (0)   25 :  0.812 0.003 0.018 0.016 0.005 0.034 0.003 0.008 0.014 0.022 0.007 0.058 
711    ZCF02    (0)   25 :  0.589 0.003 0.038 0.077 0.005 0.004 0.004 0.004 0.027 0.224 0.011 0.014 
712    ZCF03    (0)   25 :  0.708 0.009 0.013 0.051 0.007 0.007 0.003 0.013 0.017 0.008 0.008 0.156 
713    ZCF04    (0)   25 :  0.866 0.007 0.007 0.003 0.005 0.004 0.004 0.006 0.003 0.006 0.003 0.086 
714    ZCF05    (0)   25 :  0.886 0.002 0.038 0.008 0.006 0.003 0.002 0.003 0.021 0.014 0.012 0.005 
715    ZCF06    (0)   25 :  0.639 0.006 0.224 0.006 0.057 0.009 0.006 0.012 0.007 0.004 0.004 0.026 
716    ZCF07    (0)   25 :  0.901 0.003 0.011 0.028 0.003 0.019 0.003 0.006 0.004 0.012 0.007 0.004 
717    ZCF08    (0)   25 :  0.902 0.004 0.008 0.027 0.005 0.008 0.007 0.005 0.004 0.016 0.003 0.012 
718    ZCF09    (0)   25 :  0.317 0.032 0.208 0.006 0.049 0.071 0.094 0.049 0.015 0.006 0.003 0.150 
719    ZCF10    (0)   25 :  0.861 0.008 0.011 0.021 0.007 0.018 0.012 0.021 0.010 0.008 0.016 0.007 
720    ZCF11    (0)   25 :  0.906 0.011 0.010 0.018 0.004 0.007 0.004 0.009 0.006 0.007 0.012 0.007 
721    ZCF12    (0)   25 :  0.919 0.003 0.015 0.004 0.004 0.002 0.006 0.003 0.014 0.008 0.004 0.018 
722    ZCF13    (0)   25 :  0.905 0.003 0.006 0.012 0.004 0.005 0.019 0.003 0.015 0.008 0.014 0.004 
723    ZCF14    (0)   25 :  0.429 0.022 0.423 0.008 0.015 0.008 0.011 0.011 0.044 0.013 0.010 0.007 
724    ZCF15    (0)   25 :  0.873 0.004 0.031 0.036 0.011 0.003 0.006 0.005 0.006 0.005 0.008 0.013 
725    ZCF16    (0)   25 :  0.921 0.003 0.015 0.010 0.006 0.009 0.003 0.004 0.007 0.004 0.007 0.010 
726    ZCF17    (0)   25 :  0.935 0.003 0.006 0.022 0.005 0.005 0.002 0.004 0.005 0.005 0.006 0.003 
727    ZCF18    (0)   25 :  0.865 0.004 0.032 0.009 0.008 0.003 0.012 0.004 0.021 0.009 0.017 0.016 
728    ZCF19    (0)   25 :  0.264 0.004 0.592 0.009 0.022 0.002 0.003 0.004 0.033 0.015 0.011 0.040 
729    ZCF20    (0)   25 :  0.875 0.013 0.020 0.023 0.004 0.011 0.005 0.011 0.008 0.012 0.012 0.005 
730    ZCF21    (0)   25 :  0.904 0.003 0.010 0.009 0.007 0.004 0.004 0.007 0.013 0.006 0.009 0.024 
731    ZCF22    (0)   25 :  0.511 0.006 0.389 0.013 0.006 0.013 0.004 0.012 0.014 0.013 0.016 0.004 
732    ZCF23    (0)   25 :  0.926 0.003 0.005 0.014 0.003 0.006 0.006 0.004 0.007 0.008 0.012 0.007 
733    ZCF24    (0)   25 :  0.861 0.004 0.007 0.012 0.016 0.028 0.025 0.025 0.004 0.003 0.002 0.013 
734    ZCF25    (0)   25 :  0.929 0.008 0.014 0.005 0.007 0.008 0.007 0.007 0.005 0.004 0.003 0.004 
735    ZCF26    (0)   25 :  0.879 0.003 0.055 0.004 0.018 0.010 0.003 0.008 0.008 0.004 0.004 0.004 
736    ZCF27    (0)   25 :  0.933 0.003 0.008 0.015 0.005 0.005 0.003 0.004 0.005 0.005 0.007 0.006 
737    ZCF28    (0)   25 :  0.890 0.004 0.013 0.017 0.009 0.006 0.004 0.003 0.025 0.012 0.013 0.006 
738    ZCF29    (0)   25 :  0.076 0.017 0.067 0.065 0.029 0.013 0.044 0.032 0.029 0.014 0.011 0.602 
739    ZCF30    (0)   25 :  0.942 0.004 0.009 0.006 0.006 0.007 0.005 0.004 0.004 0.003 0.007 0.004 
740    ZCF31    (0)   25 :  0.798 0.005 0.041 0.093 0.005 0.002 0.004 0.003 0.007 0.025 0.004 0.013 
741    ZCF32    (0)   25 :  0.635 0.006 0.031 0.005 0.006 0.004 0.003 0.004 0.281 0.004 0.008 0.011 
742    ZCF33    (0)   25 :  0.813 0.003 0.010 0.003 0.004 0.003 0.004 0.003 0.114 0.024 0.013 0.007 
743    ZCF34    (0)   25 :  0.768 0.039 0.040 0.016 0.008 0.007 0.020 0.048 0.036 0.004 0.005 0.008 
744    ZCF35    (0)   25 :  0.760 0.013 0.015 0.006 0.008 0.003 0.009 0.014 0.004 0.006 0.004 0.156 
745    ZCF36    (0)   25 :  0.763 0.008 0.061 0.005 0.005 0.007 0.002 0.004 0.012 0.062 0.063 0.007 
746    ZCF37    (0)   25 :  0.876 0.005 0.009 0.016 0.004 0.005 0.003 0.010 0.029 0.008 0.012 0.023 
747    ZCF38    (0)   25 :  0.892 0.007 0.009 0.030 0.015 0.004 0.014 0.007 0.005 0.004 0.006 0.006 
748    ZCF39    (0)   25 :  0.362 0.021 0.024 0.020 0.003 0.006 0.014 0.515 0.005 0.004 0.010 0.016 
749    ZCF40    (0)   25 :  0.912 0.008 0.012 0.014 0.010 0.013 0.004 0.009 0.004 0.003 0.007 0.004 
750    ZCF41    (0)   25 :  0.839 0.003 0.039 0.007 0.016 0.007 0.003 0.004 0.039 0.008 0.013 0.022 
751    ZCF42    (0)   25 :  0.724 0.005 0.024 0.077 0.050 0.013 0.006 0.017 0.006 0.004 0.004 0.070 


Estimated Allele Frequencies in each cluster
First column gives estimated ancestral frequencies


Locus 1 : 
11 alleles
0.0% missing data
 206   (0.311) 0.069 0.306 0.364 0.201 0.557 0.003 0.307 0.197 0.004 0.233 0.181 0.003 
 204   (0.316) 0.632 0.569 0.259 0.790 0.358 0.995 0.436 0.740 0.889 0.505 0.442 0.994 
 222   (0.096) 0.111 0.001 0.107 0.002 0.001 0.000 0.001 0.001 0.103 0.133 0.002 0.001 
 218   (0.041) 0.002 0.110 0.029 0.001 0.051 0.000 0.001 0.060 0.000 0.001 0.366 0.000 
 216   (0.015) 0.001 0.012 0.011 0.000 0.000 0.000 0.000 0.000 0.000 0.000 0.000 0.000 
 208   (0.018) 0.004 0.001 0.015 0.000 0.000 0.000 0.165 0.000 0.001 0.000 0.000 0.000 
 224   (0.070) 0.007 0.000 0.079 0.002 0.031 0.000 0.001 0.001 0.001 0.125 0.001 0.001 
 220   (0.095) 0.157 0.001 0.105 0.002 0.001 0.000 0.089 0.001 0.001 0.002 0.008 0.001 
 230   (0.011) 0.001 0.000 0.010 0.000 0.000 0.000 0.000 0.000 0.000 0.000 0.000 0.000 
 210   (0.016) 0.013 0.000 0.012 0.000 0.000 0.000 0.000 0.000 0.000 0.000 0.000 0.000 
 202   (0.013) 0.004 0.000 0.009 0.000 0.000 0.000 0.000 0.000 0.000 0.000 0.000 0.000 

Locus 2 : 
5 alleles
0.7% missing data
 179   (0.581) 0.790 0.550 0.591 0.274 0.535 0.985 0.042 0.411 0.674 0.989 0.994 0.675 
 173   (0.350) 0.188 0.369 0.354 0.724 0.464 0.015 0.957 0.531 0.005 0.010 0.005 0.324 
 182   (0.030) 0.001 0.080 0.023 0.001 0.000 0.000 0.001 0.058 0.000 0.000 0.000 0.000 
 170   (0.022) 0.001 0.000 0.019 0.001 0.000 0.000 0.000 0.000 0.320 0.000 0.000 0.000 
 176   (0.018) 0.020 0.000 0.014 0.000 0.000 0.000 0.000 0.000 0.000 0.000 0.000 0.000 

Locus 3 : 
7 alleles
0.0% missing data
 198   (0.503) 0.319 0.745 0.517 0.869 0.545 0.126 0.229 0.574 0.407 0.697 0.839 0.005 
 207   (0.259) 0.545 0.010 0.266 0.113 0.003 0.003 0.041 0.004 0.589 0.300 0.105 0.992 
 216   (0.049) 0.002 0.020 0.036 0.001 0.450 0.495 0.292 0.119 0.001 0.001 0.001 0.000 
 195   (0.080) 0.004 0.208 0.070 0.016 0.001 0.376 0.437 0.301 0.001 0.002 0.038 0.001 
 213   (0.022) 0.001 0.016 0.016 0.000 0.000 0.000 0.001 0.001 0.000 0.000 0.016 0.000 
 210   (0.065) 0.056 0.000 0.078 0.001 0.001 0.000 0.001 0.000 0.001 0.001 0.001 0.001 
 219   (0.022) 0.073 0.000 0.017 0.000 0.000 0.000 0.000 0.000 0.000 0.000 0.000 0.000 

Locus 4 : 
7 alleles
0.0% missing data
 166   (0.297) 0.120 0.460 0.290 0.656 0.544 0.514 0.982 0.315 0.542 0.416 0.631 0.003 
 182   (0.163) 0.223 0.001 0.176 0.091 0.169 0.001 0.002 0.001 0.191 0.506 0.083 0.003 
 178   (0.334) 0.415 0.413 0.346 0.249 0.080 0.483 0.006 0.667 0.096 0.013 0.283 0.005 
 184   (0.096) 0.202 0.026 0.074 0.002 0.203 0.001 0.002 0.016 0.168 0.054 0.001 0.987 
 180   (0.025) 0.002 0.098 0.022 0.001 0.000 0.000 0.000 0.000 0.000 0.000 0.000 0.000 
 186   (0.062) 0.031 0.000 0.073 0.001 0.003 0.000 0.001 0.001 0.001 0.010 0.001 0.001 
 168   (0.023) 0.006 0.000 0.019 0.001 0.000 0.000 0.007 0.000 0.000 0.000 0.000 0.001 

Locus 5 : 
9 alleles
0.0% missing data
 215   (0.505) 0.876 0.176 0.490 0.684 0.850 0.943 0.010 0.379 0.240 0.552 0.836 0.308 
 207   (0.128) 0.022 0.706 0.106 0.003 0.139 0.055 0.180 0.619 0.001 0.220 0.006 0.689 
 225   (0.177) 0.009 0.001 0.236 0.268 0.002 0.001 0.002 0.001 0.002 0.159 0.073 0.001 
 217   (0.076) 0.033 0.001 0.078 0.001 0.007 0.000 0.001 0.001 0.754 0.065 0.081 0.001 
 211   (0.015) 0.001 0.002 0.011 0.000 0.000 0.000 0.000 0.000 0.000 0.000 0.000 0.000 
 205   (0.021) 0.001 0.113 0.015 0.000 0.000 0.000 0.317 0.000 0.000 0.000 0.000 0.000 
 189   (0.033) 0.051 0.000 0.025 0.002 0.000 0.000 0.489 0.000 0.000 0.000 0.000 0.000 
 227   (0.032) 0.002 0.000 0.030 0.041 0.001 0.000 0.000 0.000 0.001 0.003 0.004 0.000 
 223   (0.013) 0.006 0.000 0.009 0.000 0.000 0.000 0.000 0.000 0.000 0.000 0.000 0.000 

Locus 6 : 
2 alleles
1.1% missing data
 205   (0.079) 0.019 0.000 0.088 0.164 0.003 0.000 0.001 0.001 0.001 0.546 0.001 0.001 
 203   (0.921) 0.981 1.000 0.912 0.836 0.997 1.000 0.999 0.999 0.999 0.454 0.999 0.999 

Locus 7 : 
9 alleles
0.3% missing data
 187   (0.261) 0.178 0.002 0.280 0.201 0.309 0.001 0.003 0.002 0.991 0.648 0.603 0.252 
 199   (0.151) 0.312 0.001 0.155 0.162 0.002 0.001 0.121 0.001 0.002 0.006 0.253 0.053 
 189   (0.122) 0.007 0.180 0.147 0.004 0.038 0.004 0.002 0.166 0.002 0.340 0.138 0.001 
 195   (0.264) 0.226 0.281 0.253 0.628 0.650 0.992 0.648 0.648 0.003 0.004 0.003 0.003 
 191   (0.061) 0.007 0.288 0.056 0.002 0.001 0.001 0.108 0.127 0.001 0.001 0.001 0.001 
 183   (0.026) 0.018 0.060 0.019 0.001 0.000 0.000 0.000 0.000 0.000 0.000 0.000 0.000 
 193   (0.060) 0.094 0.187 0.049 0.001 0.001 0.000 0.094 0.055 0.001 0.001 0.001 0.001 
 201   (0.034) 0.156 0.000 0.027 0.001 0.000 0.000 0.000 0.000 0.000 0.000 0.000 0.689 
 197   (0.020) 0.002 0.000 0.015 0.000 0.000 0.000 0.022 0.000 0.000 0.000 0.000 0.000 

Locus 8 : 
8 alleles
0.4% missing data
 213   (0.156) 0.097 0.236 0.131 0.126 0.002 0.393 0.084 0.437 0.057 0.632 0.389 0.038 
 207   (0.189) 0.186 0.003 0.210 0.081 0.230 0.001 0.003 0.011 0.596 0.349 0.081 0.002 
 215   (0.063) 0.084 0.001 0.045 0.125 0.001 0.165 0.268 0.097 0.001 0.005 0.001 0.084 
 209   (0.243) 0.447 0.113 0.240 0.660 0.074 0.009 0.039 0.170 0.341 0.008 0.004 0.699 
 211   (0.195) 0.146 0.392 0.189 0.005 0.611 0.431 0.458 0.282 0.003 0.003 0.004 0.176 
 205   (0.081) 0.008 0.255 0.098 0.002 0.082 0.000 0.148 0.002 0.001 0.001 0.522 0.001 
 217   (0.061) 0.024 0.000 0.077 0.002 0.001 0.000 0.001 0.000 0.001 0.001 0.001 0.000 
 199   (0.012) 0.007 0.000 0.009 0.000 0.000 0.000 0.000 0.000 0.000 0.000 0.000 0.000 

Locus 9 : 
7 alleles
0.3% missing data
 184   (0.265) 0.446 0.002 0.316 0.708 0.003 0.001 0.004 0.003 0.457 0.579 0.877 0.003 
 186   (0.269) 0.054 0.841 0.269 0.007 0.062 0.266 0.638 0.392 0.079 0.357 0.023 0.131 
 188   (0.339) 0.276 0.151 0.324 0.281 0.460 0.006 0.222 0.023 0.462 0.063 0.099 0.864 
 176   (0.048) 0.069 0.005 0.035 0.002 0.000 0.011 0.134 0.231 0.001 0.001 0.001 0.000 
 190   (0.047) 0.035 0.001 0.034 0.001 0.474 0.716 0.001 0.328 0.000 0.000 0.001 0.000 
 182   (0.019) 0.120 0.000 0.014 0.000 0.000 0.000 0.000 0.000 0.000 0.000 0.000 0.000 
 192   (0.012) 0.001 0.000 0.009 0.000 0.000 0.000 0.000 0.022 0.000 0.000 0.000 0.000 

Locus 10 : 
3 alleles
0.0% missing data
 220   (0.309) 0.310 0.002 0.347 0.039 0.067 0.001 0.004 0.002 0.643 0.460 0.364 0.832 
 217   (0.677) 0.689 0.998 0.643 0.961 0.864 0.998 0.996 0.998 0.357 0.539 0.635 0.168 
 223   (0.014) 0.001 0.000 0.009 0.000 0.068 0.000 0.000 0.000 0.000 0.000 0.000 0.000 

Locus 11 : 
6 alleles
0.0% missing data
 205   (0.337) 0.453 0.002 0.361 0.008 0.746 0.002 0.039 0.003 0.568 0.705 0.961 0.714 
 202   (0.145) 0.038 0.049 0.130 0.022 0.002 0.894 0.005 0.226 0.002 0.241 0.004 0.115 
 211   (0.424) 0.146 0.948 0.432 0.505 0.251 0.104 0.955 0.770 0.428 0.052 0.034 0.033 
 208   (0.057) 0.319 0.000 0.051 0.464 0.001 0.000 0.001 0.000 0.001 0.002 0.001 0.001 
 217   (0.020) 0.006 0.000 0.015 0.000 0.000 0.000 0.000 0.000 0.000 0.000 0.000 0.138 
 214   (0.016) 0.038 0.000 0.011 0.000 0.000 0.000 0.000 0.000 0.000 0.000 0.000 0.000 

Values of parameters used in structure:
DATAFILE=C:\Users\eschumacher\Documents\GitHub\GCC_QUAC_ZAIN\Data_Files\Structure_Files\ZAIN\ZAIN_rebinned_wild\project_data,	OUTFILE=C:\Users\eschumacher\Documents\GitHub\GCC_QUAC_ZAIN\Data_Files\Structure_Files\ZAIN\ZAIN_rebinned_wild\50-50\Results\50-50_run_60,	NUMINDS=751,	NUMLOCI=11,	MISSING=-9,	LABEL=1,	POPDATA=1,	POPFLAG=0,	PHENOTYPE=0,	EXTRACOLS=0,	MAXPOPS=12,	BURNIN=50000,	NUMREPS=50000,	USEPOPINFO=0,	INFERALPHA=1,	INFERLAMBDA=0,	POPSPECIFICLAMBDA=0,	POPALPHAS=0,	COMPUTEPROB=1,	NOADMIX=0,	ADMBURNIN=2500,	UPDATEFREQ=1,	PRINTLIKES=0,	INTERMEDSAVE=0,	PRINTKLD=0,	PRINTNET=0,	PRINTLAMBDA=0,	ANCESTDIST=0,	NUMBOXES=1000,	ANCESTPINT=0.90000,	GENSBACK=2,	MIGRPRIOR=0.05000,	PRINTQHAT=0,	PRINTQSUM=0,	ALPHA=1.0000,	FREQSCORR=1,	FPRIORMEAN=0.0100,	FPRIORSD=0.0500,	ONEFST=0,	LAMBDA=1.0000,	UNIFPRIORALPHA=1,	ALPHAMAX=10.0000,	ALPHAPRIORA=1.0000,	ALPHAPRIORB=2.0000,	ALPHAPROPSD=0.0250,	STARTATPOPINFO=0,	RANDOMIZE=1,	LINKAGE=0,	METROFREQ=10,	REPORTHITRATE=0,	MARKOVPHASE=-1,	PHASED=0,	PLOIDY=2,	PHASEINFO=0	LOCPRIOR=0, 	LOCPRIORINIT=1.000000, 	LOCDATA=0, 	LOCISPOP=0, 	LOCPRIORSTEP=0.100000, 	MAXLOCPRIOR=20.000000, 	SEED=1660249664,	
[STRAT parameters]:    NUMSIMSTATS=1000,	PHENOTYPECOL=-9,	POOLFREQ=10,	LOCUSxONLY=0,	EMERROR=0.00100,	MISSINGPHENO=-9,	