

----------------------------------------------------
STRUCTURE by Pritchard, Stephens and Donnelly (2000)
     and Falush, Stephens and Pritchard (2003)
       Code by Pritchard, Falush and Hubisz
             Version 2.3.4 (Jul 2012)
----------------------------------------------------



Command line arguments:   bin\structure -m C:\Users\eschumacher\Documents\GitHub\GCC_QUAC_ZAIN\Data_Files\Structure_Files\ZAIN\ZAIN_rebinned_wild\50-50\mainparams -e C:\Users\eschumacher\Documents\GitHub\GCC_QUAC_ZAIN\Data_Files\Structure_Files\ZAIN\ZAIN_rebinned_wild\50-50\extraparams 
Input File:    C:\Users\eschumacher\Documents\GitHub\GCC_QUAC_ZAIN\Data_Files\Structure_Files\ZAIN\ZAIN_rebinned_wild\project_data

Run parameters:
   751 individuals
   11 loci
   13 populations assumed
   50000 Burn-in period
   50000 Reps


--------------------------------------------
Proportion of membership of each pre-defined
 population in each of the 13 clusters

Given    Inferred Clusters                                                                             Number of
 Pop       1      2      3      4      5      6      7      8      9     10     11     12     13      Individuals

  1:     0.005  0.006  0.880  0.021  0.010  0.008  0.015  0.006  0.009  0.017  0.012  0.004  0.005       35
  2:     0.022  0.227  0.006  0.005  0.005  0.020  0.006  0.659  0.007  0.008  0.006  0.013  0.017       36
  3:     0.027  0.124  0.004  0.006  0.006  0.009  0.005  0.768  0.013  0.006  0.006  0.019  0.008       33
  4:     0.009  0.008  0.006  0.011  0.010  0.036  0.013  0.012  0.007  0.007  0.006  0.009  0.867       40
  5:     0.009  0.035  0.004  0.004  0.004  0.005  0.003  0.007  0.006  0.004  0.004  0.910  0.006       39
  6:     0.014  0.019  0.040  0.020  0.017  0.013  0.206  0.033  0.053  0.476  0.076  0.014  0.018       40
  7:     0.022  0.010  0.020  0.045  0.050  0.048  0.032  0.010  0.045  0.232  0.454  0.011  0.021       37
  8:     0.019  0.185  0.007  0.003  0.005  0.006  0.004  0.740  0.006  0.005  0.003  0.012  0.006       40
  9:     0.003  0.005  0.805  0.005  0.076  0.040  0.022  0.005  0.006  0.010  0.007  0.012  0.005       28
 10:     0.006  0.007  0.004  0.006  0.005  0.923  0.005  0.007  0.005  0.004  0.004  0.005  0.019       14
 11:     0.005  0.013  0.009  0.828  0.014  0.020  0.009  0.009  0.011  0.015  0.028  0.033  0.006       13
 12:     0.008  0.889  0.004  0.002  0.007  0.007  0.003  0.015  0.006  0.004  0.004  0.029  0.023       14
 13:     0.039  0.054  0.004  0.010  0.006  0.013  0.005  0.829  0.006  0.005  0.009  0.011  0.008       25
 14:     0.921  0.009  0.005  0.005  0.005  0.005  0.004  0.015  0.006  0.006  0.005  0.006  0.008       40
 15:     0.008  0.055  0.022  0.008  0.008  0.026  0.012  0.020  0.018  0.020  0.009  0.018  0.776       32
 16:     0.003  0.003  0.003  0.959  0.003  0.004  0.003  0.003  0.003  0.004  0.004  0.003  0.003       20
 17:     0.005  0.009  0.446  0.004  0.020  0.012  0.125  0.010  0.148  0.174  0.034  0.005  0.007        4
 18:     0.007  0.009  0.124  0.006  0.241  0.009  0.246  0.024  0.010  0.302  0.007  0.005  0.009       23
 19:     0.004  0.005  0.014  0.005  0.916  0.006  0.011  0.005  0.007  0.009  0.008  0.004  0.006       39
 20:     0.003  0.004  0.026  0.296  0.022  0.014  0.597  0.005  0.007  0.008  0.008  0.004  0.004       38
 21:     0.053  0.734  0.004  0.004  0.004  0.007  0.004  0.039  0.011  0.006  0.006  0.119  0.008       45
 22:     0.026  0.475  0.005  0.013  0.005  0.023  0.005  0.293  0.008  0.006  0.013  0.117  0.012       28
 23:     0.005  0.005  0.343  0.009  0.521  0.005  0.020  0.007  0.006  0.041  0.022  0.008  0.008        6
 24:     0.014  0.012  0.014  0.005  0.018  0.010  0.012  0.007  0.860  0.017  0.016  0.011  0.006       40
 25:     0.010  0.021  0.015  0.039  0.010  0.019  0.020  0.008  0.018  0.086  0.737  0.009  0.009       42
--------------------------------------------

Allele-freq. divergence among pops (Net nucleotide distance),
computed using point estimates of P.

      1       2       3       4       5       6       7       8       9      10      11      12      13      
 1      -    0.1245  0.3723  0.4106  0.3911  0.2818  0.2735  0.1128  0.1873  0.2157  0.2719  0.2929  0.2039  
 2   0.1245     -    0.2531  0.3281  0.2802  0.1932  0.2177  0.0492  0.1339  0.1349  0.1625  0.1410  0.1734  
 3   0.3723  0.2531     -    0.2522  0.1034  0.2621  0.1002  0.2507  0.2274  0.0949  0.1358  0.2948  0.2197  
 4   0.4106  0.3281  0.2522     -    0.3059  0.2776  0.1478  0.3365  0.3240  0.1779  0.1439  0.4098  0.3078  
 5   0.3911  0.2802  0.1034  0.3059     -    0.2843  0.1221  0.2795  0.2081  0.1032  0.1283  0.3076  0.1885  
 6   0.2818  0.1932  0.2621  0.2776  0.2843     -    0.1928  0.2079  0.1884  0.1598  0.1587  0.2454  0.1975  
 7   0.2735  0.2177  0.1002  0.1478  0.1221  0.1928     -    0.2104  0.1694  0.0540  0.0909  0.3053  0.1892  
 8   0.1128  0.0492  0.2507  0.3365  0.2795  0.2079  0.2104     -    0.1779  0.1404  0.1996  0.2446  0.2092  
 9   0.1873  0.1339  0.2274  0.3240  0.2081  0.1884  0.1694  0.1779     -    0.1077  0.1171  0.2505  0.1865  
10   0.2157  0.1349  0.0949  0.1779  0.1032  0.1598  0.0540  0.1404  0.1077     -    0.0390  0.2253  0.1172  
11   0.2719  0.1625  0.1358  0.1439  0.1283  0.1587  0.0909  0.1996  0.1171  0.0390     -    0.1967  0.1557  
12   0.2929  0.1410  0.2948  0.4098  0.3076  0.2454  0.3053  0.2446  0.2505  0.2253  0.1967     -    0.1993  
13   0.2039  0.1734  0.2197  0.3078  0.1885  0.1975  0.1892  0.2092  0.1865  0.1172  0.1557  0.1993     -    

Average distances (expected heterozygosity) between individuals in same cluster:
cluster  1  : 0.3612 
cluster  2  : 0.4275 
cluster  3  : 0.4674 
cluster  4  : 0.3349 
cluster  5  : 0.3060 
cluster  6  : 0.2404 
cluster  7  : 0.5133 
cluster  8  : 0.4035 
cluster  9  : 0.3845 
cluster 10  : 0.6032 
cluster 11  : 0.5404 
cluster 12  : 0.2281 
cluster 13  : 0.3964 

--------------------------------------------
Estimated Ln Prob of Data   = -21950.6
Mean value of ln likelihood = -12736.7
Variance of ln likelihood   = 18427.8
Mean value of alpha         = 0.0317

Mean value of Fst_1         = 0.4592
Mean value of Fst_2         = 0.4421
Mean value of Fst_3         = 0.4541
Mean value of Fst_4         = 0.5547
Mean value of Fst_5         = 0.5060
Mean value of Fst_6         = 0.6538
Mean value of Fst_7         = 0.4084
Mean value of Fst_8         = 0.3954
Mean value of Fst_9         = 0.4269
Mean value of Fst_10         = 0.1422
Mean value of Fst_11         = 0.1438
Mean value of Fst_12         = 0.6730
Mean value of Fst_13         = 0.4136


Inferred ancestry of individuals:
        Label (%Miss) Pop:  Inferred clusters
  1    ZFB01    (0)    1 :  0.003 0.003 0.952 0.005 0.010 0.002 0.006 0.003 0.003 0.004 0.003 0.003 0.004 
  2    ZFB02    (0)    1 :  0.003 0.002 0.855 0.020 0.012 0.007 0.053 0.003 0.004 0.022 0.006 0.002 0.010 
  3    ZFB03    (0)    1 :  0.002 0.014 0.865 0.003 0.020 0.004 0.010 0.009 0.009 0.019 0.018 0.019 0.006 
  4    ZFB04    (0)    1 :  0.002 0.003 0.905 0.016 0.007 0.007 0.032 0.004 0.004 0.007 0.005 0.002 0.005 
  5    ZFB05    (0)    1 :  0.010 0.005 0.723 0.083 0.010 0.038 0.034 0.002 0.028 0.017 0.034 0.009 0.008 
  6    ZFB06    (0)    1 :  0.011 0.005 0.785 0.066 0.010 0.018 0.017 0.003 0.021 0.016 0.035 0.008 0.007 
  7    ZFB07    (9)    1 :  0.006 0.006 0.806 0.009 0.071 0.005 0.007 0.006 0.013 0.025 0.037 0.005 0.004 
  8    ZFB08    (0)    1 :  0.008 0.008 0.869 0.003 0.024 0.011 0.014 0.010 0.022 0.011 0.006 0.005 0.008 
  9    ZFB09    (0)    1 :  0.002 0.002 0.955 0.004 0.007 0.003 0.005 0.003 0.004 0.006 0.003 0.003 0.004 
 10    ZFB10    (0)    1 :  0.006 0.009 0.916 0.005 0.004 0.007 0.012 0.016 0.005 0.009 0.004 0.002 0.005 
 11    ZFB11    (0)    1 :  0.003 0.003 0.949 0.010 0.004 0.004 0.006 0.004 0.003 0.005 0.003 0.002 0.004 
 12    ZFB12    (0)    1 :  0.003 0.006 0.887 0.021 0.005 0.003 0.017 0.006 0.019 0.014 0.010 0.004 0.004 
 13    ZFB13    (0)    1 :  0.008 0.009 0.875 0.004 0.008 0.015 0.022 0.012 0.011 0.022 0.007 0.004 0.004 
 14    ZFB14    (0)    1 :  0.003 0.003 0.948 0.003 0.006 0.004 0.007 0.004 0.004 0.007 0.003 0.003 0.005 
 15    ZFB15    (0)    1 :  0.002 0.002 0.955 0.005 0.007 0.003 0.008 0.002 0.004 0.004 0.003 0.002 0.002 
 16    ZFB16    (0)    1 :  0.005 0.006 0.915 0.007 0.005 0.013 0.015 0.007 0.009 0.009 0.004 0.003 0.003 
 17    ZFB17    (0)    1 :  0.009 0.008 0.844 0.021 0.005 0.029 0.012 0.007 0.026 0.014 0.008 0.002 0.014 
 18    ZFB18    (0)    1 :  0.002 0.002 0.960 0.003 0.004 0.002 0.005 0.003 0.003 0.006 0.003 0.002 0.004 
 19    ZFB19    (0)    1 :  0.009 0.027 0.481 0.006 0.032 0.005 0.102 0.031 0.032 0.227 0.036 0.007 0.004 
 20    ZFB20    (0)    1 :  0.004 0.005 0.884 0.020 0.005 0.020 0.026 0.007 0.008 0.011 0.005 0.002 0.003 
 21    ZFB21    (0)    1 :  0.002 0.002 0.955 0.006 0.007 0.004 0.005 0.002 0.003 0.004 0.005 0.003 0.003 
 22    ZFB22    (0)    1 :  0.008 0.010 0.882 0.026 0.005 0.005 0.019 0.008 0.010 0.010 0.007 0.002 0.007 
 23    ZFB23    (0)    1 :  0.003 0.003 0.949 0.011 0.003 0.005 0.005 0.004 0.003 0.005 0.004 0.003 0.004 
 24    ZFB24    (0)    1 :  0.003 0.003 0.942 0.015 0.005 0.005 0.008 0.004 0.003 0.004 0.003 0.002 0.003 
 25    ZFB25    (0)    1 :  0.003 0.005 0.954 0.004 0.004 0.003 0.004 0.008 0.003 0.004 0.003 0.003 0.003 
 26    ZFB26    (0)    1 :  0.003 0.005 0.926 0.022 0.004 0.010 0.005 0.006 0.003 0.004 0.005 0.003 0.004 
 27    ZFB27    (0)    1 :  0.002 0.003 0.922 0.041 0.004 0.003 0.005 0.004 0.002 0.004 0.004 0.002 0.003 
 28    ZFB28    (0)    1 :  0.003 0.005 0.792 0.100 0.004 0.010 0.014 0.005 0.011 0.022 0.023 0.004 0.008 
 29    ZFB29    (0)    1 :  0.002 0.002 0.945 0.009 0.004 0.007 0.008 0.003 0.003 0.006 0.004 0.002 0.004 
 30    ZFB30    (0)    1 :  0.013 0.005 0.669 0.136 0.023 0.004 0.007 0.004 0.015 0.019 0.096 0.006 0.003 
 31    ZFB31    (0)    1 :  0.004 0.006 0.931 0.006 0.005 0.003 0.011 0.008 0.003 0.011 0.004 0.003 0.004 
 32    ZFB32    (0)    1 :  0.004 0.008 0.785 0.048 0.007 0.021 0.016 0.009 0.033 0.019 0.024 0.007 0.019 
 33    ZFB33    (0)    1 :  0.002 0.002 0.958 0.005 0.005 0.003 0.007 0.002 0.002 0.004 0.003 0.002 0.003 
 34    ZFB34    (0)    1 :  0.003 0.003 0.941 0.003 0.015 0.004 0.006 0.003 0.004 0.006 0.004 0.003 0.006 
 35    ZFB35    (0)    1 :  0.003 0.004 0.937 0.006 0.011 0.005 0.009 0.005 0.004 0.005 0.004 0.003 0.004 
 36  ZFBP101    (0)    2 :  0.036 0.522 0.009 0.004 0.004 0.087 0.012 0.239 0.012 0.012 0.007 0.014 0.041 
 37  ZFBP102    (0)    2 :  0.013 0.540 0.013 0.005 0.005 0.034 0.015 0.332 0.008 0.013 0.008 0.004 0.010 
 38  ZFBP103    (0)    2 :  0.011 0.771 0.007 0.004 0.003 0.042 0.010 0.049 0.006 0.011 0.006 0.015 0.064 
 39  ZFBP104    (0)    2 :  0.007 0.641 0.016 0.004 0.022 0.005 0.012 0.229 0.025 0.016 0.011 0.008 0.003 
 40  ZFBP105    (0)    2 :  0.005 0.215 0.005 0.005 0.005 0.006 0.006 0.715 0.008 0.008 0.006 0.012 0.004 
 41  ZFBP106    (0)    2 :  0.010 0.161 0.003 0.003 0.004 0.011 0.003 0.767 0.006 0.004 0.003 0.019 0.006 
 42  ZFBP107    (0)    2 :  0.005 0.423 0.008 0.024 0.004 0.037 0.007 0.442 0.008 0.007 0.014 0.014 0.006 
 43  ZFBP108    (0)    2 :  0.004 0.010 0.003 0.003 0.003 0.004 0.003 0.953 0.003 0.003 0.003 0.006 0.003 
 44  ZFBP109    (0)    2 :  0.005 0.016 0.003 0.002 0.005 0.004 0.004 0.938 0.004 0.007 0.005 0.004 0.004 
 45  ZFBP110    (0)    2 :  0.006 0.445 0.035 0.004 0.008 0.033 0.024 0.271 0.009 0.053 0.017 0.074 0.022 
 46  ZFBP111    (0)    2 :  0.104 0.580 0.002 0.003 0.003 0.004 0.003 0.269 0.012 0.003 0.004 0.008 0.004 
 47  ZFBP112    (0)    2 :  0.047 0.025 0.003 0.006 0.004 0.017 0.004 0.849 0.009 0.006 0.004 0.011 0.015 
 48  ZFBP113    (0)    2 :  0.004 0.015 0.003 0.004 0.004 0.003 0.004 0.943 0.006 0.004 0.004 0.003 0.003 
 49  ZFBP114    (0)    2 :  0.009 0.220 0.003 0.010 0.004 0.025 0.003 0.699 0.003 0.004 0.010 0.005 0.005 
 50  ZFBP115    (0)    2 :  0.012 0.844 0.002 0.003 0.002 0.010 0.003 0.084 0.007 0.004 0.004 0.017 0.008 
 51  ZFBP116    (0)    2 :  0.005 0.042 0.002 0.004 0.003 0.005 0.003 0.908 0.008 0.004 0.005 0.006 0.004 
 52  ZFBP117    (0)    2 :  0.006 0.014 0.003 0.002 0.003 0.005 0.003 0.938 0.004 0.005 0.004 0.006 0.007 
 53  ZFBP118    (0)    2 :  0.014 0.082 0.004 0.011 0.003 0.018 0.004 0.835 0.004 0.004 0.013 0.005 0.004 
 54  ZFBP119    (0)    2 :  0.019 0.375 0.003 0.002 0.004 0.017 0.003 0.506 0.014 0.006 0.005 0.017 0.029 
 55  ZFBP120    (0)    2 :  0.005 0.249 0.007 0.005 0.005 0.005 0.005 0.685 0.008 0.006 0.006 0.012 0.004 
 56  ZFBP121    (0)    2 :  0.004 0.038 0.005 0.003 0.006 0.008 0.004 0.904 0.004 0.005 0.004 0.007 0.008 
 57  ZFBP122    (9)    2 :  0.011 0.127 0.003 0.003 0.004 0.006 0.003 0.818 0.007 0.004 0.004 0.007 0.004 
 58  ZFBP123    (0)    2 :  0.015 0.015 0.003 0.006 0.004 0.034 0.004 0.886 0.010 0.006 0.004 0.005 0.009 
 59  ZFBP124    (0)    2 :  0.006 0.011 0.004 0.004 0.008 0.008 0.003 0.936 0.004 0.004 0.004 0.004 0.004 
 60  ZFBP125    (0)    2 :  0.015 0.034 0.002 0.002 0.002 0.005 0.003 0.912 0.004 0.003 0.003 0.008 0.006 
 61  ZFBP126    (0)    2 :  0.007 0.120 0.008 0.005 0.004 0.020 0.020 0.740 0.018 0.026 0.010 0.004 0.018 
 62  ZFBP127    (0)    2 :  0.005 0.179 0.003 0.003 0.004 0.006 0.003 0.674 0.004 0.004 0.005 0.092 0.020 
 63  ZFBP128    (0)    2 :  0.031 0.029 0.004 0.002 0.004 0.007 0.003 0.875 0.004 0.003 0.002 0.018 0.017 
 64  ZFBP129    (0)    2 :  0.117 0.007 0.004 0.002 0.006 0.007 0.004 0.821 0.005 0.007 0.005 0.007 0.009 
 65  ZFBP130    (0)    2 :  0.071 0.043 0.002 0.004 0.002 0.009 0.003 0.812 0.009 0.004 0.003 0.013 0.026 
 66  ZFBP131    (0)    2 :  0.004 0.006 0.003 0.003 0.004 0.003 0.004 0.955 0.005 0.004 0.003 0.003 0.003 
 67  ZFBP132    (0)    2 :  0.004 0.011 0.004 0.003 0.003 0.004 0.003 0.942 0.003 0.003 0.003 0.013 0.004 
 68  ZFBP133    (0)    2 :  0.101 0.008 0.002 0.002 0.004 0.003 0.003 0.853 0.006 0.004 0.002 0.003 0.008 
 69  ZFBP134    (0)    2 :  0.010 0.891 0.003 0.003 0.003 0.003 0.004 0.047 0.011 0.004 0.003 0.005 0.013 
 70  ZFBP135    (0)    2 :  0.018 0.190 0.014 0.003 0.006 0.054 0.020 0.463 0.006 0.033 0.006 0.018 0.169 
 71  ZFBP136    (0)    2 :  0.047 0.262 0.003 0.008 0.003 0.163 0.005 0.433 0.008 0.006 0.004 0.013 0.043 
 72  ZFBP201    (0)    3 :  0.004 0.015 0.005 0.008 0.004 0.005 0.005 0.920 0.007 0.007 0.006 0.010 0.005 
 73  ZFBP202    (0)    3 :  0.008 0.041 0.005 0.003 0.006 0.005 0.004 0.903 0.005 0.005 0.004 0.008 0.004 
 74  ZFBP203    (0)    3 :  0.018 0.018 0.006 0.047 0.005 0.008 0.016 0.808 0.026 0.015 0.022 0.005 0.005 
 75  ZFBP204    (0)    3 :  0.023 0.243 0.004 0.005 0.004 0.033 0.005 0.630 0.009 0.006 0.005 0.018 0.015 
 76  ZFBP205    (0)    3 :  0.010 0.006 0.002 0.004 0.003 0.010 0.004 0.939 0.005 0.005 0.003 0.002 0.006 
 77  ZFBP206    (0)    3 :  0.040 0.010 0.003 0.007 0.006 0.026 0.005 0.870 0.013 0.005 0.004 0.005 0.008 
 78  ZFBP207    (0)    3 :  0.008 0.265 0.004 0.004 0.004 0.008 0.003 0.599 0.004 0.005 0.004 0.078 0.014 
 79  ZFBP208    (0)    3 :  0.008 0.010 0.003 0.012 0.004 0.014 0.005 0.910 0.014 0.006 0.005 0.003 0.005 
 80  ZFBP209    (0)    3 :  0.053 0.008 0.002 0.002 0.003 0.003 0.004 0.903 0.005 0.003 0.002 0.003 0.008 
 81  ZFBP210    (0)    3 :  0.009 0.013 0.004 0.009 0.004 0.006 0.004 0.911 0.013 0.006 0.005 0.010 0.004 
 82  ZFBP211    (0)    3 :  0.004 0.010 0.005 0.003 0.006 0.008 0.003 0.936 0.005 0.004 0.004 0.008 0.004 
 83  ZFBP212    (0)    3 :  0.005 0.227 0.007 0.003 0.004 0.003 0.003 0.704 0.003 0.003 0.003 0.031 0.003 
 84  ZFBP213    (0)    3 :  0.010 0.009 0.004 0.004 0.017 0.024 0.005 0.886 0.011 0.006 0.005 0.010 0.010 
 85  ZFBP214    (0)    3 :  0.090 0.030 0.006 0.004 0.017 0.018 0.008 0.679 0.046 0.015 0.007 0.035 0.044 
 86  ZFBP215    (0)    3 :  0.006 0.011 0.003 0.002 0.004 0.004 0.003 0.944 0.004 0.004 0.003 0.005 0.005 
 87  ZFBP216    (0)    3 :  0.005 0.158 0.004 0.007 0.005 0.005 0.006 0.752 0.030 0.008 0.010 0.006 0.005 
 88  ZFBP217    (0)    3 :  0.188 0.128 0.006 0.004 0.006 0.004 0.004 0.577 0.022 0.007 0.007 0.039 0.007 
 89  ZFBP218    (0)    3 :  0.011 0.015 0.002 0.003 0.004 0.003 0.003 0.943 0.006 0.003 0.003 0.003 0.003 
 90  ZFBP219    (0)    3 :  0.004 0.013 0.002 0.004 0.003 0.004 0.003 0.946 0.006 0.004 0.004 0.003 0.003 
 91  ZFBP220    (0)    3 :  0.043 0.241 0.003 0.004 0.003 0.008 0.004 0.647 0.007 0.004 0.004 0.014 0.020 
 92  ZFBP221    (0)    3 :  0.008 0.513 0.004 0.003 0.004 0.002 0.003 0.441 0.005 0.004 0.003 0.007 0.003 
 93  ZFBP222    (0)    3 :  0.007 0.006 0.003 0.005 0.005 0.005 0.006 0.938 0.007 0.006 0.003 0.003 0.007 
 94  ZFBP223    (0)    3 :  0.011 0.146 0.010 0.005 0.005 0.009 0.005 0.600 0.005 0.007 0.006 0.184 0.008 
 95  ZFBP224    (0)    3 :  0.005 0.011 0.003 0.004 0.008 0.011 0.005 0.927 0.007 0.005 0.005 0.005 0.004 
 96  ZFBP225    (0)    3 :  0.219 0.485 0.003 0.010 0.003 0.011 0.005 0.203 0.015 0.009 0.008 0.017 0.012 
 97  ZFBP226    (0)    3 :  0.005 0.022 0.003 0.004 0.003 0.004 0.004 0.932 0.006 0.004 0.004 0.004 0.003 
 98  ZFBP227    (0)    3 :  0.006 0.391 0.009 0.004 0.018 0.009 0.013 0.372 0.116 0.023 0.024 0.008 0.005 
 99  ZFBP228    (0)    3 :  0.008 0.530 0.004 0.002 0.005 0.005 0.003 0.352 0.004 0.005 0.004 0.060 0.017 
100  ZFBP229    (0)    3 :  0.020 0.062 0.002 0.003 0.003 0.003 0.003 0.878 0.006 0.005 0.004 0.004 0.007 
101  ZFBP230    (0)    3 :  0.030 0.406 0.003 0.003 0.003 0.008 0.004 0.494 0.008 0.005 0.004 0.010 0.022 
102  ZFBP231    (0)    3 :  0.005 0.010 0.004 0.004 0.005 0.013 0.004 0.932 0.005 0.004 0.004 0.006 0.004 
103  ZFBP232    (0)    3 :  0.006 0.009 0.003 0.003 0.003 0.005 0.003 0.951 0.003 0.003 0.003 0.004 0.004 
104  ZFBP233    (0)    3 :  0.015 0.023 0.005 0.004 0.007 0.009 0.004 0.902 0.011 0.005 0.005 0.006 0.005 
105   ZFCC01    (0)    4 :  0.004 0.004 0.005 0.004 0.019 0.008 0.007 0.004 0.005 0.004 0.004 0.005 0.928 
106   ZFCC03    (0)    4 :  0.005 0.003 0.003 0.003 0.007 0.005 0.003 0.004 0.003 0.004 0.003 0.008 0.949 
107   ZFCC04    (0)    4 :  0.006 0.004 0.004 0.004 0.006 0.013 0.004 0.004 0.005 0.004 0.004 0.005 0.937 
108   ZFCC05    (0)    4 :  0.007 0.006 0.005 0.005 0.012 0.044 0.006 0.006 0.009 0.006 0.006 0.018 0.870 
109   ZFCC08    (0)    4 :  0.019 0.009 0.002 0.002 0.009 0.008 0.003 0.011 0.008 0.005 0.003 0.005 0.917 
110   ZFCC09    (0)    4 :  0.003 0.003 0.003 0.003 0.012 0.006 0.003 0.004 0.003 0.004 0.003 0.007 0.945 
111   ZFCC10    (0)    4 :  0.004 0.003 0.003 0.004 0.040 0.009 0.004 0.004 0.004 0.005 0.004 0.004 0.914 
112   ZFCC11    (0)    4 :  0.005 0.004 0.004 0.004 0.011 0.008 0.004 0.005 0.004 0.004 0.004 0.012 0.932 
113   ZFCC12    (0)    4 :  0.005 0.008 0.008 0.021 0.019 0.029 0.094 0.006 0.009 0.020 0.012 0.007 0.762 
114   ZFCC13    (0)    4 :  0.006 0.012 0.004 0.010 0.005 0.008 0.005 0.008 0.013 0.005 0.006 0.009 0.911 
115   ZFCC14    (0)    4 :  0.007 0.004 0.009 0.006 0.007 0.022 0.006 0.008 0.004 0.008 0.005 0.004 0.909 
116   ZFCC15    (0)    4 :  0.004 0.004 0.003 0.004 0.005 0.005 0.005 0.004 0.008 0.005 0.005 0.004 0.943 
117   ZFCC16    (0)    4 :  0.005 0.003 0.004 0.004 0.006 0.016 0.005 0.003 0.005 0.005 0.004 0.004 0.938 
118   ZFCC17    (0)    4 :  0.003 0.003 0.005 0.010 0.006 0.044 0.009 0.003 0.004 0.004 0.006 0.005 0.898 
119   ZFCC18    (0)    4 :  0.006 0.004 0.003 0.004 0.010 0.009 0.004 0.004 0.005 0.004 0.004 0.008 0.935 
120   ZFCC19    (0)    4 :  0.003 0.003 0.004 0.008 0.003 0.009 0.005 0.003 0.006 0.006 0.006 0.003 0.941 
121   ZFCC20    (0)    4 :  0.005 0.005 0.004 0.003 0.004 0.011 0.005 0.004 0.007 0.005 0.004 0.007 0.938 
122   ZFCC21    (0)    4 :  0.037 0.016 0.005 0.007 0.005 0.011 0.012 0.028 0.042 0.026 0.004 0.003 0.803 
123   ZFCC22    (0)    4 :  0.049 0.074 0.003 0.005 0.016 0.012 0.004 0.165 0.009 0.005 0.003 0.006 0.649 
124   ZFCC26    (0)    4 :  0.004 0.003 0.004 0.003 0.006 0.008 0.005 0.003 0.004 0.004 0.003 0.005 0.947 
125   ZFCC27    (0)    4 :  0.003 0.003 0.003 0.003 0.004 0.006 0.003 0.003 0.003 0.003 0.003 0.007 0.955 
126   ZFCC29    (0)    4 :  0.005 0.005 0.009 0.004 0.006 0.017 0.007 0.004 0.011 0.006 0.005 0.005 0.916 
127   ZFCC30    (0)    4 :  0.005 0.004 0.003 0.003 0.003 0.007 0.003 0.003 0.004 0.003 0.003 0.011 0.948 
128   ZFCC32    (0)    4 :  0.005 0.005 0.003 0.007 0.008 0.009 0.007 0.004 0.012 0.005 0.006 0.005 0.924 
129   ZFCC33    (0)    4 :  0.005 0.005 0.010 0.004 0.007 0.332 0.006 0.004 0.005 0.012 0.006 0.007 0.597 
130   ZFCC34    (0)    4 :  0.021 0.048 0.028 0.015 0.024 0.054 0.022 0.069 0.007 0.008 0.006 0.077 0.620 
131   ZFCC35    (0)    4 :  0.004 0.004 0.002 0.004 0.004 0.007 0.003 0.003 0.003 0.003 0.003 0.004 0.957 
132   ZFCC36    (0)    4 :  0.010 0.008 0.004 0.015 0.005 0.012 0.006 0.008 0.016 0.005 0.005 0.004 0.901 
133   ZFCC37    (0)    4 :  0.006 0.009 0.007 0.017 0.030 0.031 0.073 0.009 0.011 0.025 0.013 0.008 0.763 
134   ZFCC40    (0)    4 :  0.003 0.003 0.004 0.010 0.009 0.015 0.005 0.006 0.003 0.004 0.003 0.003 0.930 
135   ZFCC42    (0)    4 :  0.007 0.009 0.033 0.167 0.006 0.502 0.122 0.004 0.004 0.016 0.030 0.052 0.048 
136   ZFCC44    (0)    4 :  0.003 0.003 0.003 0.007 0.003 0.015 0.003 0.003 0.002 0.003 0.005 0.010 0.940 
137   ZFCC45    (9)    4 :  0.004 0.005 0.008 0.018 0.018 0.056 0.011 0.005 0.007 0.012 0.018 0.009 0.828 
138   ZFCC46    (0)    4 :  0.032 0.016 0.003 0.004 0.003 0.013 0.003 0.013 0.008 0.004 0.003 0.009 0.888 
139   ZFCC47    (0)    4 :  0.007 0.005 0.005 0.013 0.022 0.007 0.041 0.005 0.006 0.007 0.005 0.005 0.871 
140   ZFCC48    (0)    4 :  0.033 0.010 0.004 0.004 0.005 0.015 0.006 0.025 0.012 0.009 0.003 0.004 0.871 
141   ZFCC50    (0)    4 :  0.003 0.003 0.004 0.004 0.005 0.009 0.005 0.003 0.004 0.004 0.004 0.003 0.950 
142   ZFCC51    (0)    4 :  0.003 0.003 0.004 0.002 0.005 0.004 0.003 0.003 0.003 0.003 0.003 0.008 0.955 
143   ZFCC52    (0)    4 :  0.013 0.010 0.004 0.007 0.005 0.039 0.007 0.015 0.007 0.005 0.004 0.005 0.880 
144   ZFCC53    (0)    4 :  0.003 0.003 0.003 0.003 0.005 0.006 0.003 0.003 0.002 0.003 0.003 0.006 0.957 
145  ZFCNS01    (0)    5 :  0.003 0.032 0.002 0.023 0.003 0.003 0.008 0.005 0.051 0.015 0.029 0.819 0.006 
146  ZFCNS02    (0)    5 :  0.004 0.004 0.002 0.002 0.003 0.003 0.002 0.003 0.003 0.002 0.002 0.963 0.005 
147  ZFCNS05    (0)    5 :  0.005 0.007 0.005 0.002 0.005 0.005 0.003 0.006 0.006 0.003 0.003 0.941 0.007 
148  ZFCNS06    (0)    5 :  0.004 0.004 0.003 0.002 0.003 0.003 0.003 0.004 0.003 0.003 0.002 0.960 0.005 
149  ZFCNS07    (0)    5 :  0.009 0.006 0.003 0.002 0.003 0.003 0.002 0.006 0.004 0.003 0.003 0.954 0.003 
150  ZFCNS10    (0)    5 :  0.005 0.013 0.003 0.004 0.002 0.003 0.002 0.007 0.003 0.003 0.003 0.948 0.004 
151  ZFCNS11    (0)    5 :  0.004 0.015 0.002 0.011 0.003 0.003 0.007 0.005 0.025 0.008 0.013 0.899 0.007 
152  ZFCNS15    (0)    5 :  0.008 0.038 0.003 0.002 0.003 0.006 0.003 0.014 0.004 0.004 0.003 0.910 0.003 
153  ZFCNS17    (0)    5 :  0.004 0.005 0.003 0.002 0.003 0.004 0.002 0.004 0.003 0.003 0.003 0.961 0.005 
154  ZFCNS18    (0)    5 :  0.004 0.015 0.003 0.004 0.003 0.003 0.002 0.008 0.003 0.003 0.003 0.945 0.005 
155  ZFCNS19    (0)    5 :  0.004 0.004 0.003 0.002 0.003 0.003 0.002 0.002 0.003 0.002 0.002 0.965 0.004 
156  ZFCNS20    (0)    5 :  0.016 0.013 0.003 0.003 0.003 0.007 0.003 0.011 0.004 0.004 0.003 0.926 0.004 
157  ZFCNS21    (0)    5 :  0.002 0.005 0.002 0.002 0.003 0.003 0.002 0.003 0.003 0.003 0.003 0.965 0.004 
158  ZFCNS22    (0)    5 :  0.005 0.012 0.005 0.002 0.005 0.005 0.003 0.011 0.005 0.004 0.004 0.934 0.005 
159  ZFCNS23    (0)    5 :  0.012 0.006 0.004 0.010 0.005 0.024 0.007 0.006 0.011 0.007 0.007 0.891 0.012 
160  ZFCNS24    (0)    5 :  0.005 0.008 0.002 0.002 0.003 0.008 0.003 0.005 0.004 0.003 0.003 0.945 0.007 
161  ZFCNS25    (0)    5 :  0.009 0.012 0.003 0.002 0.003 0.007 0.003 0.009 0.004 0.003 0.003 0.937 0.005 
162  ZFCNS26    (0)    5 :  0.003 0.007 0.003 0.002 0.003 0.003 0.002 0.004 0.003 0.003 0.003 0.961 0.003 
163  ZFCNS27    (0)    5 :  0.009 0.056 0.003 0.002 0.003 0.005 0.003 0.019 0.004 0.004 0.004 0.885 0.003 
164  ZFCNS28    (0)    5 :  0.004 0.005 0.004 0.002 0.004 0.003 0.002 0.003 0.003 0.003 0.003 0.961 0.004 
165  ZFCNS29    (0)    5 :  0.004 0.007 0.004 0.002 0.004 0.007 0.003 0.007 0.005 0.004 0.003 0.943 0.007 
166  ZFCNS30    (0)    5 :  0.003 0.008 0.004 0.002 0.005 0.005 0.003 0.004 0.005 0.003 0.003 0.948 0.006 
167  ZFCNS31    (0)    5 :  0.004 0.005 0.003 0.002 0.003 0.003 0.002 0.003 0.003 0.003 0.003 0.963 0.003 
168  ZFCNS32    (0)    5 :  0.007 0.009 0.003 0.002 0.003 0.006 0.003 0.006 0.005 0.003 0.003 0.944 0.005 
169  ZFCNS33    (0)    5 :  0.004 0.005 0.003 0.002 0.003 0.003 0.002 0.003 0.003 0.002 0.003 0.963 0.004 
170  ZFCNS34    (0)    5 :  0.004 0.006 0.003 0.002 0.005 0.007 0.003 0.005 0.005 0.003 0.003 0.943 0.011 
171  ZFCNS35    (0)    5 :  0.004 0.032 0.022 0.002 0.010 0.003 0.007 0.013 0.003 0.008 0.003 0.885 0.009 
172  ZFCNS36    (0)    5 :  0.008 0.007 0.002 0.002 0.003 0.009 0.003 0.006 0.005 0.003 0.003 0.939 0.010 
173  ZFCNS37    (0)    5 :  0.008 0.102 0.003 0.002 0.004 0.005 0.003 0.005 0.005 0.006 0.009 0.844 0.004 
174  ZFCNS39    (0)    5 :  0.023 0.024 0.002 0.004 0.003 0.006 0.003 0.008 0.013 0.004 0.005 0.891 0.014 
175  ZFCNS40    (0)    5 :  0.118 0.120 0.002 0.003 0.003 0.012 0.003 0.008 0.011 0.004 0.006 0.685 0.026 
176  ZFCNS41    (0)    5 :  0.006 0.641 0.005 0.004 0.006 0.011 0.007 0.013 0.011 0.008 0.009 0.261 0.018 
177  ZFCNS42    (0)    5 :  0.003 0.006 0.002 0.002 0.003 0.003 0.002 0.004 0.003 0.003 0.003 0.963 0.003 
178  ZFCNS43    (0)    5 :  0.003 0.004 0.002 0.002 0.003 0.003 0.002 0.003 0.003 0.002 0.003 0.965 0.004 
179  ZFCNS44    (0)    5 :  0.003 0.015 0.003 0.004 0.003 0.003 0.002 0.007 0.002 0.003 0.003 0.947 0.004 
180  ZFCNS46    (0)    5 :  0.004 0.010 0.003 0.002 0.004 0.005 0.003 0.006 0.005 0.004 0.004 0.946 0.004 
181  ZFCNS47    (0)    5 :  0.003 0.005 0.002 0.002 0.003 0.003 0.002 0.003 0.003 0.002 0.003 0.965 0.004 
182  ZFCNS48    (0)    5 :  0.005 0.028 0.005 0.004 0.004 0.005 0.003 0.012 0.005 0.003 0.003 0.917 0.007 
183  ZFCNS49    (0)    5 :  0.004 0.062 0.004 0.004 0.003 0.003 0.002 0.011 0.003 0.003 0.003 0.897 0.003 
184   ZFCR01    (0)    6 :  0.006 0.004 0.007 0.008 0.021 0.003 0.284 0.010 0.003 0.580 0.063 0.003 0.007 
185   ZFCR02    (0)    6 :  0.011 0.005 0.015 0.009 0.005 0.012 0.281 0.012 0.005 0.609 0.010 0.005 0.021 
186   ZFCR03    (0)    6 :  0.008 0.005 0.016 0.035 0.010 0.057 0.285 0.014 0.013 0.526 0.012 0.003 0.015 
187   ZFCR04    (0)    6 :  0.023 0.026 0.191 0.024 0.068 0.006 0.123 0.016 0.013 0.440 0.046 0.010 0.014 
188   ZFCR05    (0)    6 :  0.004 0.003 0.007 0.007 0.017 0.004 0.298 0.004 0.011 0.615 0.016 0.003 0.011 
189   ZFCR06    (0)    6 :  0.011 0.031 0.019 0.004 0.011 0.006 0.250 0.025 0.005 0.544 0.015 0.067 0.012 
190   ZFCR07    (0)    6 :  0.004 0.040 0.042 0.007 0.010 0.050 0.050 0.009 0.096 0.510 0.097 0.072 0.012 
191   ZFCR08    (0)    6 :  0.045 0.014 0.022 0.034 0.092 0.041 0.041 0.023 0.006 0.309 0.289 0.004 0.079 
192   ZFCR09    (0)    6 :  0.013 0.056 0.070 0.134 0.010 0.023 0.244 0.052 0.019 0.303 0.037 0.015 0.024 
193   ZFCR11    (0)    6 :  0.003 0.041 0.028 0.007 0.019 0.004 0.237 0.018 0.023 0.584 0.019 0.010 0.007 
194   ZFCR12    (0)    6 :  0.015 0.054 0.006 0.004 0.005 0.009 0.231 0.011 0.017 0.517 0.008 0.112 0.010 
195   ZFCR13    (0)    6 :  0.006 0.011 0.044 0.003 0.006 0.007 0.035 0.095 0.239 0.304 0.235 0.009 0.008 
196   ZFCR14    (0)    6 :  0.012 0.008 0.015 0.005 0.011 0.005 0.273 0.006 0.031 0.604 0.014 0.007 0.008 
197   ZFCR15    (0)    6 :  0.037 0.016 0.047 0.010 0.018 0.008 0.190 0.022 0.021 0.565 0.050 0.005 0.011 
198   ZFCR16    (0)    6 :  0.019 0.006 0.019 0.003 0.007 0.004 0.275 0.018 0.009 0.600 0.029 0.003 0.007 
199   ZFCR18    (0)    6 :  0.005 0.005 0.255 0.004 0.008 0.028 0.225 0.008 0.007 0.426 0.011 0.006 0.011 
200   ZFCR19    (0)    6 :  0.040 0.012 0.023 0.016 0.006 0.006 0.315 0.018 0.008 0.534 0.006 0.006 0.010 
201   ZFCR20    (0)    6 :  0.007 0.009 0.026 0.006 0.028 0.030 0.291 0.030 0.049 0.492 0.019 0.005 0.006 
202   ZFCR21    (0)    6 :  0.012 0.006 0.004 0.004 0.004 0.008 0.298 0.005 0.025 0.609 0.010 0.003 0.012 
203   ZFCR22    (0)    6 :  0.014 0.006 0.006 0.004 0.002 0.007 0.292 0.006 0.059 0.589 0.007 0.003 0.005 
204   ZFCR23    (0)    6 :  0.006 0.040 0.009 0.044 0.005 0.004 0.228 0.049 0.047 0.479 0.081 0.005 0.003 
205   ZFCR24    (9)    6 :  0.007 0.012 0.087 0.011 0.031 0.011 0.072 0.517 0.092 0.053 0.097 0.004 0.008 
206   ZFCR25    (0)    6 :  0.004 0.005 0.006 0.003 0.010 0.006 0.311 0.004 0.011 0.619 0.013 0.003 0.005 
207   ZFCR26    (0)    6 :  0.015 0.010 0.004 0.019 0.009 0.008 0.236 0.012 0.221 0.433 0.014 0.004 0.015 
208   ZFCR27    (9)    6 :  0.003 0.003 0.011 0.008 0.022 0.003 0.200 0.003 0.031 0.374 0.333 0.003 0.005 
209   ZFCR28    (0)    6 :  0.051 0.025 0.004 0.005 0.007 0.009 0.167 0.064 0.006 0.516 0.108 0.027 0.011 
210   ZFCR29    (0)    6 :  0.004 0.003 0.008 0.005 0.006 0.004 0.330 0.005 0.015 0.609 0.005 0.002 0.004 
211   ZFCR30    (0)    6 :  0.008 0.010 0.006 0.005 0.007 0.008 0.283 0.006 0.044 0.595 0.011 0.010 0.007 
212   ZFCR31    (0)    6 :  0.019 0.061 0.184 0.026 0.013 0.029 0.193 0.079 0.021 0.296 0.019 0.048 0.013 
213   ZFCR33    (0)    6 :  0.015 0.015 0.007 0.030 0.055 0.010 0.025 0.011 0.026 0.263 0.495 0.007 0.041 
214   ZFCR34    (0)    6 :  0.012 0.033 0.133 0.016 0.006 0.004 0.093 0.017 0.224 0.385 0.044 0.010 0.020 
215   ZFCR35    (0)    6 :  0.004 0.005 0.107 0.017 0.009 0.004 0.266 0.006 0.005 0.553 0.009 0.004 0.010 
216   ZFCR36    (0)    6 :  0.005 0.008 0.039 0.016 0.006 0.006 0.279 0.006 0.019 0.581 0.010 0.018 0.007 
217   ZFCR37    (0)    6 :  0.004 0.004 0.052 0.025 0.053 0.016 0.049 0.004 0.557 0.100 0.081 0.004 0.052 
218   ZFCR38    (0)    6 :  0.015 0.008 0.006 0.016 0.048 0.012 0.066 0.007 0.032 0.349 0.392 0.008 0.040 
219   ZFCR39    (0)    6 :  0.027 0.018 0.022 0.179 0.009 0.040 0.041 0.055 0.007 0.360 0.152 0.003 0.087 
220   ZFCR40    (0)    6 :  0.004 0.014 0.011 0.033 0.012 0.006 0.198 0.010 0.011 0.583 0.091 0.004 0.023 
221   ZFCR41    (0)    6 :  0.022 0.107 0.005 0.003 0.007 0.007 0.243 0.007 0.015 0.529 0.012 0.015 0.027 
222   ZFCR42    (0)    6 :  0.018 0.030 0.007 0.018 0.009 0.018 0.167 0.020 0.079 0.502 0.063 0.020 0.048 
223   ZFCR43    (0)    6 :  0.004 0.006 0.023 0.003 0.011 0.004 0.271 0.039 0.010 0.609 0.009 0.006 0.004 
224  ZFENP25    (0)    7 :  0.011 0.005 0.004 0.005 0.041 0.005 0.016 0.010 0.007 0.286 0.583 0.003 0.022 
225  ZFENP26    (0)    7 :  0.003 0.004 0.006 0.008 0.006 0.004 0.006 0.002 0.003 0.245 0.707 0.002 0.004 
226  ZFENP27    (0)    7 :  0.012 0.032 0.016 0.026 0.026 0.045 0.068 0.017 0.005 0.280 0.212 0.060 0.200 
227  ZFENP28    (0)    7 :  0.005 0.005 0.008 0.011 0.023 0.004 0.015 0.004 0.009 0.176 0.718 0.009 0.012 
228  ZFENP29    (0)    7 :  0.004 0.004 0.004 0.005 0.005 0.007 0.014 0.004 0.010 0.225 0.705 0.005 0.009 
229  ZFENP30    (0)    7 :  0.007 0.005 0.007 0.011 0.008 0.093 0.010 0.005 0.013 0.209 0.590 0.010 0.033 
230  ZFENP31    (0)    7 :  0.004 0.004 0.022 0.253 0.028 0.348 0.032 0.006 0.009 0.070 0.203 0.006 0.014 
231  ZFENP32    (0)    7 :  0.007 0.018 0.220 0.128 0.021 0.115 0.056 0.016 0.012 0.195 0.171 0.028 0.013 
232  ZFENP33    (0)    7 :  0.003 0.006 0.011 0.009 0.029 0.034 0.014 0.007 0.033 0.295 0.549 0.005 0.004 
233  ZFENP34    (0)    7 :  0.004 0.006 0.033 0.008 0.487 0.085 0.025 0.006 0.006 0.155 0.156 0.009 0.019 
234  ZFENP35    (0)    7 :  0.005 0.017 0.016 0.053 0.007 0.007 0.005 0.009 0.009 0.173 0.681 0.013 0.005 
235  ZFENP36    (0)    7 :  0.002 0.004 0.009 0.011 0.005 0.007 0.007 0.003 0.007 0.241 0.692 0.010 0.003 
236  ZFENP37    (0)    7 :  0.004 0.008 0.013 0.076 0.366 0.008 0.008 0.006 0.030 0.213 0.253 0.009 0.007 
237  ZFENP38    (0)    7 :  0.004 0.007 0.010 0.023 0.026 0.013 0.017 0.005 0.427 0.140 0.294 0.016 0.017 
238  ZFENP39    (0)    7 :  0.003 0.004 0.011 0.014 0.023 0.006 0.014 0.004 0.010 0.390 0.506 0.004 0.012 
239  ZFENP40    (0)    7 :  0.004 0.006 0.011 0.034 0.015 0.012 0.016 0.008 0.007 0.378 0.498 0.006 0.007 
240  ZFENP41    (0)    7 :  0.008 0.007 0.019 0.024 0.015 0.034 0.006 0.006 0.006 0.321 0.494 0.009 0.050 
241  ZFENP42    (0)    7 :  0.004 0.005 0.003 0.195 0.004 0.010 0.007 0.003 0.048 0.201 0.512 0.003 0.006 
242  ZFENP43    (0)    7 :  0.006 0.030 0.007 0.014 0.031 0.008 0.020 0.007 0.065 0.192 0.533 0.055 0.032 
243  ZFENP44    (0)    7 :  0.003 0.017 0.005 0.089 0.018 0.020 0.009 0.006 0.036 0.310 0.462 0.013 0.014 
244  ZFENP45    (0)    7 :  0.322 0.016 0.008 0.100 0.013 0.020 0.015 0.027 0.041 0.106 0.307 0.009 0.017 
245  ZFENP46    (0)    7 :  0.005 0.021 0.008 0.016 0.028 0.010 0.013 0.014 0.051 0.255 0.568 0.006 0.003 
246  ZFENP47    (0)    7 :  0.111 0.005 0.040 0.194 0.007 0.018 0.047 0.013 0.005 0.368 0.123 0.004 0.064 
247  ZFENP48    (0)    7 :  0.011 0.005 0.013 0.013 0.460 0.288 0.034 0.012 0.019 0.061 0.064 0.007 0.016 
248  ZFENP49    (0)    7 :  0.012 0.008 0.029 0.007 0.005 0.136 0.122 0.010 0.009 0.492 0.155 0.006 0.010 
249  ZFENP50    (0)    7 :  0.010 0.024 0.008 0.045 0.006 0.005 0.021 0.050 0.071 0.226 0.524 0.004 0.005 
250  ZFENP51    (0)    7 :  0.045 0.004 0.023 0.117 0.013 0.034 0.274 0.003 0.013 0.136 0.326 0.006 0.007 
251  ZFENP52    (0)    7 :  0.005 0.012 0.002 0.006 0.004 0.006 0.005 0.004 0.012 0.013 0.915 0.009 0.007 
252  ZFENP53    (0)    7 :  0.031 0.023 0.007 0.019 0.009 0.008 0.014 0.040 0.024 0.092 0.712 0.011 0.009 
253  ZFENP54    (0)    7 :  0.006 0.013 0.016 0.009 0.008 0.026 0.130 0.033 0.016 0.575 0.143 0.006 0.018 
254  ZFENP55    (0)    7 :  0.004 0.005 0.049 0.014 0.022 0.010 0.035 0.004 0.511 0.153 0.185 0.004 0.003 
255  ZFENP56    (0)    7 :  0.005 0.008 0.012 0.008 0.008 0.009 0.019 0.003 0.069 0.211 0.632 0.009 0.006 
256  ZFENP57    (0)    7 :  0.002 0.007 0.013 0.068 0.024 0.016 0.015 0.004 0.018 0.188 0.629 0.011 0.004 
257  ZFENP58    (0)    7 :  0.116 0.010 0.025 0.007 0.005 0.299 0.030 0.008 0.018 0.127 0.319 0.016 0.021 
258  ZFENP59    (0)    7 :  0.004 0.005 0.012 0.029 0.009 0.027 0.013 0.006 0.008 0.217 0.602 0.005 0.064 
259  ZFENP60    (0)    7 :  0.014 0.009 0.036 0.015 0.029 0.006 0.018 0.010 0.015 0.299 0.531 0.006 0.011 
260  ZFENP61    (0)    7 :  0.003 0.003 0.016 0.007 0.014 0.007 0.012 0.003 0.009 0.355 0.554 0.004 0.013 
261 ZFFDSP01    (0)    8 :  0.026 0.126 0.007 0.003 0.006 0.004 0.004 0.789 0.008 0.004 0.003 0.015 0.005 
262 ZFFDSP02    (0)    8 :  0.005 0.014 0.003 0.002 0.004 0.003 0.003 0.947 0.004 0.004 0.003 0.004 0.005 
263 ZFFDSP04    (0)    8 :  0.014 0.024 0.005 0.002 0.004 0.003 0.003 0.926 0.005 0.004 0.002 0.003 0.004 
264 ZFFDSP05    (0)    8 :  0.011 0.432 0.004 0.003 0.003 0.003 0.004 0.516 0.007 0.005 0.003 0.006 0.004 
265 ZFFDSP06    (0)    8 :  0.012 0.020 0.002 0.002 0.004 0.003 0.003 0.933 0.005 0.004 0.002 0.003 0.007 
266 ZFFDSP07    (0)    8 :  0.022 0.007 0.003 0.005 0.004 0.020 0.004 0.905 0.008 0.005 0.004 0.004 0.010 
267 ZFFDSP08    (0)    8 :  0.091 0.044 0.003 0.004 0.004 0.033 0.004 0.772 0.012 0.005 0.004 0.014 0.010 
268 ZFFDSP10    (0)    8 :  0.016 0.052 0.004 0.003 0.004 0.007 0.003 0.885 0.007 0.005 0.004 0.006 0.004 
269 ZFFDSP11    (0)    8 :  0.008 0.064 0.004 0.003 0.003 0.003 0.004 0.886 0.009 0.004 0.003 0.003 0.004 
270 ZFFDSP12    (0)    8 :  0.007 0.010 0.002 0.003 0.003 0.005 0.003 0.949 0.003 0.003 0.003 0.004 0.004 
271 ZFFDSP13    (0)    8 :  0.005 0.906 0.003 0.003 0.004 0.008 0.004 0.032 0.007 0.006 0.005 0.011 0.007 
272 ZFFDSP14    (0)    8 :  0.016 0.006 0.002 0.003 0.004 0.007 0.004 0.934 0.006 0.004 0.003 0.004 0.006 
273 ZFFDSP16    (0)    8 :  0.004 0.022 0.006 0.004 0.007 0.004 0.006 0.902 0.008 0.010 0.006 0.015 0.006 
274 ZFFDSP17    (0)    8 :  0.009 0.018 0.003 0.002 0.005 0.004 0.003 0.931 0.007 0.004 0.003 0.005 0.006 
275 ZFFDSP18    (0)    8 :  0.016 0.008 0.007 0.002 0.006 0.003 0.004 0.931 0.004 0.005 0.003 0.005 0.006 
276 ZFFDSP19    (0)    8 :  0.018 0.044 0.004 0.002 0.007 0.004 0.004 0.742 0.004 0.004 0.003 0.137 0.026 
277 ZFFDSP21    (0)    8 :  0.011 0.436 0.003 0.002 0.009 0.004 0.005 0.439 0.004 0.007 0.004 0.056 0.020 
278 ZFFDSP22    (0)    8 :  0.061 0.012 0.002 0.002 0.003 0.003 0.003 0.893 0.006 0.004 0.003 0.004 0.005 
279 ZFFDSP23    (0)    8 :  0.183 0.174 0.002 0.002 0.004 0.003 0.003 0.602 0.005 0.005 0.003 0.009 0.005 
280 ZFFDSP24    (0)    8 :  0.006 0.417 0.006 0.002 0.006 0.005 0.004 0.524 0.006 0.005 0.003 0.012 0.006 
281 ZFFDSP26    (9)    8 :  0.013 0.270 0.004 0.003 0.003 0.004 0.003 0.676 0.005 0.004 0.003 0.006 0.005 
282 ZFFDSP27    (0)    8 :  0.007 0.030 0.004 0.002 0.005 0.003 0.004 0.921 0.004 0.004 0.003 0.008 0.004 
283 ZFFDSP28    (0)    8 :  0.008 0.046 0.034 0.008 0.028 0.015 0.015 0.807 0.012 0.008 0.007 0.005 0.006 
284 ZFFDSP30    (0)    8 :  0.010 0.508 0.077 0.009 0.007 0.010 0.007 0.307 0.011 0.008 0.005 0.035 0.007 
285 ZFFDSP31    (0)    8 :  0.006 0.018 0.003 0.002 0.010 0.005 0.003 0.928 0.005 0.004 0.004 0.007 0.005 
286 ZFFDSP32    (0)    8 :  0.006 0.013 0.002 0.003 0.004 0.004 0.003 0.947 0.005 0.003 0.003 0.004 0.003 
287 ZFFDSP33    (0)    8 :  0.006 0.027 0.003 0.003 0.004 0.003 0.003 0.935 0.003 0.003 0.003 0.005 0.002 
288 ZFFDSP34    (0)    8 :  0.011 0.020 0.003 0.002 0.004 0.004 0.003 0.931 0.005 0.003 0.003 0.005 0.007 
289 ZFFDSP35    (0)    8 :  0.008 0.366 0.006 0.003 0.004 0.003 0.004 0.585 0.006 0.004 0.003 0.006 0.004 
290 ZFFDSP37    (0)    8 :  0.004 0.028 0.003 0.002 0.005 0.004 0.003 0.931 0.004 0.004 0.003 0.005 0.004 
291 ZFFDSP38    (0)    8 :  0.005 0.013 0.005 0.003 0.005 0.004 0.003 0.943 0.004 0.003 0.003 0.006 0.003 
292 ZFFDSP39    (0)    8 :  0.008 0.775 0.003 0.002 0.003 0.003 0.003 0.184 0.003 0.004 0.003 0.006 0.003 
293 ZFFDSP40    (0)    8 :  0.004 0.496 0.006 0.002 0.004 0.004 0.003 0.459 0.003 0.005 0.003 0.008 0.003 
294 ZFFDSP42    (0)    8 :  0.090 0.128 0.004 0.002 0.004 0.003 0.003 0.738 0.006 0.005 0.003 0.010 0.005 
295 ZFFDSP43    (0)    8 :  0.008 0.041 0.004 0.002 0.004 0.003 0.003 0.912 0.003 0.003 0.003 0.009 0.004 
296 ZFFDSP44    (0)    8 :  0.005 0.266 0.005 0.003 0.005 0.005 0.003 0.684 0.005 0.004 0.003 0.008 0.003 
297 ZFFDSP45    (0)    8 :  0.006 0.034 0.004 0.002 0.004 0.004 0.003 0.919 0.004 0.004 0.003 0.007 0.005 
298 ZFFDSP46    (0)    8 :  0.012 0.063 0.004 0.002 0.005 0.004 0.003 0.880 0.005 0.005 0.003 0.009 0.005 
299 ZFFDSP47    (0)    8 :  0.011 0.737 0.004 0.003 0.003 0.004 0.003 0.209 0.005 0.003 0.003 0.011 0.003 
300 ZFFDSP48    (0)    8 :  0.006 0.677 0.004 0.003 0.004 0.004 0.003 0.274 0.004 0.004 0.003 0.011 0.004 
301    ZFI01    (0)    9 :  0.004 0.004 0.784 0.017 0.035 0.013 0.082 0.005 0.009 0.021 0.010 0.008 0.008 
302    ZFI02    (0)    9 :  0.005 0.004 0.876 0.006 0.021 0.004 0.045 0.005 0.006 0.011 0.005 0.007 0.004 
303    ZFI03    (0)    9 :  0.003 0.004 0.890 0.004 0.050 0.005 0.010 0.004 0.007 0.007 0.005 0.007 0.006 
304    ZFI04    (0)    9 :  0.003 0.004 0.095 0.010 0.787 0.004 0.067 0.004 0.006 0.005 0.006 0.006 0.004 
305    ZFI05    (0)    9 :  0.003 0.005 0.931 0.004 0.007 0.008 0.006 0.005 0.004 0.006 0.006 0.012 0.004 
306    ZFI06    (0)    9 :  0.003 0.030 0.714 0.006 0.018 0.007 0.045 0.014 0.008 0.041 0.023 0.088 0.004 
307    ZFI07    (0)    9 :  0.003 0.004 0.569 0.004 0.371 0.007 0.009 0.004 0.006 0.007 0.007 0.005 0.005 
308    ZFI08    (0)    9 :  0.003 0.003 0.732 0.006 0.148 0.005 0.045 0.004 0.011 0.021 0.012 0.005 0.005 
309    ZFI09    (0)    9 :  0.003 0.004 0.893 0.005 0.017 0.005 0.031 0.004 0.005 0.014 0.008 0.007 0.004 
310    ZFI10    (0)    9 :  0.004 0.006 0.849 0.007 0.038 0.004 0.015 0.005 0.007 0.006 0.007 0.047 0.004 
311    ZFI11    (0)    9 :  0.003 0.005 0.755 0.009 0.072 0.007 0.111 0.004 0.006 0.008 0.006 0.010 0.004 
312    ZFI12    (0)    9 :  0.003 0.005 0.795 0.003 0.132 0.006 0.008 0.004 0.010 0.007 0.006 0.014 0.007 
313    ZFI13    (0)    9 :  0.003 0.004 0.906 0.007 0.013 0.018 0.007 0.004 0.006 0.012 0.008 0.006 0.006 
314    ZFI14    (0)    9 :  0.003 0.007 0.935 0.004 0.009 0.005 0.006 0.007 0.004 0.007 0.004 0.006 0.004 
315    ZFI15    (0)    9 :  0.002 0.003 0.947 0.003 0.007 0.005 0.006 0.004 0.003 0.007 0.004 0.004 0.004 
316    ZFI16    (0)    9 :  0.002 0.004 0.940 0.003 0.015 0.004 0.005 0.003 0.005 0.006 0.004 0.006 0.004 
317    ZFI17    (0)    9 :  0.003 0.004 0.891 0.006 0.045 0.005 0.009 0.004 0.006 0.007 0.008 0.009 0.004 
318    ZFI18    (0)    9 :  0.002 0.003 0.935 0.007 0.014 0.004 0.006 0.003 0.004 0.006 0.008 0.006 0.003 
319    ZFI19    (9)    9 :  0.002 0.003 0.946 0.004 0.009 0.006 0.007 0.003 0.005 0.005 0.004 0.004 0.003 
320    ZFI20    (0)    9 :  0.003 0.005 0.942 0.003 0.009 0.003 0.006 0.005 0.005 0.007 0.004 0.004 0.004 
321    ZFI21    (0)    9 :  0.003 0.007 0.947 0.003 0.004 0.004 0.004 0.007 0.004 0.004 0.003 0.006 0.003 
322    ZFI22    (0)    9 :  0.004 0.004 0.898 0.006 0.021 0.004 0.028 0.005 0.006 0.009 0.004 0.004 0.008 
323    ZFI23    (0)    9 :  0.003 0.004 0.916 0.003 0.031 0.005 0.006 0.003 0.006 0.006 0.005 0.007 0.004 
324    ZFI24    (0)    9 :  0.004 0.006 0.869 0.003 0.055 0.007 0.009 0.005 0.012 0.008 0.006 0.011 0.007 
325    ZFI25    (0)    9 :  0.004 0.005 0.840 0.003 0.086 0.005 0.014 0.005 0.006 0.013 0.007 0.005 0.007 
326    ZFI26    (0)    9 :  0.003 0.004 0.859 0.003 0.071 0.009 0.010 0.004 0.007 0.010 0.007 0.005 0.008 
327    ZFI27    (0)    9 :  0.003 0.007 0.878 0.003 0.027 0.012 0.008 0.005 0.011 0.007 0.006 0.028 0.005 
328    ZFK01    (0)    9 :  0.003 0.004 0.003 0.003 0.003 0.959 0.003 0.003 0.003 0.003 0.003 0.006 0.004 
329    ZFK02    (0)   10 :  0.004 0.004 0.003 0.002 0.003 0.956 0.003 0.004 0.004 0.003 0.003 0.007 0.005 
330    ZFK03    (0)   10 :  0.003 0.003 0.003 0.003 0.003 0.960 0.003 0.003 0.003 0.003 0.004 0.004 0.005 
331    ZFK04    (0)   10 :  0.003 0.003 0.004 0.003 0.004 0.959 0.005 0.003 0.003 0.003 0.004 0.003 0.004 
332    ZFK05    (0)   10 :  0.003 0.003 0.007 0.009 0.010 0.931 0.011 0.003 0.003 0.005 0.005 0.003 0.009 
333    ZFK06    (0)   10 :  0.003 0.003 0.009 0.005 0.009 0.932 0.007 0.003 0.004 0.006 0.006 0.004 0.009 
334    ZFK07    (0)   10 :  0.005 0.005 0.002 0.003 0.002 0.955 0.003 0.003 0.005 0.003 0.003 0.004 0.006 
335    ZFK08    (0)   10 :  0.003 0.003 0.004 0.004 0.004 0.955 0.005 0.003 0.005 0.003 0.003 0.003 0.004 
336    ZFK10    (0)   10 :  0.003 0.003 0.003 0.003 0.003 0.959 0.005 0.003 0.003 0.003 0.003 0.004 0.004 
337    ZFK11    (0)   10 :  0.003 0.003 0.005 0.008 0.009 0.936 0.006 0.003 0.003 0.005 0.006 0.004 0.009 
338    ZFK12    (0)   10 :  0.008 0.006 0.002 0.003 0.002 0.943 0.003 0.005 0.010 0.004 0.003 0.004 0.007 
339    ZFK13    (0)   10 :  0.009 0.019 0.004 0.011 0.003 0.905 0.003 0.021 0.005 0.004 0.003 0.005 0.008 
340    ZFK14    (0)   10 :  0.034 0.026 0.008 0.015 0.008 0.654 0.006 0.022 0.011 0.007 0.006 0.013 0.190 
341    ZFK15    (0)   10 :  0.005 0.012 0.005 0.014 0.003 0.920 0.004 0.016 0.004 0.004 0.003 0.004 0.006 
342    ZFK16    (0)   10 :  0.005 0.006 0.002 0.003 0.003 0.952 0.003 0.004 0.006 0.003 0.003 0.004 0.006 
343   ZFLB01    (0)   11 :  0.008 0.022 0.009 0.877 0.007 0.013 0.009 0.022 0.007 0.007 0.008 0.008 0.003 
344   ZFLB02    (0)   11 :  0.004 0.004 0.009 0.829 0.051 0.003 0.005 0.004 0.005 0.041 0.039 0.004 0.002 
345   ZFLB03    (0)   11 :  0.005 0.007 0.005 0.796 0.008 0.011 0.005 0.004 0.006 0.037 0.066 0.045 0.005 
346   ZFLB04    (0)   11 :  0.007 0.034 0.021 0.642 0.009 0.010 0.008 0.016 0.006 0.005 0.008 0.228 0.007 
347   ZFLB05    (0)   11 :  0.005 0.018 0.020 0.865 0.007 0.014 0.013 0.011 0.007 0.008 0.008 0.021 0.003 
348   ZFLB06    (0)   11 :  0.007 0.007 0.004 0.858 0.004 0.061 0.013 0.010 0.006 0.007 0.009 0.006 0.007 
349   ZFLB07    (0)   11 :  0.009 0.033 0.010 0.546 0.009 0.091 0.012 0.016 0.057 0.031 0.103 0.076 0.008 
350   ZFLB08    (0)   11 :  0.004 0.006 0.014 0.824 0.048 0.007 0.007 0.005 0.010 0.020 0.044 0.007 0.004 
351   ZFLB09    (9)   11 :  0.003 0.005 0.008 0.918 0.007 0.012 0.011 0.005 0.006 0.006 0.008 0.004 0.007 
352   ZFLB10    (0)   11 :  0.003 0.004 0.007 0.941 0.004 0.006 0.008 0.004 0.003 0.004 0.005 0.007 0.003 
353   ZFLB11    (0)   11 :  0.006 0.005 0.003 0.923 0.003 0.018 0.005 0.005 0.007 0.005 0.006 0.004 0.010 
354   ZFLB12    (0)   11 :  0.002 0.003 0.005 0.945 0.005 0.007 0.006 0.003 0.004 0.005 0.007 0.004 0.004 
355   ZFLB13    (0)   11 :  0.004 0.021 0.004 0.798 0.017 0.011 0.011 0.013 0.022 0.022 0.051 0.014 0.013 
356  ZFLTI01    (0)   12 :  0.009 0.896 0.004 0.002 0.004 0.006 0.004 0.017 0.006 0.006 0.003 0.009 0.034 
357  ZFLTI02    (0)   12 :  0.011 0.825 0.003 0.002 0.009 0.009 0.003 0.012 0.007 0.004 0.003 0.035 0.075 
358  ZFLTI03    (0)   12 :  0.009 0.934 0.003 0.002 0.006 0.005 0.002 0.008 0.006 0.003 0.003 0.012 0.009 
359  ZFLTI04    (0)   12 :  0.006 0.904 0.005 0.003 0.006 0.012 0.004 0.010 0.010 0.005 0.005 0.019 0.010 
360  ZFLTI05    (0)   12 :  0.005 0.936 0.003 0.002 0.006 0.005 0.002 0.007 0.004 0.003 0.003 0.017 0.007 
361  ZFLTI06    (0)   12 :  0.009 0.942 0.005 0.002 0.004 0.004 0.003 0.010 0.004 0.003 0.003 0.006 0.006 
362  ZFLTI07    (0)   12 :  0.004 0.941 0.005 0.002 0.004 0.005 0.003 0.010 0.005 0.004 0.004 0.006 0.006 
363  ZFLTI08    (0)   12 :  0.004 0.914 0.004 0.002 0.015 0.006 0.003 0.008 0.008 0.004 0.004 0.021 0.007 
364  ZFLTI09    (0)   12 :  0.004 0.934 0.004 0.002 0.010 0.004 0.003 0.013 0.005 0.004 0.003 0.007 0.006 
365  ZFLTI10    (0)   12 :  0.004 0.929 0.004 0.002 0.007 0.005 0.003 0.017 0.004 0.005 0.003 0.006 0.010 
366  ZFLTI11    (0)   12 :  0.017 0.922 0.003 0.002 0.007 0.005 0.003 0.013 0.005 0.003 0.003 0.010 0.007 
367  ZFLTI12    (0)   12 :  0.015 0.905 0.003 0.002 0.007 0.006 0.003 0.014 0.005 0.004 0.003 0.011 0.021 
368  ZFLTI13    (0)   12 :  0.009 0.874 0.004 0.002 0.005 0.009 0.003 0.008 0.010 0.004 0.004 0.046 0.020 
369  ZFLTI14    (0)   12 :  0.006 0.588 0.003 0.002 0.014 0.010 0.004 0.057 0.006 0.006 0.005 0.198 0.101 
370 ZFONF101    (0)   13 :  0.007 0.006 0.003 0.002 0.003 0.002 0.003 0.962 0.003 0.003 0.003 0.003 0.002 
371 ZFONF102    (0)   13 :  0.022 0.006 0.005 0.012 0.004 0.003 0.008 0.914 0.005 0.006 0.010 0.003 0.003 
372 ZFONF103    (0)   13 :  0.019 0.095 0.004 0.003 0.006 0.016 0.004 0.770 0.008 0.004 0.006 0.055 0.010 
373 ZFONF104    (0)   13 :  0.024 0.013 0.002 0.002 0.003 0.002 0.002 0.938 0.003 0.002 0.002 0.003 0.004 
374 ZFONF105    (0)   13 :  0.106 0.021 0.003 0.003 0.003 0.005 0.003 0.831 0.005 0.003 0.004 0.010 0.005 
375 ZFONF106    (0)   13 :  0.006 0.006 0.003 0.002 0.005 0.003 0.003 0.958 0.002 0.003 0.002 0.004 0.003 
376 ZFONF107    (0)   13 :  0.010 0.043 0.013 0.048 0.015 0.037 0.011 0.725 0.005 0.014 0.050 0.016 0.011 
377 ZFONF108    (0)   13 :  0.010 0.031 0.004 0.010 0.007 0.049 0.004 0.830 0.004 0.004 0.011 0.025 0.011 
378 ZFONF109    (9)   13 :  0.038 0.022 0.003 0.008 0.009 0.024 0.004 0.854 0.003 0.004 0.007 0.010 0.014 
379 ZFONF110    (0)   13 :  0.017 0.011 0.002 0.002 0.002 0.003 0.002 0.942 0.003 0.003 0.002 0.005 0.005 
380 ZFONF111    (0)   13 :  0.017 0.078 0.009 0.015 0.012 0.005 0.014 0.771 0.019 0.021 0.023 0.007 0.010 
381 ZFONF112    (0)   13 :  0.174 0.013 0.003 0.002 0.011 0.004 0.003 0.762 0.003 0.003 0.003 0.013 0.006 
382 ZFONF113    (9)   13 :  0.011 0.020 0.002 0.005 0.004 0.008 0.003 0.921 0.007 0.004 0.004 0.006 0.005 
383 ZFONF115    (0)   13 :  0.016 0.009 0.003 0.003 0.007 0.006 0.003 0.927 0.004 0.004 0.004 0.010 0.006 
384 ZFONF116    (0)   13 :  0.017 0.008 0.003 0.003 0.007 0.006 0.004 0.925 0.005 0.004 0.004 0.011 0.004 
385 ZFONF117    (0)   13 :  0.050 0.546 0.004 0.003 0.005 0.012 0.004 0.316 0.006 0.005 0.005 0.036 0.009 
386 ZFONF118    (0)   13 :  0.013 0.022 0.004 0.002 0.012 0.006 0.003 0.905 0.006 0.003 0.003 0.012 0.009 
387 ZFONF119    (0)   13 :  0.021 0.008 0.003 0.005 0.003 0.013 0.004 0.917 0.006 0.005 0.003 0.004 0.007 
388 ZFONF120    (0)   13 :  0.043 0.019 0.003 0.005 0.003 0.028 0.004 0.856 0.011 0.005 0.004 0.004 0.017 
389 ZFONF121    (0)   13 :  0.091 0.011 0.004 0.004 0.003 0.007 0.004 0.855 0.005 0.003 0.003 0.006 0.004 
390 ZFONF122    (0)   13 :  0.009 0.283 0.004 0.002 0.011 0.018 0.004 0.612 0.009 0.007 0.005 0.017 0.018 
391 ZFONF123    (0)   13 :  0.026 0.007 0.005 0.059 0.004 0.007 0.008 0.850 0.004 0.007 0.015 0.003 0.005 
392 ZFONF124    (0)   13 :  0.026 0.011 0.003 0.009 0.003 0.016 0.003 0.904 0.004 0.003 0.006 0.005 0.007 
393 ZFONF125    (0)   13 :  0.195 0.036 0.007 0.050 0.004 0.036 0.009 0.576 0.013 0.011 0.035 0.006 0.021 
394 ZFONF126    (0)   13 :  0.010 0.014 0.004 0.002 0.008 0.009 0.004 0.908 0.008 0.005 0.004 0.010 0.013 
395 ZFONF201    (0)   14 :  0.604 0.054 0.072 0.032 0.037 0.004 0.021 0.079 0.011 0.033 0.012 0.003 0.039 
396 ZFONF202    (0)   14 :  0.900 0.012 0.003 0.002 0.004 0.004 0.003 0.046 0.006 0.004 0.002 0.003 0.010 
397 ZFONF203    (0)   14 :  0.937 0.006 0.003 0.003 0.004 0.007 0.004 0.008 0.012 0.004 0.004 0.003 0.006 
398 ZFONF204    (0)   14 :  0.893 0.008 0.005 0.008 0.011 0.007 0.006 0.006 0.006 0.008 0.007 0.004 0.031 
399 ZFONF206    (0)   14 :  0.886 0.005 0.011 0.015 0.010 0.003 0.010 0.006 0.005 0.018 0.018 0.003 0.010 
400 ZFONF207    (0)   14 :  0.951 0.005 0.003 0.003 0.004 0.006 0.003 0.006 0.005 0.003 0.004 0.004 0.004 
401 ZFONF208    (0)   14 :  0.848 0.039 0.004 0.004 0.005 0.007 0.004 0.056 0.009 0.005 0.004 0.006 0.009 
402 ZFONF209    (0)   14 :  0.878 0.011 0.011 0.007 0.012 0.015 0.008 0.007 0.007 0.006 0.006 0.009 0.023 
403 ZFONF210    (0)   14 :  0.947 0.011 0.003 0.002 0.003 0.003 0.002 0.009 0.003 0.002 0.002 0.007 0.004 
404 ZFONF211    (0)   14 :  0.842 0.024 0.004 0.016 0.004 0.012 0.007 0.031 0.015 0.009 0.010 0.014 0.011 
405 ZFONF212    (0)   14 :  0.950 0.011 0.003 0.002 0.003 0.003 0.002 0.010 0.003 0.003 0.002 0.005 0.003 
406 ZFONF214    (0)   14 :  0.887 0.012 0.002 0.006 0.002 0.005 0.005 0.043 0.016 0.006 0.005 0.003 0.008 
407 ZFONF215    (0)   14 :  0.945 0.007 0.002 0.002 0.002 0.004 0.003 0.017 0.004 0.003 0.002 0.004 0.004 
408 ZFONF216    (0)   14 :  0.958 0.005 0.002 0.003 0.002 0.005 0.002 0.005 0.004 0.002 0.003 0.005 0.003 
409 ZFONF217    (0)   14 :  0.912 0.007 0.002 0.003 0.004 0.005 0.003 0.046 0.004 0.003 0.002 0.004 0.004 
410 ZFONF218    (0)   14 :  0.942 0.006 0.003 0.007 0.003 0.004 0.005 0.005 0.005 0.005 0.008 0.004 0.003 
411 ZFONF219    (0)   14 :  0.969 0.004 0.002 0.002 0.002 0.003 0.002 0.005 0.002 0.002 0.002 0.003 0.002 
412 ZFONF220    (0)   14 :  0.920 0.005 0.002 0.003 0.005 0.007 0.003 0.034 0.005 0.003 0.003 0.004 0.005 
413 ZFONF222    (0)   14 :  0.948 0.004 0.003 0.008 0.002 0.004 0.005 0.004 0.006 0.004 0.005 0.004 0.003 
414 ZFONF223    (0)   14 :  0.940 0.004 0.004 0.007 0.004 0.005 0.006 0.006 0.006 0.005 0.007 0.003 0.003 
415 ZFONF224    (0)   14 :  0.966 0.004 0.002 0.002 0.002 0.003 0.002 0.004 0.003 0.002 0.002 0.004 0.003 
416 ZFONF225    (0)   14 :  0.961 0.005 0.002 0.002 0.002 0.003 0.002 0.008 0.003 0.003 0.002 0.004 0.004 
417 ZFONF226    (0)   14 :  0.942 0.007 0.003 0.003 0.003 0.009 0.003 0.008 0.008 0.003 0.003 0.003 0.005 
418 ZFONF227    (0)   14 :  0.968 0.004 0.002 0.002 0.002 0.002 0.002 0.005 0.003 0.002 0.002 0.003 0.003 
419 ZFONF228    (0)   14 :  0.926 0.010 0.004 0.003 0.006 0.006 0.004 0.010 0.005 0.004 0.004 0.012 0.005 
420 ZFONF230    (0)   14 :  0.950 0.009 0.002 0.002 0.002 0.003 0.002 0.013 0.003 0.003 0.002 0.003 0.005 
421 ZFONF231    (0)   14 :  0.933 0.008 0.002 0.005 0.002 0.003 0.004 0.007 0.012 0.005 0.005 0.004 0.008 
422 ZFONF232    (0)   14 :  0.962 0.004 0.002 0.002 0.002 0.003 0.002 0.008 0.003 0.003 0.002 0.003 0.003 
423 ZFONF233    (0)   14 :  0.961 0.004 0.002 0.002 0.002 0.004 0.003 0.005 0.003 0.003 0.003 0.004 0.004 
424 ZFONF234    (0)   14 :  0.868 0.017 0.005 0.005 0.005 0.014 0.005 0.012 0.007 0.028 0.015 0.011 0.009 
425 ZFONF235    (0)   14 :  0.968 0.003 0.002 0.002 0.002 0.002 0.002 0.004 0.003 0.003 0.002 0.003 0.003 
426 ZFONF236    (0)   14 :  0.820 0.011 0.016 0.011 0.023 0.011 0.012 0.012 0.004 0.015 0.024 0.026 0.016 
427 ZFONF238    (0)   14 :  0.946 0.007 0.003 0.002 0.004 0.004 0.003 0.009 0.007 0.005 0.003 0.003 0.006 
428 ZFONF239    (0)   14 :  0.934 0.003 0.005 0.005 0.010 0.003 0.005 0.005 0.003 0.006 0.005 0.004 0.013 
429 ZFONF240    (0)   14 :  0.963 0.005 0.002 0.002 0.002 0.003 0.002 0.005 0.003 0.003 0.002 0.003 0.006 
430 ZFONF241    (0)   14 :  0.900 0.010 0.006 0.004 0.015 0.005 0.005 0.013 0.005 0.006 0.007 0.017 0.005 
431 ZFONF242    (0)   14 :  0.957 0.005 0.002 0.002 0.002 0.003 0.002 0.009 0.003 0.003 0.002 0.003 0.006 
432 ZFONF243    (0)   14 :  0.948 0.008 0.003 0.003 0.003 0.005 0.003 0.005 0.005 0.003 0.003 0.008 0.003 
433 ZFONF244    (0)   14 :  0.959 0.005 0.002 0.002 0.002 0.004 0.002 0.008 0.003 0.003 0.002 0.003 0.004 
434 ZFONF245    (0)   14 :  0.957 0.010 0.002 0.002 0.002 0.003 0.002 0.005 0.003 0.002 0.002 0.004 0.005 
435   ZFOS01    (0)   15 :  0.010 0.043 0.003 0.003 0.004 0.007 0.005 0.022 0.009 0.007 0.004 0.006 0.878 
436   ZFOS02    (0)   15 :  0.012 0.043 0.008 0.005 0.040 0.008 0.013 0.041 0.007 0.020 0.007 0.012 0.784 
437   ZFOS03    (0)   15 :  0.004 0.012 0.010 0.055 0.005 0.008 0.009 0.008 0.009 0.011 0.007 0.003 0.859 
438   ZFOS04    (0)   15 :  0.005 0.083 0.023 0.004 0.008 0.012 0.010 0.077 0.006 0.016 0.007 0.012 0.736 
439   ZFOS05    (0)   15 :  0.013 0.033 0.005 0.003 0.008 0.010 0.008 0.041 0.009 0.010 0.005 0.014 0.840 
440   ZFOS06    (0)   15 :  0.012 0.013 0.005 0.006 0.005 0.005 0.005 0.011 0.012 0.007 0.005 0.019 0.895 
441   ZFOS07    (0)   15 :  0.004 0.008 0.022 0.003 0.008 0.061 0.019 0.008 0.004 0.019 0.005 0.005 0.834 
442   ZFOS08    (0)   15 :  0.005 0.016 0.034 0.003 0.012 0.024 0.008 0.015 0.004 0.009 0.006 0.010 0.854 
443   ZFOS09    (0)   15 :  0.007 0.064 0.011 0.010 0.008 0.003 0.018 0.048 0.008 0.029 0.008 0.005 0.780 
444   ZFOS10    (0)   15 :  0.002 0.004 0.016 0.009 0.018 0.005 0.015 0.003 0.003 0.020 0.012 0.008 0.885 
445   ZFOS11    (0)   15 :  0.009 0.194 0.006 0.006 0.005 0.054 0.030 0.018 0.010 0.113 0.029 0.135 0.391 
446   ZFOS12    (0)   15 :  0.008 0.053 0.019 0.021 0.009 0.330 0.050 0.017 0.089 0.095 0.055 0.061 0.192 
447   ZFOS13    (0)   15 :  0.005 0.021 0.012 0.004 0.008 0.012 0.018 0.015 0.015 0.022 0.006 0.008 0.855 
448   ZFOS14    (0)   15 :  0.008 0.095 0.137 0.011 0.008 0.024 0.026 0.016 0.043 0.034 0.013 0.058 0.525 
449   ZFOS15    (0)   15 :  0.002 0.004 0.007 0.004 0.005 0.037 0.005 0.004 0.004 0.006 0.005 0.006 0.911 
450   ZFOS16    (0)   15 :  0.011 0.047 0.010 0.007 0.006 0.010 0.015 0.043 0.004 0.029 0.006 0.021 0.790 
451   ZFOS17    (0)   15 :  0.005 0.005 0.006 0.005 0.009 0.005 0.007 0.004 0.007 0.006 0.004 0.005 0.933 
452   ZFOS18    (0)   15 :  0.002 0.007 0.005 0.007 0.010 0.009 0.006 0.004 0.004 0.009 0.009 0.011 0.916 
453   ZFOS19    (0)   15 :  0.004 0.004 0.003 0.004 0.004 0.005 0.004 0.003 0.008 0.005 0.005 0.004 0.949 
454   ZFOS20    (0)   15 :  0.007 0.005 0.010 0.004 0.005 0.005 0.006 0.006 0.003 0.008 0.004 0.007 0.931 
455   ZFOS21    (0)   15 :  0.005 0.025 0.006 0.005 0.005 0.011 0.009 0.022 0.004 0.008 0.005 0.010 0.884 
456   ZFOS22    (0)   15 :  0.007 0.010 0.002 0.006 0.003 0.015 0.004 0.006 0.011 0.005 0.006 0.007 0.918 
457   ZFOS23    (0)   15 :  0.002 0.003 0.236 0.010 0.006 0.005 0.019 0.002 0.008 0.032 0.010 0.006 0.661 
458   ZFOS24    (0)   15 :  0.003 0.006 0.003 0.004 0.004 0.013 0.004 0.003 0.003 0.006 0.006 0.010 0.936 
459   ZFOS25    (0)   15 :  0.019 0.390 0.009 0.005 0.016 0.009 0.009 0.014 0.027 0.014 0.010 0.051 0.427 
460   ZFOS26    (0)   15 :  0.007 0.422 0.009 0.004 0.013 0.015 0.012 0.099 0.007 0.025 0.010 0.026 0.351 
461   ZFOS27    (0)   15 :  0.008 0.019 0.010 0.010 0.006 0.019 0.005 0.031 0.005 0.005 0.005 0.021 0.856 
462   ZFOS28    (0)   15 :  0.003 0.014 0.011 0.011 0.014 0.007 0.014 0.009 0.006 0.012 0.008 0.009 0.881 
463   ZFOS29    (0)   15 :  0.008 0.009 0.018 0.010 0.005 0.010 0.009 0.008 0.004 0.008 0.006 0.011 0.893 
464   ZFOS30    (0)   15 :  0.010 0.010 0.005 0.003 0.005 0.012 0.007 0.010 0.008 0.006 0.003 0.003 0.918 
465   ZFOS31    (0)   15 :  0.038 0.074 0.042 0.005 0.004 0.075 0.015 0.029 0.227 0.021 0.005 0.009 0.456 
466   ZFOS32    (0)   15 :  0.008 0.016 0.008 0.004 0.007 0.003 0.009 0.015 0.004 0.014 0.004 0.006 0.902 
467   ZFPB01    (0)   16 :  0.003 0.003 0.004 0.957 0.004 0.005 0.004 0.002 0.003 0.004 0.006 0.003 0.003 
468   ZFPB02    (0)   16 :  0.007 0.005 0.003 0.953 0.002 0.003 0.003 0.004 0.004 0.004 0.005 0.003 0.004 
469   ZFPB03    (0)   16 :  0.003 0.004 0.004 0.943 0.003 0.008 0.004 0.004 0.002 0.004 0.004 0.011 0.006 
470   ZFPB05    (0)   16 :  0.003 0.003 0.002 0.968 0.002 0.003 0.003 0.002 0.003 0.003 0.003 0.002 0.002 
471   ZFPB06    (0)   16 :  0.002 0.003 0.003 0.955 0.004 0.006 0.004 0.003 0.003 0.005 0.005 0.003 0.005 
472   ZFPB07    (0)   16 :  0.004 0.004 0.002 0.964 0.002 0.003 0.003 0.004 0.003 0.003 0.003 0.002 0.003 
473   ZFPB08    (0)   16 :  0.004 0.004 0.003 0.950 0.003 0.005 0.004 0.005 0.003 0.005 0.006 0.004 0.005 
474   ZFPB10    (0)   16 :  0.002 0.003 0.003 0.958 0.003 0.004 0.003 0.002 0.003 0.004 0.005 0.005 0.003 
475   ZFPB11    (0)   16 :  0.003 0.003 0.002 0.962 0.003 0.004 0.003 0.002 0.004 0.004 0.004 0.002 0.004 
476   ZFPB12    (0)   16 :  0.003 0.003 0.003 0.961 0.003 0.003 0.003 0.002 0.003 0.004 0.005 0.003 0.003 
477   ZFPB13    (0)   16 :  0.003 0.003 0.003 0.963 0.003 0.003 0.003 0.003 0.002 0.003 0.004 0.003 0.003 
478   ZFPB14    (0)   16 :  0.004 0.003 0.003 0.964 0.002 0.002 0.003 0.004 0.003 0.003 0.003 0.002 0.003 
479   ZFPB15    (0)   16 :  0.005 0.004 0.003 0.958 0.002 0.004 0.003 0.006 0.002 0.003 0.004 0.003 0.004 
480   ZFPB17    (0)   16 :  0.002 0.003 0.003 0.964 0.003 0.003 0.003 0.002 0.003 0.004 0.004 0.002 0.003 
481   ZFPB18    (0)   16 :  0.003 0.003 0.002 0.968 0.002 0.003 0.003 0.003 0.003 0.003 0.003 0.002 0.003 
482   ZFPB19    (0)   16 :  0.003 0.003 0.005 0.946 0.004 0.006 0.005 0.005 0.002 0.004 0.005 0.004 0.005 
483   ZFPB20    (0)   16 :  0.002 0.002 0.002 0.971 0.003 0.003 0.003 0.002 0.002 0.003 0.003 0.002 0.002 
484   ZFPB21    (0)   16 :  0.003 0.003 0.003 0.962 0.002 0.004 0.003 0.005 0.002 0.004 0.003 0.003 0.003 
485   ZFPB22    (0)   16 :  0.002 0.002 0.003 0.966 0.003 0.004 0.003 0.002 0.002 0.003 0.004 0.003 0.003 
486   ZFPB23    (0)   16 :  0.003 0.003 0.004 0.958 0.003 0.003 0.004 0.004 0.003 0.004 0.005 0.003 0.003 
487   ZFSF01    (0)   17 :  0.002 0.005 0.690 0.002 0.031 0.004 0.020 0.005 0.132 0.034 0.064 0.005 0.006 
488   ZFSF02    (0)   17 :  0.005 0.021 0.408 0.005 0.011 0.006 0.037 0.017 0.367 0.083 0.022 0.007 0.010 
489   ZFSF03    (0)   17 :  0.003 0.004 0.156 0.005 0.013 0.005 0.295 0.004 0.059 0.405 0.044 0.003 0.004 
490   ZFSF04    (0)   17 :  0.010 0.008 0.530 0.003 0.024 0.034 0.150 0.013 0.035 0.175 0.005 0.004 0.009 
491  ZFSW101    (0)   18 :  0.005 0.012 0.021 0.004 0.079 0.009 0.318 0.059 0.007 0.470 0.006 0.005 0.005 
492  ZFSW102    (0)   18 :  0.005 0.005 0.054 0.006 0.099 0.029 0.340 0.013 0.013 0.417 0.006 0.004 0.010 
493  ZFSW103    (0)   18 :  0.011 0.034 0.060 0.004 0.543 0.016 0.126 0.033 0.011 0.136 0.008 0.013 0.006 
494  ZFSW104    (9)   18 :  0.009 0.010 0.365 0.004 0.014 0.010 0.243 0.010 0.016 0.298 0.006 0.003 0.012 
495  ZFSW105    (0)   18 :  0.009 0.008 0.100 0.004 0.070 0.007 0.289 0.076 0.005 0.416 0.005 0.005 0.008 
496  ZFSW106    (0)   18 :  0.023 0.010 0.029 0.012 0.146 0.004 0.267 0.015 0.013 0.436 0.024 0.013 0.008 
497  ZFSW107    (0)   18 :  0.005 0.005 0.023 0.022 0.377 0.024 0.423 0.017 0.007 0.081 0.006 0.003 0.006 
498  ZFSW108    (0)   18 :  0.003 0.003 0.049 0.008 0.828 0.005 0.052 0.003 0.005 0.024 0.012 0.003 0.006 
499  ZFSW109    (0)   18 :  0.009 0.005 0.017 0.006 0.695 0.003 0.140 0.007 0.003 0.093 0.004 0.005 0.012 
500  ZFSW110    (0)   18 :  0.007 0.008 0.010 0.007 0.115 0.009 0.336 0.013 0.006 0.472 0.005 0.006 0.005 
501  ZFSW111    (0)   18 :  0.008 0.006 0.008 0.005 0.063 0.009 0.327 0.074 0.005 0.477 0.004 0.003 0.010 
502  ZFSW112    (0)   18 :  0.011 0.012 0.021 0.005 0.778 0.006 0.027 0.055 0.005 0.031 0.005 0.007 0.037 
503  ZFSW113    (0)   18 :  0.004 0.021 0.090 0.003 0.021 0.006 0.304 0.030 0.022 0.477 0.008 0.006 0.008 
504  ZFSW114    (0)   18 :  0.011 0.011 0.017 0.004 0.674 0.006 0.109 0.018 0.012 0.118 0.005 0.003 0.010 
505  ZFSW115    (0)   18 :  0.004 0.004 0.011 0.003 0.040 0.005 0.335 0.006 0.006 0.571 0.006 0.003 0.006 
506  ZFSW116    (0)   18 :  0.009 0.012 0.055 0.013 0.041 0.020 0.332 0.057 0.021 0.419 0.007 0.007 0.007 
507  ZFSW117    (0)   18 :  0.011 0.012 0.016 0.007 0.044 0.010 0.335 0.022 0.015 0.506 0.007 0.007 0.008 
508  ZFSW119    (0)   18 :  0.003 0.002 0.064 0.004 0.414 0.009 0.204 0.003 0.019 0.254 0.006 0.003 0.016 
509  ZFSW120    (0)   18 :  0.002 0.002 0.194 0.008 0.032 0.004 0.401 0.002 0.011 0.331 0.005 0.002 0.005 
510  ZFSW121    (0)   18 :  0.005 0.003 0.014 0.003 0.018 0.005 0.350 0.005 0.012 0.576 0.003 0.002 0.005 
511  ZFSW122    (0)   18 :  0.013 0.011 0.433 0.006 0.022 0.004 0.215 0.013 0.004 0.253 0.005 0.012 0.008 
512  ZFSW123    (0)   18 :  0.003 0.003 0.332 0.010 0.406 0.004 0.154 0.007 0.003 0.061 0.008 0.003 0.006 
513  ZFSW124    (0)   18 :  0.003 0.004 0.863 0.003 0.019 0.006 0.038 0.004 0.004 0.036 0.006 0.003 0.010 
514  ZFSW201    (0)   19 :  0.003 0.003 0.177 0.010 0.683 0.007 0.082 0.003 0.006 0.008 0.009 0.005 0.005 
515  ZFSW202    (0)   19 :  0.003 0.003 0.015 0.006 0.923 0.006 0.012 0.003 0.009 0.008 0.004 0.003 0.005 
516  ZFSW203    (0)   19 :  0.003 0.002 0.030 0.008 0.877 0.006 0.034 0.003 0.005 0.012 0.007 0.003 0.010 
517  ZFSW204    (0)   19 :  0.003 0.003 0.008 0.007 0.906 0.019 0.020 0.003 0.005 0.008 0.007 0.003 0.008 
518  ZFSW205    (0)   19 :  0.002 0.005 0.013 0.003 0.946 0.003 0.005 0.004 0.004 0.004 0.004 0.004 0.003 
519  ZFSW206    (0)   19 :  0.002 0.003 0.004 0.003 0.958 0.003 0.003 0.003 0.005 0.005 0.005 0.003 0.003 
520  ZFSW207    (0)   19 :  0.007 0.007 0.014 0.003 0.914 0.006 0.009 0.006 0.004 0.010 0.007 0.009 0.004 
521  ZFSW208    (0)   19 :  0.003 0.003 0.006 0.004 0.943 0.003 0.011 0.003 0.005 0.005 0.006 0.004 0.004 
522  ZFSW209    (0)   19 :  0.008 0.003 0.006 0.003 0.856 0.003 0.013 0.003 0.005 0.039 0.054 0.003 0.004 
523  ZFSW210    (0)   19 :  0.009 0.012 0.005 0.003 0.907 0.005 0.008 0.008 0.006 0.005 0.005 0.025 0.004 
524  ZFSW211    (0)   19 :  0.003 0.005 0.005 0.003 0.945 0.005 0.004 0.004 0.006 0.006 0.007 0.006 0.003 
525  ZFSW212    (0)   19 :  0.002 0.003 0.006 0.003 0.955 0.004 0.004 0.004 0.005 0.003 0.004 0.004 0.004 
526  ZFSW213    (0)   19 :  0.003 0.003 0.005 0.003 0.957 0.004 0.004 0.003 0.004 0.004 0.003 0.003 0.004 
527  ZFSW214    (0)   19 :  0.003 0.003 0.004 0.002 0.955 0.003 0.004 0.004 0.004 0.005 0.003 0.003 0.006 
528  ZFSW215    (0)   19 :  0.003 0.003 0.011 0.004 0.939 0.003 0.010 0.003 0.003 0.008 0.004 0.003 0.006 
529  ZFSW216    (0)   19 :  0.002 0.004 0.005 0.002 0.953 0.004 0.005 0.004 0.004 0.005 0.005 0.004 0.004 
530  ZFSW217    (0)   19 :  0.003 0.003 0.011 0.003 0.945 0.003 0.006 0.004 0.005 0.005 0.003 0.003 0.006 
531  ZFSW218    (0)   19 :  0.002 0.003 0.004 0.002 0.961 0.003 0.004 0.003 0.003 0.003 0.003 0.003 0.004 
532  ZFSW219    (0)   19 :  0.002 0.004 0.006 0.006 0.902 0.019 0.011 0.004 0.008 0.014 0.012 0.004 0.007 
533  ZFSW220    (0)   19 :  0.003 0.003 0.004 0.013 0.930 0.006 0.008 0.003 0.004 0.007 0.010 0.003 0.005 
534  ZFSW221    (0)   19 :  0.003 0.004 0.005 0.003 0.947 0.005 0.004 0.004 0.006 0.005 0.006 0.006 0.004 
535  ZFSW222    (0)   19 :  0.002 0.002 0.010 0.003 0.948 0.002 0.007 0.002 0.007 0.007 0.003 0.002 0.003 
536  ZFSW223    (0)   19 :  0.003 0.003 0.005 0.012 0.934 0.005 0.007 0.003 0.004 0.007 0.009 0.003 0.005 
537  ZFSW224    (0)   19 :  0.003 0.004 0.004 0.003 0.951 0.004 0.004 0.004 0.005 0.005 0.005 0.005 0.004 
538  ZFSW225    (0)   19 :  0.002 0.004 0.008 0.005 0.944 0.004 0.006 0.003 0.005 0.005 0.006 0.005 0.003 
539  ZFSW226    (0)   19 :  0.008 0.007 0.049 0.012 0.853 0.003 0.019 0.014 0.003 0.010 0.007 0.008 0.006 
540  ZFSW227    (0)   19 :  0.002 0.003 0.006 0.003 0.957 0.003 0.004 0.003 0.004 0.004 0.004 0.003 0.003 
541  ZFSW229    (0)   19 :  0.002 0.003 0.006 0.003 0.954 0.003 0.004 0.003 0.004 0.004 0.005 0.004 0.003 
542  ZFSW230    (0)   19 :  0.005 0.017 0.012 0.009 0.900 0.004 0.004 0.022 0.004 0.005 0.004 0.004 0.010 
543  ZFSW231    (0)   19 :  0.002 0.003 0.006 0.003 0.951 0.004 0.005 0.003 0.005 0.005 0.005 0.005 0.003 
544  ZFSW232    (0)   19 :  0.003 0.004 0.024 0.003 0.920 0.003 0.010 0.004 0.010 0.009 0.004 0.003 0.003 
545  ZFSW233    (0)   19 :  0.008 0.009 0.007 0.009 0.825 0.009 0.045 0.012 0.013 0.041 0.013 0.003 0.006 
546  ZFSW234    (0)   19 :  0.002 0.002 0.006 0.005 0.957 0.002 0.006 0.002 0.003 0.004 0.005 0.003 0.003 
547  ZFSW235    (0)   19 :  0.003 0.004 0.007 0.005 0.936 0.009 0.005 0.004 0.006 0.005 0.006 0.004 0.005 
548  ZFSW236    (0)   19 :  0.002 0.003 0.005 0.002 0.962 0.003 0.004 0.003 0.004 0.003 0.003 0.003 0.004 
549  ZFSW237    (0)   19 :  0.003 0.003 0.010 0.003 0.926 0.007 0.009 0.004 0.007 0.009 0.005 0.003 0.010 
550  ZFSW238    (0)   19 :  0.021 0.008 0.013 0.009 0.687 0.029 0.019 0.006 0.066 0.049 0.041 0.002 0.051 
551  ZFSW239    (0)   19 :  0.004 0.014 0.019 0.017 0.888 0.003 0.013 0.017 0.003 0.006 0.004 0.003 0.006 
552  ZFSW240    (0)   19 :  0.002 0.003 0.012 0.005 0.934 0.005 0.014 0.003 0.003 0.006 0.005 0.003 0.004 
553   ZFTS01    (0)   20 :  0.003 0.005 0.006 0.342 0.003 0.004 0.612 0.005 0.003 0.008 0.006 0.003 0.003 
554   ZFTS02    (0)   20 :  0.005 0.004 0.006 0.314 0.008 0.014 0.616 0.006 0.010 0.007 0.004 0.003 0.004 
555   ZFTS03    (0)   20 :  0.004 0.003 0.008 0.325 0.011 0.008 0.614 0.004 0.007 0.005 0.004 0.003 0.004 
556   ZFTS04    (0)   20 :  0.003 0.003 0.005 0.344 0.005 0.005 0.615 0.003 0.004 0.005 0.004 0.002 0.003 
557   ZFTS05    (0)   20 :  0.003 0.004 0.007 0.326 0.009 0.042 0.571 0.004 0.008 0.007 0.009 0.004 0.005 
558   ZFTS07    (0)   20 :  0.002 0.003 0.007 0.342 0.006 0.006 0.605 0.003 0.007 0.007 0.007 0.003 0.003 
559   ZFTS08    (0)   20 :  0.003 0.003 0.009 0.326 0.015 0.004 0.612 0.003 0.006 0.007 0.005 0.003 0.005 
560   ZFTS09    (0)   20 :  0.002 0.003 0.008 0.323 0.016 0.003 0.613 0.003 0.004 0.010 0.010 0.003 0.003 
561   ZFTS10    (0)   20 :  0.003 0.005 0.080 0.247 0.018 0.027 0.578 0.004 0.009 0.011 0.009 0.004 0.004 
562   ZFTS11    (0)   20 :  0.002 0.004 0.006 0.327 0.009 0.005 0.612 0.003 0.004 0.010 0.010 0.004 0.004 
563   ZFTS12    (0)   20 :  0.004 0.003 0.004 0.344 0.006 0.006 0.606 0.003 0.005 0.004 0.006 0.004 0.006 
564   ZFTS14    (0)   20 :  0.004 0.003 0.004 0.346 0.006 0.004 0.609 0.003 0.006 0.004 0.004 0.003 0.003 
565   ZFTS15    (0)   20 :  0.003 0.004 0.006 0.326 0.006 0.008 0.613 0.004 0.006 0.011 0.008 0.003 0.002 
566   ZFTS16    (0)   20 :  0.005 0.009 0.158 0.200 0.012 0.042 0.530 0.009 0.006 0.010 0.008 0.006 0.005 
567   ZFTS17    (9)   20 :  0.003 0.010 0.019 0.297 0.038 0.009 0.559 0.006 0.008 0.014 0.019 0.013 0.005 
568   ZFTS18    (0)   20 :  0.003 0.003 0.011 0.323 0.018 0.006 0.612 0.003 0.005 0.005 0.004 0.003 0.005 
569   ZFTS19    (9)   20 :  0.003 0.003 0.179 0.105 0.147 0.006 0.526 0.003 0.006 0.007 0.006 0.004 0.005 
570   ZFTS20    (0)   20 :  0.003 0.003 0.013 0.306 0.033 0.007 0.598 0.003 0.010 0.006 0.006 0.004 0.007 
571   ZFTS21    (0)   20 :  0.003 0.003 0.007 0.342 0.007 0.004 0.611 0.002 0.004 0.005 0.006 0.003 0.003 
572   ZFTS22    (0)   20 :  0.003 0.003 0.010 0.331 0.014 0.004 0.605 0.003 0.005 0.006 0.009 0.003 0.005 
573   ZFTS23    (0)   20 :  0.004 0.003 0.004 0.337 0.007 0.008 0.609 0.004 0.007 0.005 0.004 0.003 0.005 
574   ZFTS24    (0)   20 :  0.003 0.003 0.007 0.337 0.008 0.007 0.609 0.003 0.004 0.004 0.004 0.003 0.006 
575   ZFTS25    (0)   20 :  0.003 0.010 0.022 0.274 0.021 0.005 0.609 0.006 0.009 0.015 0.018 0.006 0.002 
576   ZFTS26    (0)   20 :  0.002 0.003 0.116 0.102 0.181 0.003 0.569 0.003 0.004 0.005 0.005 0.004 0.003 
577   ZFTS27    (0)   20 :  0.003 0.005 0.014 0.328 0.012 0.019 0.582 0.007 0.007 0.008 0.007 0.003 0.004 
578   ZFTS28    (0)   20 :  0.006 0.009 0.015 0.296 0.017 0.031 0.553 0.018 0.016 0.014 0.010 0.006 0.009 
579   ZFTS29    (0)   20 :  0.002 0.002 0.035 0.287 0.033 0.014 0.576 0.002 0.007 0.014 0.019 0.003 0.005 
580   ZFTS30    (0)   20 :  0.002 0.003 0.028 0.293 0.016 0.016 0.601 0.003 0.007 0.012 0.012 0.003 0.004 
581   ZFTS31    (0)   20 :  0.003 0.003 0.007 0.328 0.007 0.029 0.597 0.004 0.005 0.005 0.004 0.003 0.004 
582   ZFTS32    (0)   20 :  0.003 0.005 0.008 0.302 0.012 0.012 0.614 0.005 0.005 0.011 0.014 0.004 0.004 
583   ZFTS33    (0)   20 :  0.003 0.006 0.007 0.302 0.019 0.007 0.607 0.007 0.011 0.013 0.009 0.005 0.005 
584   ZFTS34    (0)   20 :  0.005 0.004 0.009 0.332 0.008 0.004 0.613 0.006 0.005 0.005 0.004 0.003 0.003 
585   ZFTS35    (0)   20 :  0.004 0.004 0.035 0.254 0.020 0.021 0.623 0.004 0.012 0.008 0.007 0.003 0.005 
586   ZFTS36    (0)   20 :  0.004 0.003 0.005 0.343 0.006 0.004 0.612 0.003 0.006 0.004 0.004 0.003 0.004 
587   ZFTS37    (0)   20 :  0.003 0.004 0.037 0.211 0.052 0.024 0.632 0.005 0.011 0.008 0.006 0.003 0.005 
588   ZFTS38    (0)   20 :  0.003 0.004 0.038 0.219 0.028 0.026 0.625 0.004 0.013 0.025 0.007 0.003 0.005 
589   ZFTS39    (0)   20 :  0.004 0.004 0.015 0.331 0.012 0.004 0.596 0.005 0.006 0.006 0.006 0.005 0.006 
590   ZFTS40    (0)   20 :  0.007 0.010 0.018 0.251 0.007 0.089 0.556 0.015 0.014 0.011 0.012 0.005 0.005 
591 ZFTSP101    (0)   21 :  0.011 0.528 0.004 0.003 0.004 0.008 0.004 0.252 0.004 0.006 0.004 0.163 0.010 
592 ZFTSP102    (0)   21 :  0.007 0.078 0.005 0.003 0.008 0.017 0.005 0.014 0.023 0.005 0.005 0.825 0.007 
593 ZFTSP103    (0)   21 :  0.016 0.246 0.004 0.002 0.005 0.005 0.005 0.021 0.019 0.013 0.005 0.604 0.054 
594 ZFTSP104    (0)   21 :  0.007 0.953 0.002 0.002 0.003 0.004 0.003 0.007 0.006 0.003 0.003 0.005 0.003 
595 ZFTSP105    (0)   21 :  0.008 0.777 0.004 0.003 0.004 0.005 0.003 0.013 0.013 0.003 0.003 0.156 0.009 
596 ZFTSP106    (0)   21 :  0.280 0.296 0.004 0.006 0.004 0.006 0.004 0.336 0.017 0.011 0.011 0.018 0.007 
597 ZFTSP107    (0)   21 :  0.009 0.908 0.003 0.003 0.003 0.004 0.003 0.006 0.017 0.004 0.005 0.028 0.008 
598 ZFTSP108    (0)   21 :  0.531 0.273 0.003 0.007 0.003 0.007 0.005 0.022 0.031 0.013 0.015 0.081 0.010 
599 ZFTSP109    (0)   21 :  0.023 0.871 0.003 0.003 0.004 0.005 0.004 0.013 0.050 0.005 0.006 0.006 0.008 
600 ZFTSP110    (0)   21 :  0.006 0.887 0.003 0.003 0.003 0.004 0.003 0.057 0.006 0.006 0.006 0.010 0.006 
601 ZFTSP111    (0)   21 :  0.005 0.900 0.003 0.002 0.003 0.007 0.003 0.031 0.004 0.003 0.003 0.032 0.004 
602 ZFTSP112    (0)   21 :  0.006 0.867 0.004 0.007 0.004 0.022 0.005 0.021 0.009 0.006 0.005 0.032 0.012 
603 ZFTSP113    (0)   21 :  0.010 0.917 0.003 0.003 0.004 0.006 0.004 0.009 0.017 0.005 0.006 0.009 0.007 
604 ZFTSP114    (0)   21 :  0.006 0.913 0.002 0.003 0.002 0.005 0.003 0.006 0.005 0.003 0.003 0.042 0.006 
605 ZFTSP115    (0)   21 :  0.017 0.871 0.004 0.007 0.003 0.013 0.005 0.024 0.018 0.007 0.004 0.014 0.014 
606 ZFTSP116    (0)   21 :  0.006 0.800 0.003 0.003 0.004 0.014 0.003 0.048 0.008 0.005 0.005 0.094 0.007 
607 ZFTSP117    (0)   21 :  0.005 0.942 0.003 0.003 0.003 0.004 0.003 0.009 0.003 0.003 0.003 0.017 0.003 
608 ZFTSP118    (0)   21 :  0.004 0.851 0.005 0.003 0.004 0.004 0.003 0.007 0.004 0.003 0.003 0.102 0.005 
609 ZFTSP119    (0)   21 :  0.538 0.235 0.037 0.006 0.018 0.006 0.013 0.020 0.033 0.018 0.017 0.055 0.005 
610 ZFTSP120    (0)   21 :  0.004 0.736 0.006 0.003 0.004 0.003 0.003 0.105 0.003 0.003 0.003 0.122 0.006 
611 ZFTSP121    (0)   21 :  0.030 0.141 0.009 0.014 0.006 0.005 0.013 0.006 0.010 0.017 0.047 0.699 0.003 
612 ZFTSP122    (0)   21 :  0.031 0.801 0.003 0.003 0.003 0.006 0.003 0.035 0.007 0.004 0.003 0.090 0.012 
613 ZFTSP123    (0)   21 :  0.010 0.947 0.002 0.003 0.002 0.003 0.003 0.009 0.005 0.003 0.003 0.006 0.003 
614 ZFTSP124    (0)   21 :  0.012 0.922 0.002 0.003 0.002 0.004 0.003 0.026 0.006 0.004 0.003 0.006 0.007 
615 ZFTSP125    (0)   21 :  0.045 0.909 0.002 0.003 0.002 0.002 0.003 0.009 0.006 0.003 0.003 0.009 0.004 
616 ZFTSP126    (0)   21 :  0.014 0.905 0.003 0.004 0.003 0.005 0.004 0.021 0.011 0.004 0.005 0.015 0.005 
617 ZFTSP127    (0)   21 :  0.014 0.936 0.002 0.003 0.002 0.004 0.003 0.010 0.008 0.003 0.003 0.006 0.005 
618 ZFTSP128    (0)   21 :  0.007 0.926 0.002 0.003 0.003 0.003 0.003 0.009 0.005 0.004 0.004 0.025 0.004 
619 ZFTSP129    (0)   21 :  0.011 0.901 0.002 0.002 0.003 0.005 0.003 0.041 0.004 0.004 0.003 0.009 0.011 
620 ZFTSP130    (0)   21 :  0.008 0.945 0.002 0.003 0.002 0.003 0.003 0.005 0.005 0.003 0.003 0.014 0.003 
621 ZFTSP131    (0)   21 :  0.006 0.949 0.003 0.002 0.002 0.003 0.002 0.011 0.004 0.003 0.002 0.009 0.004 
622 ZFTSP132    (0)   21 :  0.007 0.818 0.004 0.003 0.005 0.019 0.004 0.035 0.005 0.005 0.005 0.082 0.008 
623 ZFTSP133    (0)   21 :  0.346 0.535 0.004 0.003 0.003 0.005 0.003 0.041 0.005 0.004 0.003 0.028 0.020 
624 ZFTSP134    (0)   21 :  0.044 0.858 0.002 0.002 0.003 0.008 0.003 0.014 0.006 0.003 0.004 0.043 0.009 
625 ZFTSP135    (0)   21 :  0.006 0.908 0.004 0.003 0.003 0.003 0.003 0.018 0.006 0.003 0.003 0.037 0.004 
626 ZFTSP136    (0)   21 :  0.011 0.798 0.005 0.003 0.004 0.003 0.003 0.057 0.004 0.003 0.003 0.102 0.004 
627 ZFTSP137    (0)   21 :  0.040 0.574 0.011 0.033 0.006 0.005 0.015 0.078 0.022 0.014 0.024 0.167 0.011 
628 ZFTSP138    (0)   21 :  0.007 0.834 0.003 0.004 0.003 0.007 0.004 0.079 0.006 0.005 0.004 0.037 0.006 
629 ZFTSP139    (0)   21 :  0.033 0.856 0.003 0.003 0.002 0.003 0.002 0.058 0.004 0.003 0.002 0.027 0.003 
630 ZFTSP140    (0)   21 :  0.009 0.827 0.004 0.013 0.005 0.023 0.007 0.031 0.032 0.008 0.006 0.022 0.013 
631 ZFTSP141    (0)   21 :  0.132 0.153 0.005 0.007 0.005 0.031 0.006 0.043 0.028 0.007 0.007 0.564 0.012 
632 ZFTSP142    (0)   21 :  0.010 0.524 0.004 0.003 0.005 0.005 0.003 0.040 0.012 0.007 0.005 0.378 0.006 
633 ZFTSP143    (0)   21 :  0.011 0.915 0.004 0.002 0.004 0.004 0.003 0.015 0.007 0.004 0.003 0.018 0.009 
634 ZFTSP144    (0)   21 :  0.005 0.859 0.006 0.003 0.006 0.008 0.004 0.023 0.008 0.005 0.004 0.063 0.007 
635 ZFTSP145    (0)   21 :  0.025 0.432 0.002 0.004 0.003 0.006 0.003 0.023 0.007 0.004 0.003 0.480 0.008 
636 ZFTSP201    (9)   22 :  0.087 0.168 0.003 0.006 0.004 0.041 0.005 0.622 0.014 0.005 0.007 0.017 0.024 
637 ZFTSP202    (0)   22 :  0.191 0.164 0.005 0.033 0.003 0.184 0.004 0.089 0.005 0.004 0.012 0.292 0.014 
638 ZFTSP203    (0)   22 :  0.009 0.229 0.004 0.003 0.005 0.013 0.003 0.649 0.004 0.004 0.005 0.062 0.010 
639 ZFTSP204    (0)   22 :  0.009 0.522 0.004 0.002 0.007 0.005 0.003 0.285 0.003 0.003 0.004 0.138 0.014 
640 ZFTSP205    (0)   22 :  0.009 0.160 0.004 0.010 0.009 0.053 0.004 0.481 0.004 0.005 0.011 0.213 0.037 
641 ZFTSP206    (0)   22 :  0.025 0.059 0.004 0.004 0.007 0.023 0.005 0.803 0.007 0.008 0.004 0.018 0.033 
642 ZFTSP207    (0)   22 :  0.004 0.028 0.005 0.002 0.007 0.005 0.004 0.920 0.006 0.005 0.004 0.005 0.005 
643 ZFTSP208    (0)   22 :  0.004 0.022 0.009 0.003 0.008 0.007 0.004 0.878 0.005 0.006 0.005 0.044 0.005 
644 ZFTSP209    (0)   22 :  0.021 0.803 0.004 0.003 0.004 0.007 0.004 0.102 0.007 0.004 0.003 0.028 0.012 
645 ZFTSP210    (0)   22 :  0.011 0.597 0.004 0.003 0.005 0.007 0.004 0.344 0.004 0.004 0.005 0.009 0.003 
646 ZFTSP211    (0)   22 :  0.004 0.859 0.006 0.019 0.003 0.035 0.005 0.026 0.004 0.004 0.011 0.014 0.010 
647 ZFTSP212    (0)   22 :  0.033 0.606 0.002 0.002 0.008 0.004 0.004 0.281 0.003 0.005 0.003 0.039 0.010 
648 ZFTSP213    (0)   22 :  0.006 0.905 0.002 0.005 0.002 0.003 0.003 0.036 0.006 0.004 0.005 0.019 0.003 
649 ZFTSP214    (0)   22 :  0.030 0.287 0.004 0.003 0.004 0.005 0.006 0.027 0.021 0.011 0.005 0.557 0.040 
650 ZFTSP215    (0)   22 :  0.005 0.035 0.003 0.003 0.003 0.007 0.003 0.310 0.004 0.005 0.003 0.614 0.005 
651 ZFTSP216    (0)   22 :  0.008 0.540 0.013 0.073 0.005 0.030 0.011 0.087 0.005 0.013 0.046 0.157 0.013 
652 ZFTSP217    (0)   22 :  0.007 0.922 0.003 0.004 0.003 0.004 0.003 0.025 0.007 0.004 0.006 0.009 0.003 
653 ZFTSP218    (0)   22 :  0.010 0.664 0.005 0.003 0.004 0.004 0.004 0.256 0.010 0.005 0.004 0.026 0.006 
654 ZFTSP219    (0)   22 :  0.016 0.697 0.009 0.006 0.007 0.022 0.006 0.145 0.024 0.011 0.006 0.033 0.017 
655 ZFTSP220    (0)   22 :  0.050 0.272 0.010 0.056 0.005 0.008 0.013 0.346 0.009 0.011 0.023 0.179 0.017 
656 ZFTSP221    (0)   22 :  0.057 0.123 0.003 0.006 0.005 0.028 0.004 0.551 0.014 0.006 0.014 0.180 0.008 
657 ZFTSP222    (0)   22 :  0.019 0.522 0.005 0.082 0.003 0.027 0.010 0.169 0.011 0.015 0.125 0.006 0.005 
658 ZFTSP223    (0)   22 :  0.004 0.929 0.002 0.003 0.002 0.002 0.002 0.008 0.004 0.003 0.003 0.035 0.003 
659 ZFTSP224    (0)   22 :  0.018 0.695 0.002 0.003 0.002 0.007 0.002 0.008 0.005 0.003 0.004 0.245 0.006 
660 ZFTSP225    (0)   22 :  0.051 0.752 0.004 0.002 0.004 0.004 0.003 0.065 0.006 0.003 0.005 0.096 0.004 
661 ZFTSP226    (0)   22 :  0.013 0.818 0.003 0.002 0.003 0.005 0.003 0.007 0.007 0.004 0.004 0.125 0.005 
662 ZFTSP227    (0)   22 :  0.021 0.280 0.004 0.018 0.003 0.025 0.006 0.594 0.007 0.008 0.017 0.005 0.011 
663 ZFTSP228    (0)   22 :  0.007 0.630 0.006 0.014 0.004 0.089 0.005 0.090 0.006 0.006 0.015 0.112 0.016 
664    ZFW01    (0)   23 :  0.005 0.008 0.166 0.004 0.701 0.002 0.038 0.014 0.004 0.044 0.004 0.005 0.006 
665    ZFW02    (0)   23 :  0.003 0.003 0.029 0.005 0.886 0.004 0.021 0.005 0.005 0.027 0.004 0.002 0.006 
666    ZFW03    (0)   23 :  0.002 0.006 0.194 0.003 0.722 0.003 0.013 0.005 0.005 0.024 0.005 0.013 0.003 
667    ZFW04    (0)   23 :  0.003 0.003 0.464 0.008 0.460 0.004 0.012 0.005 0.007 0.015 0.005 0.002 0.012 
668    ZFW05    (0)   23 :  0.017 0.007 0.676 0.003 0.027 0.006 0.027 0.004 0.010 0.108 0.083 0.020 0.011 
669    ZFW06    (0)   23 :  0.003 0.004 0.529 0.032 0.333 0.008 0.010 0.007 0.005 0.028 0.029 0.003 0.010 
670   ZFWB01    (0)   24 :  0.008 0.006 0.005 0.004 0.007 0.017 0.008 0.006 0.919 0.006 0.005 0.005 0.005 
671   ZFWB02    (0)   24 :  0.004 0.017 0.166 0.004 0.036 0.005 0.027 0.010 0.544 0.078 0.080 0.022 0.008 
672   ZFWB03    (0)   24 :  0.004 0.005 0.006 0.002 0.005 0.003 0.003 0.004 0.952 0.003 0.003 0.005 0.005 
673   ZFWB05    (0)   24 :  0.051 0.018 0.036 0.016 0.011 0.006 0.146 0.023 0.576 0.095 0.007 0.009 0.005 
674   ZFWB06    (0)   24 :  0.006 0.006 0.007 0.004 0.017 0.013 0.011 0.006 0.904 0.007 0.006 0.008 0.005 
675   ZFWB07    (0)   24 :  0.008 0.004 0.004 0.006 0.006 0.005 0.006 0.004 0.928 0.010 0.010 0.004 0.005 
676   ZFWB10    (0)   24 :  0.046 0.014 0.021 0.018 0.015 0.009 0.043 0.011 0.774 0.029 0.007 0.010 0.005 
677   ZFWB11    (0)   24 :  0.005 0.004 0.004 0.008 0.004 0.005 0.008 0.003 0.940 0.005 0.006 0.003 0.004 
678   ZFWB12    (0)   24 :  0.004 0.013 0.022 0.003 0.005 0.003 0.003 0.005 0.891 0.005 0.005 0.036 0.005 
679   ZFWB13    (9)   24 :  0.043 0.038 0.007 0.005 0.005 0.009 0.010 0.017 0.714 0.016 0.006 0.111 0.020 
680   ZFWB14    (0)   24 :  0.006 0.006 0.003 0.003 0.005 0.006 0.005 0.005 0.944 0.004 0.004 0.004 0.003 
681   ZFWB15    (9)   24 :  0.007 0.006 0.011 0.005 0.007 0.006 0.008 0.006 0.919 0.011 0.007 0.004 0.005 
682   ZFWB18    (0)   24 :  0.004 0.006 0.002 0.003 0.003 0.006 0.003 0.004 0.952 0.004 0.004 0.004 0.004 
683   ZFWB19    (0)   24 :  0.004 0.003 0.013 0.004 0.005 0.005 0.008 0.003 0.915 0.018 0.013 0.003 0.004 
684   ZFWB20    (0)   24 :  0.003 0.006 0.005 0.004 0.005 0.007 0.006 0.004 0.939 0.008 0.006 0.005 0.003 
685   ZFWB21    (0)   24 :  0.004 0.005 0.004 0.004 0.005 0.010 0.004 0.005 0.930 0.010 0.007 0.004 0.007 
686   ZFWB22    (0)   24 :  0.003 0.039 0.031 0.005 0.009 0.010 0.011 0.008 0.795 0.019 0.009 0.057 0.004 
687   ZFWB23    (0)   24 :  0.088 0.042 0.005 0.006 0.007 0.031 0.017 0.028 0.694 0.020 0.007 0.044 0.012 
688   ZFWB24    (0)   24 :  0.006 0.006 0.007 0.002 0.002 0.011 0.004 0.003 0.942 0.005 0.004 0.004 0.003 
689   ZFWB25    (0)   24 :  0.004 0.005 0.010 0.005 0.010 0.016 0.012 0.005 0.911 0.008 0.005 0.004 0.004 
690   ZFWB26    (0)   24 :  0.003 0.010 0.006 0.003 0.015 0.005 0.005 0.005 0.921 0.007 0.009 0.009 0.003 
691   ZFWB27    (0)   24 :  0.003 0.007 0.004 0.003 0.016 0.008 0.005 0.006 0.890 0.020 0.024 0.009 0.004 
692   ZFWB29    (0)   24 :  0.004 0.004 0.070 0.004 0.007 0.011 0.017 0.003 0.847 0.015 0.008 0.003 0.007 
693   ZFWB30    (0)   24 :  0.006 0.004 0.007 0.006 0.004 0.025 0.014 0.004 0.892 0.015 0.012 0.003 0.009 
694   ZFWB31    (0)   24 :  0.004 0.006 0.003 0.003 0.004 0.005 0.003 0.004 0.951 0.004 0.005 0.005 0.004 
695   ZFWB32    (9)   24 :  0.004 0.005 0.014 0.012 0.027 0.005 0.019 0.005 0.858 0.024 0.014 0.004 0.009 
696   ZFWB35    (0)   24 :  0.003 0.005 0.002 0.002 0.004 0.004 0.003 0.004 0.955 0.004 0.005 0.004 0.004 
697   ZFWB36    (0)   24 :  0.004 0.005 0.005 0.003 0.013 0.007 0.004 0.004 0.926 0.006 0.010 0.008 0.005 
698   ZFWB37    (0)   24 :  0.003 0.008 0.005 0.002 0.008 0.004 0.004 0.005 0.937 0.004 0.006 0.009 0.003 
699   ZFWB38    (0)   24 :  0.004 0.006 0.005 0.003 0.012 0.004 0.004 0.005 0.940 0.005 0.005 0.004 0.003 
700   ZFWB39    (9)   24 :  0.005 0.005 0.003 0.003 0.004 0.011 0.004 0.004 0.939 0.004 0.006 0.005 0.006 
701   ZFWB40    (0)   24 :  0.007 0.004 0.005 0.005 0.004 0.010 0.009 0.004 0.923 0.010 0.007 0.003 0.009 
702   ZFWB41    (9)   24 :  0.007 0.007 0.006 0.005 0.006 0.005 0.006 0.006 0.925 0.007 0.007 0.005 0.006 
703   ZFWB42    (0)   24 :  0.005 0.005 0.003 0.002 0.003 0.004 0.003 0.003 0.958 0.003 0.003 0.004 0.003 
704   ZFWB43    (0)   24 :  0.003 0.004 0.002 0.002 0.005 0.004 0.003 0.003 0.956 0.004 0.006 0.004 0.003 
705   ZFWB44    (0)   24 :  0.003 0.006 0.013 0.005 0.354 0.005 0.007 0.004 0.263 0.105 0.224 0.007 0.005 
706   ZFWB46    (0)   24 :  0.004 0.004 0.007 0.003 0.005 0.023 0.008 0.004 0.912 0.012 0.011 0.003 0.005 
707   ZFWB47    (9)   24 :  0.005 0.006 0.014 0.007 0.054 0.004 0.015 0.005 0.838 0.024 0.015 0.005 0.008 
708   ZFWB48    (0)   24 :  0.095 0.004 0.006 0.003 0.004 0.055 0.008 0.004 0.767 0.014 0.031 0.003 0.006 
709   ZFWB49    (0)   24 :  0.073 0.128 0.004 0.003 0.005 0.013 0.008 0.024 0.703 0.012 0.017 0.005 0.006 
710    ZCF01    (0)   25 :  0.003 0.006 0.021 0.038 0.007 0.019 0.009 0.004 0.014 0.012 0.841 0.023 0.005 
711    ZCF02    (0)   25 :  0.004 0.004 0.213 0.016 0.012 0.006 0.025 0.003 0.061 0.031 0.617 0.004 0.005 
712    ZCF03    (0)   25 :  0.003 0.012 0.010 0.131 0.008 0.006 0.017 0.007 0.041 0.148 0.602 0.008 0.006 
713    ZCF04    (0)   25 :  0.005 0.005 0.006 0.055 0.004 0.005 0.004 0.006 0.003 0.008 0.893 0.003 0.005 
714    ZCF05    (0)   25 :  0.003 0.003 0.019 0.009 0.013 0.005 0.032 0.002 0.009 0.152 0.746 0.002 0.005 
715    ZCF06    (0)   25 :  0.007 0.012 0.004 0.018 0.004 0.029 0.008 0.006 0.007 0.021 0.827 0.008 0.048 
716    ZCF07    (0)   25 :  0.003 0.006 0.009 0.004 0.008 0.004 0.004 0.003 0.020 0.105 0.816 0.014 0.003 
717    ZCF08    (0)   25 :  0.007 0.006 0.017 0.012 0.004 0.005 0.004 0.003 0.025 0.012 0.893 0.008 0.004 
718    ZCF09    (0)   25 :  0.103 0.057 0.007 0.118 0.002 0.040 0.011 0.033 0.007 0.013 0.507 0.073 0.030 
719    ZCF10    (0)   25 :  0.012 0.021 0.008 0.008 0.016 0.014 0.008 0.009 0.023 0.097 0.763 0.016 0.007 
720    ZCF11    (0)   25 :  0.004 0.008 0.006 0.006 0.012 0.004 0.006 0.010 0.019 0.267 0.646 0.008 0.004 
721    ZCF12    (0)   25 :  0.006 0.003 0.006 0.025 0.004 0.014 0.011 0.003 0.004 0.206 0.711 0.002 0.003 
722    ZCF13    (0)   25 :  0.018 0.003 0.008 0.007 0.015 0.003 0.012 0.004 0.010 0.007 0.902 0.005 0.006 
723    ZCF14    (0)   25 :  0.011 0.009 0.013 0.011 0.008 0.156 0.069 0.021 0.007 0.391 0.291 0.008 0.006 
724    ZCF15    (0)   25 :  0.006 0.006 0.004 0.012 0.006 0.007 0.008 0.004 0.037 0.294 0.603 0.004 0.011 
725    ZCF16    (0)   25 :  0.003 0.004 0.004 0.009 0.007 0.016 0.007 0.003 0.009 0.009 0.914 0.009 0.006 
726    ZCF17    (0)   25 :  0.003 0.004 0.005 0.003 0.006 0.008 0.005 0.003 0.022 0.042 0.891 0.005 0.004 
727    ZCF18    (0)   25 :  0.011 0.004 0.009 0.021 0.019 0.006 0.028 0.005 0.011 0.028 0.848 0.003 0.009 
728    ZCF19    (0)   25 :  0.003 0.004 0.014 0.051 0.010 0.067 0.076 0.004 0.009 0.554 0.193 0.003 0.013 
729    ZCF20    (0)   25 :  0.005 0.012 0.013 0.006 0.013 0.006 0.008 0.013 0.017 0.121 0.773 0.010 0.004 
730    ZCF21    (0)   25 :  0.004 0.007 0.006 0.028 0.011 0.010 0.013 0.003 0.011 0.243 0.652 0.004 0.008 
731    ZCF22    (0)   25 :  0.004 0.015 0.016 0.006 0.020 0.009 0.016 0.007 0.014 0.025 0.846 0.016 0.007 
732    ZCF23    (0)   25 :  0.005 0.004 0.008 0.007 0.012 0.004 0.006 0.003 0.012 0.005 0.926 0.006 0.003 
733    ZCF24    (0)   25 :  0.023 0.024 0.003 0.012 0.002 0.016 0.005 0.005 0.012 0.008 0.857 0.024 0.010 
734    ZCF25    (0)   25 :  0.006 0.007 0.004 0.004 0.003 0.013 0.005 0.007 0.006 0.010 0.921 0.008 0.006 
735    ZCF26    (0)   25 :  0.003 0.007 0.004 0.004 0.004 0.007 0.007 0.003 0.004 0.008 0.928 0.008 0.013 
736    ZCF27    (0)   25 :  0.004 0.004 0.005 0.006 0.008 0.007 0.006 0.003 0.017 0.206 0.724 0.006 0.005 
737    ZCF28    (0)   25 :  0.003 0.003 0.011 0.008 0.015 0.009 0.018 0.004 0.019 0.011 0.888 0.005 0.007 
738    ZCF29    (0)   25 :  0.041 0.031 0.009 0.606 0.005 0.112 0.020 0.017 0.036 0.049 0.048 0.016 0.010 
739    ZCF30    (0)   25 :  0.005 0.004 0.004 0.004 0.008 0.003 0.006 0.003 0.007 0.017 0.926 0.007 0.007 
740    ZCF31    (0)   25 :  0.003 0.003 0.024 0.011 0.005 0.006 0.007 0.004 0.069 0.019 0.843 0.002 0.005 
741    ZCF32    (0)   25 :  0.003 0.004 0.005 0.076 0.011 0.011 0.173 0.006 0.006 0.021 0.673 0.004 0.005 
742    ZCF33    (0)   25 :  0.004 0.003 0.024 0.018 0.013 0.005 0.067 0.003 0.003 0.009 0.845 0.003 0.004 
743    ZCF34    (0)   25 :  0.022 0.046 0.005 0.015 0.005 0.035 0.027 0.038 0.017 0.030 0.748 0.007 0.005 
744    ZCF35    (0)   25 :  0.008 0.012 0.006 0.099 0.004 0.010 0.004 0.011 0.005 0.006 0.823 0.003 0.007 
745    ZCF36    (0)   25 :  0.003 0.005 0.062 0.008 0.063 0.008 0.011 0.006 0.005 0.037 0.782 0.006 0.004 
746    ZCF37    (0)   25 :  0.003 0.009 0.007 0.038 0.010 0.020 0.016 0.005 0.019 0.065 0.797 0.005 0.004 
747    ZCF38    (0)   25 :  0.014 0.006 0.004 0.006 0.007 0.006 0.006 0.008 0.031 0.008 0.886 0.004 0.014 
748    ZCF39    (0)   25 :  0.015 0.481 0.004 0.013 0.010 0.006 0.007 0.030 0.017 0.048 0.360 0.006 0.003 
749    ZCF40    (0)   25 :  0.004 0.009 0.004 0.004 0.008 0.018 0.007 0.008 0.017 0.032 0.865 0.015 0.009 
750    ZCF41    (0)   25 :  0.003 0.004 0.011 0.041 0.017 0.048 0.043 0.003 0.007 0.112 0.693 0.009 0.010 
751    ZCF42    (0)   25 :  0.007 0.016 0.005 0.059 0.004 0.010 0.009 0.005 0.073 0.110 0.649 0.013 0.040 


Estimated Allele Frequencies in each cluster
First column gives estimated ancestral frequencies


Locus 1 : 
11 alleles
0.0% missing data
 206   (0.209) 0.308 0.198 0.210 0.002 0.137 0.005 0.184 0.301 0.196 0.368 0.050 0.002 0.686 
 204   (0.451) 0.436 0.739 0.529 0.974 0.460 0.989 0.637 0.570 0.796 0.313 0.618 0.996 0.209 
 222   (0.072) 0.001 0.001 0.129 0.021 0.001 0.002 0.112 0.001 0.002 0.107 0.120 0.000 0.001 
 218   (0.056) 0.001 0.060 0.001 0.001 0.397 0.001 0.002 0.112 0.001 0.004 0.003 0.000 0.064 
 216   (0.020) 0.000 0.000 0.000 0.000 0.000 0.000 0.001 0.013 0.000 0.001 0.001 0.000 0.000 
 208   (0.028) 0.164 0.000 0.000 0.000 0.000 0.001 0.002 0.002 0.001 0.004 0.005 0.000 0.000 
 224   (0.049) 0.001 0.000 0.128 0.000 0.001 0.001 0.024 0.000 0.002 0.074 0.006 0.000 0.038 
 220   (0.063) 0.088 0.000 0.001 0.001 0.004 0.001 0.034 0.000 0.001 0.117 0.167 0.000 0.001 
 230   (0.018) 0.000 0.000 0.000 0.000 0.000 0.000 0.004 0.000 0.000 0.008 0.001 0.000 0.000 
 210   (0.017) 0.000 0.000 0.000 0.000 0.000 0.000 0.000 0.000 0.000 0.001 0.018 0.000 0.000 
 202   (0.017) 0.000 0.000 0.000 0.000 0.000 0.000 0.001 0.000 0.000 0.001 0.009 0.000 0.000 

Locus 2 : 
5 alleles
0.7% missing data
 179   (0.614) 0.043 0.398 0.992 0.659 0.995 0.777 0.679 0.550 0.265 0.710 0.758 0.986 0.478 
 173   (0.297) 0.956 0.540 0.007 0.265 0.004 0.222 0.100 0.368 0.732 0.269 0.212 0.013 0.521 
 182   (0.039) 0.001 0.061 0.000 0.000 0.000 0.001 0.003 0.081 0.001 0.008 0.002 0.000 0.000 
 170   (0.028) 0.000 0.000 0.000 0.075 0.000 0.000 0.218 0.000 0.001 0.010 0.002 0.000 0.000 
 176   (0.022) 0.000 0.000 0.000 0.000 0.000 0.000 0.001 0.000 0.000 0.004 0.026 0.000 0.000 

Locus 3 : 
7 alleles
0.0% missing data
 198   (0.487) 0.232 0.571 0.688 0.055 0.840 0.745 0.468 0.742 0.870 0.540 0.280 0.123 0.510 
 207   (0.232) 0.043 0.004 0.308 0.942 0.117 0.008 0.468 0.011 0.111 0.315 0.569 0.003 0.003 
 216   (0.083) 0.290 0.115 0.001 0.001 0.001 0.242 0.003 0.020 0.001 0.006 0.005 0.494 0.485 
 195   (0.101) 0.434 0.309 0.002 0.002 0.025 0.003 0.026 0.210 0.016 0.042 0.006 0.380 0.001 
 213   (0.031) 0.001 0.001 0.001 0.000 0.017 0.000 0.001 0.017 0.001 0.003 0.002 0.000 0.000 
 210   (0.038) 0.001 0.000 0.000 0.000 0.000 0.001 0.034 0.000 0.001 0.068 0.065 0.000 0.000 
 219   (0.028) 0.001 0.000 0.000 0.000 0.000 0.001 0.001 0.000 0.000 0.026 0.073 0.000 0.000 

Locus 4 : 
7 alleles
0.0% missing data
 166   (0.338) 0.981 0.314 0.421 0.104 0.662 0.011 0.492 0.459 0.669 0.240 0.127 0.513 0.670 
 182   (0.169) 0.002 0.001 0.510 0.027 0.043 0.417 0.201 0.001 0.080 0.226 0.198 0.001 0.110 
 178   (0.268) 0.005 0.674 0.009 0.021 0.292 0.005 0.168 0.412 0.247 0.388 0.399 0.484 0.103 
 184   (0.127) 0.002 0.009 0.058 0.846 0.001 0.563 0.100 0.027 0.002 0.034 0.245 0.001 0.113 
 180   (0.030) 0.000 0.001 0.000 0.000 0.000 0.000 0.004 0.100 0.001 0.012 0.003 0.000 0.000 
 186   (0.040) 0.001 0.001 0.001 0.000 0.000 0.001 0.034 0.000 0.001 0.086 0.021 0.000 0.002 
 168   (0.028) 0.008 0.000 0.000 0.002 0.000 0.002 0.001 0.000 0.001 0.014 0.008 0.000 0.001 

Locus 5 : 
9 alleles
0.0% missing data
 215   (0.504) 0.011 0.370 0.560 0.277 0.877 0.940 0.269 0.169 0.690 0.576 0.843 0.939 0.835 
 207   (0.183) 0.191 0.627 0.230 0.568 0.008 0.051 0.017 0.712 0.004 0.056 0.036 0.059 0.152 
 225   (0.070) 0.001 0.001 0.149 0.001 0.047 0.001 0.136 0.000 0.261 0.246 0.004 0.000 0.001 
 217   (0.093) 0.001 0.001 0.060 0.153 0.064 0.003 0.561 0.001 0.002 0.082 0.043 0.001 0.010 
 211   (0.019) 0.000 0.000 0.000 0.000 0.000 0.000 0.001 0.004 0.000 0.002 0.001 0.000 0.000 
 205   (0.034) 0.311 0.001 0.000 0.000 0.000 0.001 0.001 0.113 0.001 0.002 0.002 0.000 0.000 
 189   (0.042) 0.484 0.000 0.000 0.001 0.000 0.001 0.002 0.000 0.003 0.011 0.061 0.000 0.001 
 227   (0.038) 0.001 0.000 0.001 0.000 0.002 0.003 0.013 0.000 0.039 0.022 0.003 0.000 0.001 
 223   (0.018) 0.000 0.000 0.000 0.000 0.000 0.000 0.001 0.000 0.000 0.004 0.007 0.000 0.000 

Locus 6 : 
2 alleles
1.1% missing data
 205   (0.072) 0.001 0.001 0.550 0.001 0.001 0.001 0.041 0.001 0.166 0.084 0.023 0.000 0.003 
 203   (0.928) 0.999 0.999 0.450 0.999 0.999 0.999 0.959 0.999 0.834 0.916 0.977 1.000 0.997 

Locus 7 : 
9 alleles
0.3% missing data
 187   (0.228) 0.003 0.002 0.664 0.388 0.631 0.426 0.762 0.002 0.194 0.241 0.205 0.001 0.298 
 199   (0.133) 0.121 0.001 0.006 0.035 0.276 0.003 0.039 0.001 0.162 0.226 0.289 0.001 0.002 
 189   (0.122) 0.003 0.167 0.324 0.001 0.088 0.003 0.116 0.175 0.003 0.167 0.008 0.004 0.049 
 195   (0.261) 0.641 0.655 0.003 0.003 0.003 0.561 0.060 0.276 0.634 0.230 0.206 0.992 0.648 
 191   (0.070) 0.110 0.124 0.001 0.001 0.001 0.002 0.011 0.294 0.003 0.038 0.008 0.001 0.001 
 183   (0.032) 0.001 0.000 0.000 0.001 0.000 0.001 0.001 0.060 0.001 0.003 0.026 0.000 0.000 
 193   (0.082) 0.095 0.050 0.001 0.001 0.001 0.001 0.008 0.192 0.002 0.019 0.119 0.001 0.001 
 201   (0.048) 0.001 0.000 0.000 0.571 0.001 0.001 0.002 0.000 0.001 0.074 0.134 0.000 0.001 
 197   (0.024) 0.025 0.000 0.000 0.000 0.000 0.002 0.001 0.000 0.000 0.003 0.004 0.000 0.000 

Locus 8 : 
8 alleles
0.4% missing data
 213   (0.190) 0.085 0.451 0.654 0.034 0.421 0.003 0.065 0.236 0.128 0.081 0.115 0.393 0.002 
 207   (0.173) 0.003 0.007 0.328 0.107 0.075 0.518 0.471 0.003 0.073 0.260 0.158 0.001 0.160 
 215   (0.092) 0.268 0.100 0.007 0.067 0.001 0.002 0.003 0.001 0.127 0.017 0.098 0.164 0.001 
 209   (0.224) 0.039 0.170 0.008 0.657 0.003 0.005 0.295 0.115 0.665 0.304 0.438 0.009 0.095 
 211   (0.186) 0.458 0.268 0.002 0.134 0.003 0.470 0.043 0.397 0.005 0.138 0.157 0.432 0.640 
 205   (0.085) 0.147 0.003 0.001 0.001 0.497 0.002 0.084 0.248 0.002 0.118 0.008 0.000 0.101 
 217   (0.032) 0.000 0.000 0.000 0.000 0.000 0.000 0.037 0.000 0.001 0.078 0.020 0.000 0.000 
 199   (0.018) 0.000 0.000 0.000 0.000 0.000 0.000 0.001 0.000 0.000 0.004 0.007 0.000 0.000 

Locus 9 : 
7 alleles
0.3% missing data
 184   (0.213) 0.004 0.003 0.568 0.077 0.899 0.005 0.488 0.002 0.711 0.432 0.424 0.001 0.003 
 186   (0.256) 0.639 0.391 0.365 0.125 0.012 0.007 0.148 0.845 0.006 0.214 0.052 0.265 0.079 
 188   (0.334) 0.222 0.023 0.065 0.796 0.086 0.985 0.356 0.141 0.277 0.312 0.260 0.005 0.338 
 176   (0.079) 0.134 0.228 0.001 0.001 0.001 0.002 0.004 0.010 0.003 0.027 0.069 0.016 0.001 
 190   (0.070) 0.001 0.333 0.001 0.001 0.001 0.002 0.002 0.002 0.001 0.008 0.049 0.713 0.580 
 182   (0.027) 0.000 0.000 0.000 0.000 0.000 0.000 0.001 0.000 0.000 0.006 0.145 0.000 0.000 
 192   (0.021) 0.000 0.023 0.000 0.000 0.000 0.000 0.001 0.000 0.000 0.001 0.001 0.000 0.000 

Locus 10 : 
3 alleles
0.0% missing data
 220   (0.221) 0.003 0.002 0.464 0.817 0.359 0.004 0.578 0.002 0.030 0.422 0.281 0.001 0.089 
 217   (0.758) 0.997 0.998 0.535 0.183 0.641 0.996 0.422 0.998 0.969 0.577 0.718 0.999 0.827 
 223   (0.021) 0.000 0.000 0.000 0.000 0.000 0.000 0.001 0.000 0.000 0.001 0.001 0.000 0.084 

Locus 11 : 
6 alleles
0.0% missing data
 205   (0.314) 0.039 0.003 0.709 0.697 0.984 0.108 0.533 0.002 0.007 0.468 0.418 0.002 0.890 
 202   (0.158) 0.007 0.235 0.254 0.090 0.003 0.009 0.025 0.048 0.023 0.076 0.058 0.896 0.002 
 211   (0.407) 0.952 0.761 0.035 0.098 0.012 0.881 0.430 0.948 0.492 0.365 0.136 0.102 0.107 
 208   (0.071) 0.001 0.001 0.002 0.001 0.001 0.001 0.011 0.001 0.477 0.082 0.334 0.000 0.001 
 217   (0.028) 0.000 0.000 0.000 0.114 0.000 0.000 0.001 0.000 0.000 0.006 0.008 0.000 0.000 
 214   (0.022) 0.000 0.000 0.000 0.000 0.000 0.000 0.001 0.000 0.000 0.002 0.046 0.000 0.000 

Values of parameters used in structure:
DATAFILE=C:\Users\eschumacher\Documents\GitHub\GCC_QUAC_ZAIN\Data_Files\Structure_Files\ZAIN\ZAIN_rebinned_wild\project_data,	OUTFILE=C:\Users\eschumacher\Documents\GitHub\GCC_QUAC_ZAIN\Data_Files\Structure_Files\ZAIN\ZAIN_rebinned_wild\50-50\Results\50-50_run_64,	NUMINDS=751,	NUMLOCI=11,	MISSING=-9,	LABEL=1,	POPDATA=1,	POPFLAG=0,	PHENOTYPE=0,	EXTRACOLS=0,	MAXPOPS=13,	BURNIN=50000,	NUMREPS=50000,	USEPOPINFO=0,	INFERALPHA=1,	INFERLAMBDA=0,	POPSPECIFICLAMBDA=0,	POPALPHAS=0,	COMPUTEPROB=1,	NOADMIX=0,	ADMBURNIN=2500,	UPDATEFREQ=1,	PRINTLIKES=0,	INTERMEDSAVE=0,	PRINTKLD=0,	PRINTNET=0,	PRINTLAMBDA=0,	ANCESTDIST=0,	NUMBOXES=1000,	ANCESTPINT=0.90000,	GENSBACK=2,	MIGRPRIOR=0.05000,	PRINTQHAT=0,	PRINTQSUM=0,	ALPHA=1.0000,	FREQSCORR=1,	FPRIORMEAN=0.0100,	FPRIORSD=0.0500,	ONEFST=0,	LAMBDA=1.0000,	UNIFPRIORALPHA=1,	ALPHAMAX=10.0000,	ALPHAPRIORA=1.0000,	ALPHAPRIORB=2.0000,	ALPHAPROPSD=0.0250,	STARTATPOPINFO=0,	RANDOMIZE=1,	LINKAGE=0,	METROFREQ=10,	REPORTHITRATE=0,	MARKOVPHASE=-1,	PHASED=0,	PLOIDY=2,	PHASEINFO=0	LOCPRIOR=0, 	LOCPRIORINIT=1.000000, 	LOCDATA=0, 	LOCISPOP=0, 	LOCPRIORSTEP=0.100000, 	MAXLOCPRIOR=20.000000, 	SEED=1660250556,	
[STRAT parameters]:    NUMSIMSTATS=1000,	PHENOTYPECOL=-9,	POOLFREQ=10,	LOCUSxONLY=0,	EMERROR=0.00100,	MISSINGPHENO=-9,	