

----------------------------------------------------
STRUCTURE by Pritchard, Stephens and Donnelly (2000)
     and Falush, Stephens and Pritchard (2003)
       Code by Pritchard, Falush and Hubisz
             Version 2.3.4 (Jul 2012)
----------------------------------------------------



Command line arguments:   bin\structure -m C:\Users\eschumacher\Documents\GitHub\GCC_QUAC_ZAIN\Data_Files\Structure_Files\ZAIN\ZAIN_rebinned_wild\50-50\mainparams -e C:\Users\eschumacher\Documents\GitHub\GCC_QUAC_ZAIN\Data_Files\Structure_Files\ZAIN\ZAIN_rebinned_wild\50-50\extraparams 
Input File:    C:\Users\eschumacher\Documents\GitHub\GCC_QUAC_ZAIN\Data_Files\Structure_Files\ZAIN\ZAIN_rebinned_wild\project_data

Run parameters:
   751 individuals
   11 loci
   13 populations assumed
   50000 Burn-in period
   50000 Reps


--------------------------------------------
Proportion of membership of each pre-defined
 population in each of the 13 clusters

Given    Inferred Clusters                                                                             Number of
 Pop       1      2      3      4      5      6      7      8      9     10     11     12     13      Individuals

  1:     0.006  0.008  0.012  0.006  0.010  0.024  0.010  0.877  0.004  0.005  0.014  0.019  0.004       35
  2:     0.239  0.020  0.006  0.648  0.008  0.005  0.005  0.006  0.013  0.017  0.005  0.009  0.021       36
  3:     0.128  0.009  0.006  0.765  0.014  0.006  0.006  0.004  0.019  0.008  0.004  0.006  0.025       33
  4:     0.009  0.036  0.006  0.012  0.007  0.007  0.009  0.006  0.009  0.866  0.016  0.008  0.009       40
  5:     0.035  0.006  0.005  0.007  0.006  0.004  0.003  0.004  0.910  0.007  0.003  0.004  0.009       39
  6:     0.019  0.013  0.094  0.032  0.055  0.018  0.017  0.040  0.014  0.018  0.023  0.644  0.013       40
  7:     0.011  0.051  0.599  0.011  0.049  0.045  0.054  0.023  0.011  0.021  0.028  0.077  0.022       37
  8:     0.176  0.005  0.003  0.751  0.006  0.003  0.005  0.006  0.013  0.006  0.003  0.005  0.018       40
  9:     0.006  0.040  0.007  0.005  0.006  0.004  0.073  0.804  0.012  0.005  0.025  0.010  0.003       28
 10:     0.007  0.922  0.004  0.006  0.005  0.006  0.005  0.005  0.005  0.020  0.006  0.004  0.006       14
 11:     0.013  0.021  0.020  0.010  0.014  0.839  0.014  0.009  0.031  0.006  0.010  0.008  0.005       13
 12:     0.891  0.006  0.004  0.015  0.006  0.002  0.008  0.004  0.028  0.022  0.003  0.004  0.008       14
 13:     0.058  0.014  0.008  0.820  0.006  0.012  0.006  0.004  0.011  0.009  0.004  0.005  0.042       25
 14:     0.009  0.005  0.005  0.016  0.006  0.005  0.006  0.005  0.005  0.008  0.004  0.005  0.920       40
 15:     0.056  0.026  0.009  0.019  0.018  0.008  0.009  0.023  0.017  0.778  0.007  0.022  0.008       32
 16:     0.003  0.003  0.004  0.003  0.003  0.965  0.003  0.003  0.003  0.003  0.003  0.003  0.003       20
 17:     0.009  0.013  0.041  0.010  0.156  0.003  0.019  0.480  0.005  0.008  0.038  0.214  0.005        4
 18:     0.009  0.009  0.007  0.026  0.010  0.004  0.251  0.133  0.005  0.009  0.058  0.470  0.007       23
 19:     0.005  0.006  0.008  0.005  0.007  0.004  0.916  0.014  0.004  0.006  0.012  0.009  0.004       39
 20:     0.004  0.010  0.007  0.004  0.005  0.007  0.010  0.012  0.004  0.004  0.925  0.005  0.003       38
 21:     0.739  0.007  0.006  0.039  0.012  0.005  0.004  0.004  0.117  0.009  0.004  0.005  0.049       45
 22:     0.492  0.022  0.010  0.280  0.007  0.016  0.005  0.005  0.114  0.012  0.004  0.006  0.026       28
 23:     0.006  0.005  0.023  0.007  0.007  0.012  0.530  0.340  0.007  0.008  0.006  0.044  0.006        6
 24:     0.012  0.010  0.018  0.006  0.862  0.004  0.019  0.014  0.011  0.005  0.009  0.016  0.014       40
 25:     0.022  0.020  0.783  0.008  0.020  0.038  0.010  0.015  0.010  0.009  0.021  0.035  0.010       42
--------------------------------------------

Allele-freq. divergence among pops (Net nucleotide distance),
computed using point estimates of P.

      1       2       3       4       5       6       7       8       9      10      11      12      13      
 1      -    0.1907  0.1642  0.0484  0.1333  0.3673  0.2788  0.2526  0.1407  0.1724  0.3006  0.1368  0.1252  
 2   0.1907     -    0.1583  0.2077  0.1874  0.3205  0.2841  0.2630  0.2443  0.1960  0.2396  0.1825  0.2813  
 3   0.1642  0.1583     -    0.2029  0.1161  0.1816  0.1235  0.1350  0.1991  0.1547  0.1413  0.0705  0.2797  
 4   0.0484  0.2077  0.2029     -    0.1778  0.3796  0.2787  0.2508  0.2451  0.2090  0.2991  0.1288  0.1134  
 5   0.1333  0.1874  0.1161  0.1778     -    0.3758  0.2073  0.2269  0.2494  0.1866  0.2383  0.1197  0.1894  
 6   0.3673  0.3205  0.1816  0.3796  0.3758     -    0.3671  0.3098  0.4508  0.3510  0.2225  0.2652  0.4601  
 7   0.2788  0.2841  0.1235  0.2787  0.2073  0.3671     -    0.1043  0.3072  0.1880  0.1765  0.1186  0.3921  
 8   0.2526  0.2630  0.1350  0.2508  0.2269  0.3098  0.1043     -    0.2953  0.2197  0.1523  0.0987  0.3736  
 9   0.1407  0.2443  0.1991  0.2451  0.2494  0.4508  0.3072  0.2953     -    0.1993  0.3731  0.2523  0.2937  
10   0.1724  0.1960  0.1547  0.2090  0.1866  0.3510  0.1880  0.2197  0.1993     -    0.2671  0.1231  0.2049  
11   0.3006  0.2396  0.1413  0.2991  0.2383  0.2225  0.1765  0.1523  0.3731  0.2671     -    0.1347  0.3573  
12   0.1368  0.1825  0.0705  0.1288  0.1197  0.2652  0.1186  0.0987  0.2523  0.1231  0.1347     -    0.1975  
13   0.1252  0.2813  0.2797  0.1134  0.1894  0.4601  0.3921  0.3736  0.2937  0.2049  0.3573  0.1975     -    

Average distances (expected heterozygosity) between individuals in same cluster:
cluster  1  : 0.4281 
cluster  2  : 0.2422 
cluster  3  : 0.5331 
cluster  4  : 0.4035 
cluster  5  : 0.3852 
cluster  6  : 0.2521 
cluster  7  : 0.3063 
cluster  8  : 0.4672 
cluster  9  : 0.2279 
cluster 10  : 0.3962 
cluster 11  : 0.3772 
cluster 12  : 0.6103 
cluster 13  : 0.3603 

--------------------------------------------
Estimated Ln Prob of Data   = -13076.8
Mean value of ln likelihood = -12636.3
Variance of ln likelihood   = 881.0
Mean value of alpha         = 0.0317

Mean value of Fst_1         = 0.4374
Mean value of Fst_2         = 0.6399
Mean value of Fst_3         = 0.1453
Mean value of Fst_4         = 0.3990
Mean value of Fst_5         = 0.4320
Mean value of Fst_6         = 0.6319
Mean value of Fst_7         = 0.5049
Mean value of Fst_8         = 0.4526
Mean value of Fst_9         = 0.6727
Mean value of Fst_10         = 0.4147
Mean value of Fst_11         = 0.5419
Mean value of Fst_12         = 0.1298
Mean value of Fst_13         = 0.4620


Inferred ancestry of individuals:
        Label (%Miss) Pop:  Inferred clusters
  1    ZFB01    (0)    1 :  0.003 0.002 0.003 0.003 0.003 0.005 0.010 0.951 0.003 0.004 0.006 0.004 0.003 
  2    ZFB02    (0)    1 :  0.003 0.007 0.006 0.003 0.005 0.013 0.012 0.835 0.002 0.009 0.076 0.025 0.003 
  3    ZFB03    (0)    1 :  0.014 0.004 0.017 0.009 0.011 0.003 0.024 0.865 0.018 0.007 0.007 0.019 0.002 
  4    ZFB04    (0)    1 :  0.003 0.008 0.005 0.004 0.003 0.014 0.007 0.892 0.002 0.006 0.042 0.012 0.003 
  5    ZFB05    (0)    1 :  0.004 0.037 0.038 0.003 0.027 0.090 0.011 0.707 0.010 0.007 0.050 0.007 0.009 
  6    ZFB06    (0)    1 :  0.004 0.018 0.037 0.003 0.024 0.074 0.009 0.773 0.008 0.007 0.025 0.007 0.010 
  7    ZFB07    (9)    1 :  0.005 0.005 0.045 0.006 0.013 0.011 0.078 0.804 0.005 0.004 0.006 0.013 0.007 
  8    ZFB08    (0)    1 :  0.008 0.010 0.006 0.009 0.024 0.003 0.021 0.875 0.005 0.007 0.012 0.012 0.008 
  9    ZFB09    (0)    1 :  0.002 0.003 0.003 0.003 0.004 0.003 0.007 0.956 0.003 0.004 0.005 0.005 0.002 
 10    ZFB10    (0)    1 :  0.009 0.007 0.004 0.017 0.004 0.004 0.004 0.917 0.002 0.005 0.008 0.014 0.006 
 11    ZFB11    (0)    1 :  0.003 0.004 0.003 0.004 0.003 0.010 0.004 0.948 0.002 0.004 0.005 0.006 0.002 
 12    ZFB12    (0)    1 :  0.006 0.003 0.011 0.006 0.019 0.021 0.005 0.883 0.005 0.004 0.024 0.010 0.003 
 13    ZFB13    (0)    1 :  0.009 0.013 0.006 0.012 0.012 0.003 0.007 0.881 0.004 0.004 0.018 0.025 0.008 
 14    ZFB14    (0)    1 :  0.003 0.004 0.004 0.004 0.004 0.003 0.006 0.950 0.003 0.004 0.005 0.008 0.003 
 15    ZFB15    (0)    1 :  0.002 0.003 0.004 0.003 0.004 0.005 0.006 0.954 0.002 0.003 0.010 0.004 0.002 
 16    ZFB16    (0)    1 :  0.006 0.013 0.005 0.007 0.009 0.004 0.005 0.915 0.003 0.003 0.016 0.012 0.004 
 17    ZFB17    (0)    1 :  0.008 0.029 0.008 0.008 0.027 0.021 0.006 0.842 0.002 0.013 0.010 0.018 0.009 
 18    ZFB18    (0)    1 :  0.002 0.002 0.003 0.003 0.003 0.003 0.004 0.960 0.002 0.004 0.003 0.007 0.002 
 19    ZFB19    (0)    1 :  0.025 0.006 0.036 0.029 0.034 0.006 0.030 0.459 0.007 0.004 0.010 0.344 0.010 
 20    ZFB20    (0)    1 :  0.006 0.021 0.006 0.007 0.009 0.014 0.004 0.882 0.003 0.004 0.029 0.012 0.005 
 21    ZFB21    (0)    1 :  0.002 0.003 0.006 0.002 0.003 0.005 0.007 0.952 0.003 0.003 0.007 0.003 0.002 
 22    ZFB22    (0)    1 :  0.009 0.005 0.007 0.007 0.010 0.024 0.005 0.879 0.002 0.008 0.023 0.012 0.009 
 23    ZFB23    (0)    1 :  0.003 0.006 0.004 0.004 0.003 0.013 0.003 0.947 0.003 0.003 0.005 0.005 0.002 
 24    ZFB24    (0)    1 :  0.003 0.005 0.003 0.004 0.003 0.015 0.004 0.940 0.002 0.003 0.009 0.004 0.002 
 25    ZFB25    (0)    1 :  0.005 0.003 0.003 0.008 0.002 0.005 0.004 0.954 0.003 0.004 0.003 0.004 0.003 
 26    ZFB26    (0)    1 :  0.005 0.009 0.005 0.008 0.003 0.025 0.004 0.922 0.003 0.004 0.007 0.003 0.003 
 27    ZFB27    (0)    1 :  0.003 0.003 0.004 0.004 0.002 0.052 0.004 0.910 0.002 0.003 0.006 0.004 0.003 
 28    ZFB28    (0)    1 :  0.005 0.009 0.021 0.005 0.011 0.122 0.004 0.782 0.004 0.007 0.012 0.016 0.002 
 29    ZFB29    (0)    1 :  0.002 0.008 0.004 0.003 0.003 0.008 0.004 0.945 0.002 0.004 0.009 0.006 0.002 
 30    ZFB30    (0)    1 :  0.005 0.004 0.074 0.003 0.016 0.194 0.021 0.645 0.007 0.003 0.008 0.007 0.013 
 31    ZFB31    (0)    1 :  0.005 0.003 0.003 0.008 0.003 0.006 0.005 0.940 0.003 0.004 0.004 0.011 0.003 
 32    ZFB32    (0)    1 :  0.009 0.020 0.023 0.011 0.031 0.058 0.007 0.781 0.006 0.018 0.016 0.016 0.004 
 33    ZFB33    (0)    1 :  0.002 0.003 0.004 0.003 0.003 0.005 0.005 0.957 0.002 0.003 0.009 0.004 0.002 
 34    ZFB34    (0)    1 :  0.003 0.004 0.004 0.003 0.004 0.002 0.015 0.941 0.003 0.007 0.005 0.006 0.003 
 35    ZFB35    (0)    1 :  0.004 0.006 0.004 0.005 0.004 0.004 0.013 0.936 0.004 0.005 0.009 0.004 0.003 
 36  ZFBP101    (0)    2 :  0.561 0.079 0.007 0.206 0.011 0.003 0.005 0.010 0.014 0.043 0.010 0.014 0.037 
 37  ZFBP102    (0)    2 :  0.581 0.033 0.011 0.293 0.008 0.003 0.005 0.014 0.004 0.009 0.014 0.015 0.012 
 38  ZFBP103    (0)    2 :  0.765 0.041 0.006 0.054 0.006 0.003 0.003 0.007 0.015 0.069 0.009 0.013 0.009 
 39  ZFBP104    (0)    2 :  0.621 0.005 0.012 0.249 0.029 0.003 0.020 0.017 0.008 0.003 0.010 0.017 0.007 
 40  ZFBP105    (0)    2 :  0.279 0.006 0.005 0.653 0.008 0.005 0.005 0.006 0.010 0.005 0.004 0.007 0.006 
 41  ZFBP106    (0)    2 :  0.218 0.011 0.003 0.715 0.005 0.003 0.004 0.003 0.016 0.006 0.003 0.004 0.010 
 42  ZFBP107    (0)    2 :  0.482 0.034 0.013 0.389 0.008 0.028 0.004 0.007 0.013 0.006 0.006 0.006 0.005 
 43  ZFBP108    (0)    2 :  0.009 0.004 0.003 0.954 0.003 0.003 0.004 0.002 0.006 0.003 0.003 0.003 0.004 
 44  ZFBP109    (0)    2 :  0.027 0.003 0.004 0.924 0.004 0.002 0.005 0.003 0.004 0.004 0.002 0.007 0.009 
 45  ZFBP110    (0)    2 :  0.440 0.031 0.020 0.270 0.010 0.003 0.008 0.037 0.075 0.021 0.008 0.072 0.006 
 46  ZFBP111    (0)    2 :  0.553 0.005 0.004 0.296 0.013 0.003 0.003 0.003 0.010 0.004 0.002 0.003 0.102 
 47  ZFBP112    (0)    2 :  0.026 0.017 0.004 0.842 0.008 0.006 0.004 0.003 0.011 0.013 0.004 0.006 0.056 
 48  ZFBP113    (0)    2 :  0.016 0.004 0.004 0.942 0.006 0.004 0.004 0.003 0.003 0.003 0.003 0.004 0.004 
 49  ZFBP114    (0)    2 :  0.247 0.023 0.011 0.670 0.003 0.013 0.004 0.003 0.005 0.006 0.003 0.003 0.009 
 50  ZFBP115    (0)    2 :  0.854 0.008 0.004 0.080 0.007 0.003 0.003 0.002 0.013 0.008 0.003 0.003 0.011 
 51  ZFBP116    (0)    2 :  0.046 0.005 0.005 0.902 0.009 0.004 0.003 0.002 0.006 0.004 0.003 0.004 0.005 
 52  ZFBP117    (0)    2 :  0.019 0.005 0.004 0.935 0.004 0.002 0.003 0.003 0.006 0.007 0.002 0.005 0.006 
 53  ZFBP118    (0)    2 :  0.089 0.017 0.013 0.826 0.003 0.013 0.003 0.003 0.005 0.004 0.004 0.004 0.016 
 54  ZFBP119    (0)    2 :  0.417 0.016 0.005 0.467 0.016 0.002 0.004 0.003 0.019 0.026 0.003 0.006 0.016 
 55  ZFBP120    (0)    2 :  0.273 0.005 0.006 0.662 0.007 0.004 0.006 0.006 0.011 0.004 0.005 0.005 0.005 
 56  ZFBP121    (0)    2 :  0.037 0.009 0.004 0.903 0.005 0.003 0.005 0.005 0.008 0.008 0.003 0.006 0.005 
 57  ZFBP122    (9)    2 :  0.109 0.006 0.004 0.838 0.007 0.003 0.003 0.003 0.006 0.004 0.003 0.004 0.011 
 58  ZFBP123    (0)    2 :  0.015 0.040 0.004 0.883 0.010 0.007 0.004 0.002 0.005 0.008 0.004 0.005 0.013 
 59  ZFBP124    (0)    2 :  0.019 0.008 0.004 0.930 0.004 0.004 0.008 0.005 0.004 0.004 0.004 0.004 0.004 
 60  ZFBP125    (0)    2 :  0.036 0.006 0.003 0.910 0.004 0.003 0.002 0.002 0.008 0.006 0.002 0.004 0.015 
 61  ZFBP126    (0)    2 :  0.186 0.018 0.011 0.679 0.018 0.003 0.004 0.010 0.003 0.017 0.014 0.030 0.006 
 62  ZFBP127    (0)    2 :  0.215 0.006 0.005 0.646 0.003 0.003 0.005 0.003 0.086 0.017 0.003 0.003 0.005 
 63  ZFBP128    (0)    2 :  0.031 0.008 0.002 0.876 0.004 0.002 0.004 0.004 0.017 0.016 0.002 0.004 0.029 
 64  ZFBP129    (0)    2 :  0.008 0.007 0.005 0.816 0.005 0.002 0.006 0.004 0.006 0.009 0.003 0.006 0.124 
 65  ZFBP130    (0)    2 :  0.039 0.010 0.003 0.815 0.008 0.003 0.002 0.002 0.012 0.027 0.002 0.004 0.071 
 66  ZFBP131    (0)    2 :  0.007 0.003 0.003 0.954 0.004 0.004 0.003 0.003 0.003 0.003 0.003 0.004 0.004 
 67  ZFBP132    (0)    2 :  0.013 0.004 0.003 0.940 0.003 0.003 0.003 0.004 0.013 0.003 0.002 0.004 0.004 
 68  ZFBP133    (0)    2 :  0.008 0.003 0.002 0.886 0.005 0.002 0.003 0.002 0.003 0.008 0.002 0.004 0.070 
 69  ZFBP134    (0)    2 :  0.884 0.003 0.003 0.052 0.010 0.003 0.004 0.004 0.005 0.014 0.003 0.005 0.011 
 70  ZFBP135    (0)    2 :  0.212 0.051 0.005 0.437 0.006 0.002 0.006 0.013 0.019 0.180 0.008 0.043 0.016 
 71  ZFBP136    (0)    2 :  0.272 0.170 0.004 0.424 0.008 0.009 0.004 0.003 0.013 0.046 0.005 0.006 0.035 
 72  ZFBP201    (0)    3 :  0.014 0.005 0.006 0.922 0.007 0.008 0.004 0.005 0.011 0.005 0.005 0.006 0.004 
 73  ZFBP202    (0)    3 :  0.037 0.005 0.004 0.908 0.006 0.003 0.007 0.005 0.008 0.004 0.003 0.005 0.008 
 74  ZFBP203    (0)    3 :  0.017 0.008 0.021 0.808 0.028 0.055 0.005 0.005 0.004 0.004 0.017 0.012 0.015 
 75  ZFBP204    (0)    3 :  0.256 0.034 0.005 0.617 0.010 0.005 0.005 0.004 0.017 0.013 0.004 0.007 0.022 
 76  ZFBP205    (0)    3 :  0.007 0.010 0.003 0.939 0.005 0.005 0.003 0.002 0.002 0.006 0.003 0.005 0.009 
 77  ZFBP206    (0)    3 :  0.008 0.023 0.004 0.887 0.011 0.006 0.006 0.003 0.004 0.008 0.005 0.005 0.031 
 78  ZFBP207    (0)    3 :  0.217 0.008 0.003 0.646 0.004 0.004 0.004 0.004 0.082 0.012 0.003 0.006 0.008 
 79  ZFBP208    (0)    3 :  0.010 0.014 0.006 0.909 0.015 0.013 0.004 0.003 0.003 0.005 0.006 0.005 0.006 
 80  ZFBP209    (0)    3 :  0.008 0.003 0.002 0.886 0.005 0.002 0.003 0.002 0.003 0.008 0.002 0.004 0.071 
 81  ZFBP210    (0)    3 :  0.016 0.006 0.006 0.907 0.011 0.010 0.004 0.005 0.010 0.005 0.005 0.005 0.009 
 82  ZFBP211    (0)    3 :  0.013 0.008 0.004 0.932 0.005 0.003 0.005 0.005 0.009 0.004 0.003 0.004 0.004 
 83  ZFBP212    (0)    3 :  0.193 0.004 0.003 0.731 0.003 0.003 0.004 0.007 0.038 0.002 0.003 0.003 0.005 
 84  ZFBP213    (0)    3 :  0.009 0.024 0.005 0.887 0.011 0.004 0.016 0.004 0.010 0.009 0.005 0.006 0.009 
 85  ZFBP214    (0)    3 :  0.029 0.019 0.008 0.679 0.042 0.004 0.016 0.007 0.038 0.041 0.003 0.015 0.098 
 86  ZFBP215    (0)    3 :  0.012 0.005 0.003 0.943 0.004 0.002 0.004 0.003 0.005 0.005 0.003 0.004 0.006 
 87  ZFBP216    (0)    3 :  0.203 0.006 0.009 0.709 0.031 0.007 0.005 0.004 0.005 0.004 0.005 0.007 0.005 
 88  ZFBP217    (0)    3 :  0.111 0.005 0.007 0.623 0.026 0.005 0.006 0.006 0.039 0.007 0.002 0.007 0.156 
 89  ZFBP218    (0)    3 :  0.021 0.002 0.003 0.938 0.005 0.003 0.004 0.002 0.003 0.003 0.003 0.003 0.010 
 90  ZFBP219    (0)    3 :  0.012 0.003 0.004 0.948 0.006 0.004 0.003 0.002 0.003 0.003 0.003 0.004 0.004 
 91  ZFBP220    (0)    3 :  0.288 0.007 0.003 0.617 0.007 0.003 0.003 0.002 0.013 0.018 0.003 0.004 0.030 
 92  ZFBP221    (0)    3 :  0.542 0.002 0.003 0.414 0.005 0.003 0.004 0.004 0.006 0.003 0.003 0.004 0.007 
 93  ZFBP222    (0)    3 :  0.006 0.005 0.004 0.939 0.007 0.005 0.004 0.003 0.003 0.006 0.004 0.007 0.007 
 94  ZFBP223    (0)    3 :  0.163 0.009 0.006 0.589 0.004 0.006 0.005 0.008 0.183 0.008 0.003 0.007 0.008 
 95  ZFBP224    (0)    3 :  0.014 0.012 0.005 0.924 0.007 0.004 0.008 0.003 0.005 0.004 0.003 0.005 0.005 
 96  ZFBP225    (0)    3 :  0.488 0.011 0.007 0.214 0.015 0.011 0.003 0.003 0.019 0.013 0.005 0.007 0.205 
 97  ZFBP226    (0)    3 :  0.039 0.004 0.004 0.916 0.006 0.004 0.004 0.003 0.005 0.003 0.004 0.004 0.005 
 98  ZFBP227    (0)    3 :  0.427 0.009 0.023 0.341 0.124 0.004 0.019 0.009 0.007 0.005 0.010 0.018 0.006 
 99  ZFBP228    (0)    3 :  0.563 0.005 0.004 0.324 0.004 0.002 0.005 0.004 0.059 0.014 0.003 0.005 0.008 
100  ZFBP229    (0)    3 :  0.067 0.003 0.003 0.876 0.006 0.003 0.002 0.002 0.004 0.006 0.003 0.005 0.018 
101  ZFBP230    (0)    3 :  0.377 0.009 0.004 0.518 0.009 0.003 0.003 0.003 0.010 0.026 0.003 0.006 0.028 
102  ZFBP231    (0)    3 :  0.012 0.014 0.004 0.927 0.005 0.003 0.005 0.004 0.007 0.005 0.004 0.005 0.005 
103  ZFBP232    (0)    3 :  0.009 0.005 0.002 0.950 0.003 0.003 0.003 0.003 0.004 0.004 0.003 0.003 0.007 
104  ZFBP233    (0)    3 :  0.034 0.008 0.005 0.890 0.011 0.004 0.007 0.005 0.006 0.005 0.004 0.004 0.018 
105   ZFCC01    (0)    4 :  0.003 0.007 0.004 0.004 0.005 0.004 0.020 0.005 0.005 0.928 0.007 0.004 0.003 
106   ZFCC03    (0)    4 :  0.003 0.005 0.003 0.003 0.003 0.002 0.008 0.003 0.009 0.949 0.003 0.004 0.005 
107   ZFCC04    (0)    4 :  0.004 0.012 0.004 0.004 0.005 0.003 0.006 0.004 0.005 0.939 0.004 0.004 0.005 
108   ZFCC05    (0)    4 :  0.007 0.045 0.007 0.006 0.010 0.005 0.011 0.005 0.014 0.873 0.005 0.005 0.006 
109   ZFCC08    (0)    4 :  0.008 0.009 0.003 0.011 0.008 0.002 0.009 0.002 0.004 0.918 0.003 0.005 0.017 
110   ZFCC09    (0)    4 :  0.003 0.006 0.004 0.003 0.003 0.003 0.011 0.004 0.008 0.946 0.004 0.003 0.003 
111   ZFCC10    (0)    4 :  0.003 0.008 0.003 0.005 0.003 0.003 0.043 0.004 0.004 0.912 0.004 0.005 0.004 
112   ZFCC11    (0)    4 :  0.004 0.008 0.004 0.005 0.004 0.004 0.012 0.003 0.011 0.933 0.004 0.004 0.005 
113   ZFCC12    (0)    4 :  0.008 0.034 0.010 0.006 0.008 0.004 0.015 0.007 0.008 0.744 0.130 0.022 0.006 
114   ZFCC13    (0)    4 :  0.011 0.008 0.005 0.008 0.012 0.009 0.004 0.003 0.008 0.916 0.005 0.004 0.007 
115   ZFCC14    (0)    4 :  0.004 0.023 0.005 0.009 0.004 0.006 0.008 0.008 0.004 0.910 0.004 0.009 0.006 
116   ZFCC15    (0)    4 :  0.004 0.005 0.005 0.004 0.009 0.004 0.005 0.003 0.004 0.943 0.005 0.004 0.004 
117   ZFCC16    (0)    4 :  0.003 0.015 0.004 0.003 0.005 0.003 0.006 0.004 0.004 0.938 0.006 0.005 0.004 
118   ZFCC17    (0)    4 :  0.004 0.047 0.005 0.003 0.004 0.008 0.007 0.006 0.006 0.892 0.011 0.004 0.003 
119   ZFCC18    (0)    4 :  0.004 0.008 0.004 0.005 0.005 0.004 0.010 0.004 0.009 0.935 0.004 0.004 0.006 
120   ZFCC19    (0)    4 :  0.003 0.010 0.006 0.002 0.008 0.008 0.003 0.005 0.003 0.937 0.007 0.006 0.003 
121   ZFCC20    (0)    4 :  0.005 0.011 0.004 0.003 0.008 0.002 0.004 0.004 0.008 0.936 0.005 0.004 0.005 
122   ZFCC21    (0)    4 :  0.015 0.012 0.005 0.037 0.039 0.007 0.006 0.005 0.003 0.792 0.005 0.041 0.034 
123   ZFCC22    (0)    4 :  0.080 0.012 0.004 0.175 0.009 0.006 0.015 0.003 0.007 0.638 0.004 0.005 0.043 
124   ZFCC26    (0)    4 :  0.003 0.008 0.003 0.004 0.004 0.003 0.006 0.004 0.004 0.949 0.005 0.004 0.003 
125   ZFCC27    (0)    4 :  0.003 0.005 0.003 0.003 0.003 0.003 0.004 0.003 0.006 0.957 0.003 0.003 0.003 
126   ZFCC29    (0)    4 :  0.005 0.017 0.004 0.004 0.010 0.003 0.007 0.008 0.005 0.920 0.006 0.006 0.005 
127   ZFCC30    (0)    4 :  0.004 0.007 0.003 0.003 0.004 0.003 0.004 0.003 0.011 0.948 0.003 0.003 0.005 
128   ZFCC32    (0)    4 :  0.005 0.009 0.006 0.004 0.013 0.006 0.008 0.003 0.006 0.922 0.009 0.004 0.005 
129   ZFCC33    (0)    4 :  0.005 0.319 0.009 0.004 0.005 0.004 0.008 0.010 0.007 0.610 0.005 0.009 0.005 
130   ZFCC34    (0)    4 :  0.047 0.053 0.007 0.070 0.007 0.009 0.020 0.025 0.069 0.640 0.026 0.008 0.020 
131   ZFCC35    (0)    4 :  0.003 0.007 0.003 0.003 0.003 0.004 0.004 0.002 0.003 0.957 0.002 0.003 0.004 
132   ZFCC36    (0)    4 :  0.008 0.011 0.006 0.007 0.017 0.017 0.004 0.004 0.004 0.899 0.008 0.005 0.010 
133   ZFCC37    (0)    4 :  0.010 0.030 0.012 0.010 0.012 0.005 0.028 0.007 0.007 0.746 0.093 0.035 0.006 
134   ZFCC40    (0)    4 :  0.003 0.015 0.004 0.006 0.003 0.012 0.008 0.004 0.003 0.927 0.004 0.005 0.003 
135   ZFCC42    (0)    4 :  0.010 0.527 0.030 0.005 0.005 0.064 0.007 0.040 0.047 0.059 0.178 0.022 0.007 
136   ZFCC44    (0)    4 :  0.003 0.014 0.004 0.003 0.002 0.008 0.003 0.003 0.009 0.942 0.003 0.003 0.003 
137   ZFCC45    (9)    4 :  0.005 0.051 0.021 0.005 0.008 0.017 0.019 0.008 0.009 0.831 0.012 0.011 0.004 
138   ZFCC46    (0)    4 :  0.017 0.013 0.003 0.009 0.006 0.004 0.003 0.003 0.009 0.892 0.003 0.005 0.032 
139   ZFCC47    (0)    4 :  0.005 0.008 0.005 0.004 0.006 0.003 0.021 0.005 0.005 0.867 0.057 0.008 0.006 
140   ZFCC48    (0)    4 :  0.012 0.015 0.003 0.028 0.012 0.004 0.005 0.004 0.003 0.856 0.003 0.018 0.037 
141   ZFCC50    (0)    4 :  0.003 0.009 0.004 0.003 0.004 0.004 0.004 0.005 0.003 0.950 0.005 0.003 0.003 
142   ZFCC51    (0)    4 :  0.003 0.005 0.003 0.003 0.003 0.002 0.005 0.003 0.009 0.954 0.003 0.003 0.003 
143   ZFCC52    (0)    4 :  0.010 0.034 0.004 0.015 0.008 0.007 0.004 0.004 0.005 0.885 0.007 0.005 0.013 
144   ZFCC53    (0)    4 :  0.003 0.005 0.003 0.003 0.003 0.003 0.005 0.004 0.005 0.957 0.004 0.003 0.003 
145  ZFCNS01    (0)    5 :  0.023 0.003 0.031 0.004 0.052 0.027 0.003 0.002 0.828 0.006 0.010 0.008 0.003 
146  ZFCNS02    (0)    5 :  0.004 0.003 0.002 0.003 0.003 0.002 0.003 0.002 0.963 0.005 0.002 0.002 0.004 
147  ZFCNS05    (0)    5 :  0.007 0.006 0.003 0.007 0.005 0.002 0.005 0.005 0.942 0.006 0.003 0.003 0.005 
148  ZFCNS06    (0)    5 :  0.004 0.004 0.003 0.004 0.003 0.002 0.003 0.003 0.961 0.005 0.002 0.002 0.004 
149  ZFCNS07    (0)    5 :  0.005 0.003 0.003 0.005 0.003 0.002 0.003 0.003 0.954 0.003 0.002 0.003 0.009 
150  ZFCNS10    (0)    5 :  0.018 0.003 0.003 0.008 0.003 0.005 0.002 0.003 0.941 0.004 0.002 0.003 0.005 
151  ZFCNS11    (0)    5 :  0.015 0.003 0.015 0.005 0.022 0.011 0.003 0.002 0.901 0.007 0.007 0.005 0.004 
152  ZFCNS15    (0)    5 :  0.038 0.005 0.003 0.013 0.004 0.002 0.003 0.004 0.910 0.003 0.002 0.004 0.007 
153  ZFCNS17    (0)    5 :  0.005 0.004 0.003 0.004 0.003 0.002 0.003 0.003 0.961 0.005 0.002 0.002 0.004 
154  ZFCNS18    (0)    5 :  0.015 0.003 0.003 0.007 0.003 0.004 0.003 0.003 0.945 0.005 0.002 0.002 0.004 
155  ZFCNS19    (0)    5 :  0.004 0.003 0.003 0.002 0.003 0.002 0.003 0.003 0.966 0.004 0.002 0.002 0.003 
156  ZFCNS20    (0)    5 :  0.011 0.007 0.003 0.012 0.004 0.002 0.003 0.003 0.929 0.005 0.003 0.004 0.014 
157  ZFCNS21    (0)    5 :  0.005 0.004 0.003 0.003 0.003 0.002 0.003 0.002 0.966 0.004 0.002 0.002 0.002 
158  ZFCNS22    (0)    5 :  0.012 0.006 0.004 0.010 0.005 0.002 0.004 0.005 0.934 0.005 0.003 0.004 0.006 
159  ZFCNS23    (0)    5 :  0.005 0.024 0.008 0.005 0.011 0.011 0.005 0.004 0.890 0.013 0.008 0.006 0.010 
160  ZFCNS24    (0)    5 :  0.009 0.009 0.003 0.005 0.004 0.002 0.003 0.002 0.945 0.007 0.003 0.003 0.006 
161  ZFCNS25    (0)    5 :  0.012 0.008 0.003 0.010 0.004 0.002 0.003 0.002 0.934 0.006 0.003 0.004 0.008 
162  ZFCNS26    (0)    5 :  0.006 0.003 0.003 0.004 0.003 0.002 0.003 0.003 0.962 0.003 0.002 0.003 0.004 
163  ZFCNS27    (0)    5 :  0.059 0.006 0.004 0.020 0.004 0.002 0.003 0.003 0.880 0.003 0.003 0.004 0.010 
164  ZFCNS28    (0)    5 :  0.005 0.003 0.003 0.003 0.003 0.002 0.004 0.004 0.961 0.004 0.002 0.002 0.004 
165  ZFCNS29    (0)    5 :  0.007 0.007 0.003 0.007 0.005 0.002 0.004 0.004 0.943 0.007 0.003 0.003 0.004 
166  ZFCNS30    (0)    5 :  0.008 0.005 0.003 0.005 0.005 0.002 0.005 0.004 0.949 0.006 0.003 0.003 0.003 
167  ZFCNS31    (0)    5 :  0.005 0.003 0.003 0.004 0.003 0.002 0.003 0.003 0.963 0.003 0.002 0.002 0.004 
168  ZFCNS32    (0)    5 :  0.009 0.006 0.003 0.005 0.005 0.002 0.003 0.003 0.946 0.004 0.003 0.003 0.007 
169  ZFCNS33    (0)    5 :  0.005 0.003 0.003 0.003 0.003 0.002 0.003 0.003 0.965 0.003 0.002 0.002 0.004 
170  ZFCNS34    (0)    5 :  0.008 0.007 0.003 0.004 0.004 0.002 0.005 0.003 0.943 0.011 0.003 0.003 0.004 
171  ZFCNS35    (0)    5 :  0.026 0.003 0.003 0.013 0.004 0.002 0.010 0.021 0.890 0.009 0.002 0.012 0.004 
172  ZFCNS36    (0)    5 :  0.007 0.009 0.003 0.006 0.004 0.002 0.003 0.003 0.940 0.009 0.003 0.003 0.007 
173  ZFCNS37    (0)    5 :  0.104 0.005 0.011 0.005 0.004 0.002 0.004 0.003 0.841 0.005 0.002 0.004 0.008 
174  ZFCNS39    (0)    5 :  0.024 0.007 0.006 0.007 0.014 0.004 0.003 0.002 0.888 0.016 0.002 0.005 0.023 
175  ZFCNS40    (0)    5 :  0.118 0.013 0.005 0.007 0.009 0.002 0.003 0.002 0.682 0.030 0.002 0.004 0.122 
176  ZFCNS41    (0)    5 :  0.652 0.011 0.009 0.016 0.013 0.004 0.006 0.005 0.247 0.018 0.004 0.009 0.006 
177  ZFCNS42    (0)    5 :  0.007 0.003 0.003 0.004 0.003 0.002 0.003 0.003 0.962 0.003 0.002 0.002 0.003 
178  ZFCNS43    (0)    5 :  0.005 0.003 0.003 0.003 0.003 0.002 0.003 0.002 0.965 0.005 0.002 0.002 0.003 
179  ZFCNS44    (0)    5 :  0.016 0.003 0.003 0.007 0.002 0.004 0.002 0.003 0.946 0.005 0.002 0.002 0.003 
180  ZFCNS46    (0)    5 :  0.011 0.005 0.004 0.006 0.005 0.002 0.004 0.003 0.946 0.005 0.003 0.003 0.004 
181  ZFCNS47    (0)    5 :  0.004 0.003 0.003 0.003 0.003 0.002 0.003 0.002 0.965 0.004 0.002 0.002 0.003 
182  ZFCNS48    (0)    5 :  0.028 0.005 0.004 0.012 0.005 0.004 0.004 0.004 0.918 0.006 0.002 0.003 0.005 
183  ZFCNS49    (0)    5 :  0.054 0.003 0.003 0.012 0.003 0.004 0.003 0.004 0.903 0.003 0.002 0.003 0.004 
184   ZFCR01    (0)    6 :  0.004 0.003 0.062 0.010 0.004 0.006 0.020 0.006 0.003 0.006 0.015 0.856 0.006 
185   ZFCR02    (0)    6 :  0.005 0.011 0.011 0.011 0.005 0.009 0.004 0.016 0.005 0.021 0.007 0.888 0.008 
186   ZFCR03    (0)    6 :  0.005 0.053 0.010 0.016 0.012 0.028 0.009 0.020 0.003 0.013 0.038 0.784 0.009 
187   ZFCR04    (0)    6 :  0.023 0.006 0.047 0.014 0.013 0.025 0.071 0.163 0.009 0.016 0.014 0.581 0.019 
188   ZFCR05    (0)    6 :  0.004 0.004 0.014 0.003 0.011 0.007 0.019 0.009 0.003 0.010 0.008 0.906 0.003 
189   ZFCR06    (0)    6 :  0.027 0.006 0.014 0.021 0.005 0.003 0.011 0.015 0.055 0.013 0.006 0.815 0.009 
190   ZFCR07    (0)    6 :  0.034 0.050 0.138 0.009 0.124 0.006 0.011 0.042 0.081 0.014 0.020 0.467 0.004 
191   ZFCR08    (0)    6 :  0.014 0.036 0.397 0.022 0.006 0.039 0.107 0.021 0.005 0.091 0.025 0.193 0.044 
192   ZFCR09    (0)    6 :  0.062 0.026 0.028 0.061 0.016 0.066 0.010 0.066 0.015 0.024 0.158 0.452 0.014 
193   ZFCR11    (0)    6 :  0.033 0.004 0.020 0.016 0.018 0.005 0.014 0.024 0.010 0.007 0.013 0.834 0.002 
194   ZFCR12    (0)    6 :  0.048 0.008 0.007 0.011 0.016 0.004 0.005 0.006 0.109 0.009 0.003 0.762 0.013 
195   ZFCR13    (0)    6 :  0.011 0.007 0.310 0.102 0.267 0.003 0.005 0.044 0.007 0.009 0.003 0.226 0.005 
196   ZFCR14    (0)    6 :  0.009 0.005 0.013 0.007 0.021 0.005 0.010 0.014 0.006 0.009 0.004 0.886 0.011 
197   ZFCR15    (0)    6 :  0.015 0.009 0.052 0.021 0.014 0.012 0.017 0.040 0.004 0.012 0.005 0.768 0.031 
198   ZFCR16    (0)    6 :  0.007 0.004 0.028 0.017 0.009 0.003 0.007 0.018 0.003 0.008 0.005 0.875 0.017 
199   ZFCR18    (0)    6 :  0.006 0.032 0.013 0.009 0.006 0.004 0.008 0.301 0.006 0.012 0.005 0.593 0.005 
200   ZFCR19    (0)    6 :  0.011 0.006 0.006 0.016 0.008 0.004 0.006 0.026 0.006 0.010 0.065 0.795 0.041 
201   ZFCR20    (0)    6 :  0.009 0.030 0.019 0.028 0.041 0.005 0.023 0.024 0.005 0.006 0.027 0.777 0.007 
202   ZFCR21    (0)    6 :  0.005 0.007 0.010 0.004 0.021 0.003 0.004 0.003 0.003 0.012 0.004 0.912 0.011 
203   ZFCR22    (0)    6 :  0.005 0.006 0.008 0.006 0.052 0.004 0.002 0.006 0.003 0.004 0.006 0.885 0.012 
204   ZFCR23    (0)    6 :  0.037 0.004 0.069 0.040 0.050 0.053 0.004 0.009 0.005 0.003 0.010 0.710 0.005 
205   ZFCR24    (9)    6 :  0.012 0.009 0.079 0.518 0.106 0.005 0.029 0.092 0.004 0.008 0.055 0.077 0.006 
206   ZFCR25    (0)    6 :  0.005 0.006 0.011 0.004 0.012 0.002 0.010 0.007 0.003 0.005 0.007 0.923 0.004 
207   ZFCR26    (0)    6 :  0.011 0.007 0.011 0.013 0.202 0.004 0.010 0.004 0.005 0.015 0.080 0.623 0.015 
208   ZFCR27    (9)    6 :  0.003 0.003 0.403 0.004 0.037 0.004 0.019 0.012 0.003 0.005 0.045 0.459 0.003 
209   ZFCR28    (0)    6 :  0.020 0.008 0.087 0.058 0.006 0.007 0.006 0.004 0.029 0.010 0.004 0.719 0.044 
210   ZFCR29    (0)    6 :  0.004 0.004 0.004 0.004 0.015 0.004 0.006 0.008 0.002 0.004 0.009 0.931 0.004 
211   ZFCR30    (0)    6 :  0.011 0.008 0.011 0.006 0.046 0.005 0.007 0.006 0.009 0.006 0.009 0.868 0.007 
212   ZFCR31    (0)    6 :  0.064 0.029 0.018 0.063 0.026 0.015 0.013 0.149 0.052 0.011 0.070 0.470 0.020 
213   ZFCR33    (0)    6 :  0.016 0.009 0.704 0.012 0.025 0.027 0.065 0.007 0.006 0.037 0.016 0.061 0.014 
214   ZFCR34    (0)    6 :  0.035 0.004 0.043 0.017 0.247 0.015 0.005 0.160 0.009 0.017 0.009 0.430 0.009 
215   ZFCR35    (0)    6 :  0.006 0.004 0.011 0.005 0.005 0.013 0.010 0.118 0.004 0.011 0.016 0.794 0.004 
216   ZFCR36    (0)    6 :  0.008 0.006 0.010 0.007 0.019 0.014 0.007 0.038 0.018 0.006 0.013 0.851 0.004 
217   ZFCR37    (0)    6 :  0.004 0.016 0.123 0.004 0.573 0.023 0.048 0.051 0.004 0.055 0.043 0.052 0.004 
218   ZFCR38    (0)    6 :  0.009 0.013 0.552 0.008 0.033 0.008 0.040 0.006 0.008 0.042 0.046 0.223 0.013 
219   ZFCR39    (0)    6 :  0.019 0.038 0.213 0.052 0.008 0.229 0.010 0.022 0.003 0.091 0.033 0.247 0.034 
220   ZFCR40    (0)    6 :  0.015 0.006 0.121 0.009 0.012 0.033 0.011 0.010 0.004 0.025 0.012 0.736 0.004 
221   ZFCR41    (0)    6 :  0.099 0.007 0.014 0.006 0.015 0.003 0.007 0.005 0.014 0.028 0.003 0.777 0.021 
222   ZFCR42    (0)    6 :  0.029 0.018 0.072 0.019 0.076 0.017 0.008 0.007 0.016 0.049 0.013 0.658 0.017 
223   ZFCR43    (0)    6 :  0.006 0.004 0.012 0.037 0.010 0.004 0.009 0.024 0.006 0.004 0.004 0.876 0.004 
224  ZFENP25    (0)    7 :  0.005 0.006 0.831 0.011 0.007 0.005 0.043 0.005 0.003 0.023 0.005 0.046 0.011 
225  ZFENP26    (0)    7 :  0.003 0.005 0.944 0.002 0.004 0.007 0.006 0.006 0.003 0.004 0.006 0.007 0.003 
226  ZFENP27    (0)    7 :  0.030 0.039 0.295 0.019 0.005 0.018 0.023 0.015 0.070 0.193 0.027 0.254 0.011 
227  ZFENP28    (0)    7 :  0.004 0.004 0.872 0.004 0.010 0.008 0.028 0.009 0.010 0.011 0.016 0.020 0.005 
228  ZFENP29    (0)    7 :  0.004 0.007 0.910 0.004 0.008 0.005 0.005 0.004 0.004 0.009 0.005 0.031 0.004 
229  ZFENP30    (0)    7 :  0.005 0.102 0.782 0.006 0.012 0.011 0.007 0.007 0.010 0.030 0.011 0.011 0.007 
230  ZFENP31    (0)    7 :  0.004 0.375 0.251 0.005 0.012 0.209 0.035 0.031 0.005 0.012 0.038 0.019 0.003 
231  ZFENP32    (0)    7 :  0.018 0.133 0.233 0.017 0.014 0.124 0.020 0.255 0.025 0.014 0.032 0.107 0.006 
232  ZFENP33    (0)    7 :  0.007 0.035 0.826 0.006 0.036 0.007 0.030 0.011 0.004 0.005 0.014 0.015 0.003 
233  ZFENP34    (0)    7 :  0.007 0.094 0.235 0.006 0.007 0.006 0.526 0.030 0.010 0.020 0.024 0.030 0.004 
234  ZFENP35    (0)    7 :  0.016 0.007 0.838 0.008 0.007 0.066 0.008 0.017 0.013 0.005 0.005 0.006 0.005 
235  ZFENP36    (0)    7 :  0.004 0.007 0.923 0.003 0.007 0.011 0.006 0.009 0.010 0.003 0.009 0.007 0.002 
236  ZFENP37    (0)    7 :  0.008 0.008 0.419 0.006 0.030 0.091 0.389 0.012 0.008 0.008 0.010 0.008 0.003 
237  ZFENP38    (0)    7 :  0.007 0.014 0.404 0.005 0.438 0.024 0.030 0.009 0.016 0.018 0.021 0.011 0.004 
238  ZFENP39    (0)    7 :  0.005 0.006 0.791 0.004 0.012 0.018 0.025 0.012 0.004 0.015 0.010 0.096 0.003 
239  ZFENP40    (0)    7 :  0.007 0.013 0.794 0.010 0.007 0.038 0.020 0.013 0.005 0.008 0.016 0.066 0.004 
240  ZFENP41    (0)    7 :  0.007 0.040 0.745 0.007 0.006 0.027 0.017 0.022 0.008 0.074 0.006 0.034 0.008 
241  ZFENP42    (0)    7 :  0.005 0.010 0.679 0.003 0.051 0.209 0.004 0.003 0.003 0.005 0.006 0.018 0.004 
242  ZFENP43    (0)    7 :  0.033 0.009 0.661 0.007 0.094 0.015 0.040 0.006 0.049 0.035 0.029 0.016 0.006 
243  ZFENP44    (0)    7 :  0.018 0.025 0.709 0.008 0.043 0.110 0.027 0.005 0.014 0.015 0.012 0.012 0.003 
244  ZFENP45    (0)    7 :  0.016 0.021 0.345 0.025 0.057 0.122 0.012 0.008 0.008 0.016 0.016 0.023 0.331 
245  ZFENP46    (0)    7 :  0.023 0.010 0.791 0.015 0.062 0.018 0.029 0.008 0.007 0.003 0.014 0.016 0.005 
246  ZFENP47    (0)    7 :  0.005 0.026 0.200 0.014 0.005 0.221 0.009 0.071 0.004 0.067 0.024 0.236 0.117 
247  ZFENP48    (0)    7 :  0.007 0.288 0.074 0.011 0.013 0.010 0.487 0.011 0.006 0.014 0.027 0.040 0.010 
248  ZFENP49    (0)    7 :  0.007 0.133 0.191 0.011 0.010 0.006 0.005 0.031 0.006 0.010 0.021 0.561 0.010 
249  ZFENP50    (0)    7 :  0.029 0.005 0.670 0.054 0.087 0.056 0.007 0.008 0.004 0.004 0.025 0.040 0.010 
250  ZFENP51    (0)    7 :  0.005 0.038 0.320 0.004 0.014 0.027 0.012 0.027 0.008 0.009 0.456 0.027 0.054 
251  ZFENP52    (0)    7 :  0.013 0.006 0.918 0.004 0.012 0.007 0.003 0.003 0.010 0.008 0.005 0.006 0.004 
252  ZFENP53    (0)    7 :  0.027 0.008 0.788 0.043 0.022 0.017 0.009 0.007 0.010 0.009 0.009 0.019 0.031 
253  ZFENP54    (0)    7 :  0.013 0.025 0.150 0.027 0.015 0.010 0.008 0.012 0.005 0.017 0.008 0.704 0.006 
254  ZFENP55    (0)    7 :  0.004 0.010 0.231 0.005 0.565 0.015 0.027 0.047 0.004 0.004 0.032 0.052 0.004 
255  ZFENP56    (0)    7 :  0.008 0.009 0.846 0.004 0.058 0.005 0.008 0.011 0.010 0.007 0.021 0.009 0.005 
256  ZFENP57    (0)    7 :  0.007 0.013 0.795 0.004 0.021 0.060 0.024 0.014 0.013 0.004 0.017 0.025 0.002 
257  ZFENP58    (0)    7 :  0.013 0.315 0.352 0.008 0.021 0.005 0.005 0.025 0.016 0.021 0.016 0.092 0.112 
258  ZFENP59    (0)    7 :  0.005 0.026 0.759 0.005 0.009 0.040 0.009 0.020 0.005 0.066 0.008 0.043 0.005 
259  ZFENP60    (0)    7 :  0.010 0.006 0.758 0.010 0.013 0.018 0.033 0.037 0.006 0.011 0.012 0.073 0.013 
260  ZFENP61    (0)    7 :  0.004 0.007 0.841 0.003 0.011 0.007 0.021 0.018 0.004 0.017 0.008 0.056 0.003 
261 ZFFDSP01    (0)    8 :  0.104 0.003 0.003 0.821 0.008 0.003 0.005 0.006 0.015 0.005 0.002 0.005 0.019 
262 ZFFDSP02    (0)    8 :  0.016 0.003 0.003 0.945 0.004 0.002 0.003 0.003 0.004 0.005 0.002 0.004 0.005 
263 ZFFDSP04    (0)    8 :  0.021 0.003 0.002 0.932 0.005 0.002 0.004 0.004 0.003 0.005 0.002 0.005 0.011 
264 ZFFDSP05    (0)    8 :  0.431 0.003 0.003 0.517 0.008 0.003 0.003 0.004 0.005 0.004 0.003 0.005 0.010 
265 ZFFDSP06    (0)    8 :  0.022 0.003 0.002 0.932 0.005 0.002 0.004 0.003 0.003 0.006 0.002 0.004 0.012 
266 ZFFDSP07    (0)    8 :  0.007 0.019 0.004 0.904 0.008 0.004 0.004 0.002 0.004 0.011 0.004 0.005 0.022 
267 ZFFDSP08    (0)    8 :  0.047 0.031 0.005 0.785 0.011 0.004 0.004 0.003 0.011 0.010 0.003 0.005 0.082 
268 ZFFDSP10    (0)    8 :  0.034 0.006 0.004 0.909 0.006 0.003 0.004 0.004 0.006 0.004 0.003 0.005 0.012 
269 ZFFDSP11    (0)    8 :  0.049 0.003 0.003 0.901 0.008 0.003 0.004 0.005 0.003 0.004 0.003 0.005 0.008 
270 ZFFDSP12    (0)    8 :  0.012 0.005 0.003 0.947 0.004 0.002 0.003 0.002 0.004 0.003 0.002 0.003 0.008 
271 ZFFDSP13    (0)    8 :  0.897 0.008 0.005 0.039 0.008 0.004 0.004 0.003 0.011 0.007 0.003 0.005 0.004 
272 ZFFDSP14    (0)    8 :  0.007 0.007 0.003 0.934 0.006 0.003 0.004 0.003 0.004 0.006 0.003 0.005 0.015 
273 ZFFDSP16    (0)    8 :  0.018 0.004 0.007 0.909 0.007 0.004 0.006 0.006 0.014 0.007 0.003 0.012 0.004 
274 ZFFDSP17    (0)    8 :  0.025 0.004 0.003 0.923 0.008 0.002 0.005 0.004 0.004 0.006 0.002 0.005 0.009 
275 ZFFDSP18    (0)    8 :  0.009 0.003 0.003 0.933 0.004 0.002 0.006 0.006 0.005 0.007 0.002 0.006 0.015 
276 ZFFDSP19    (0)    8 :  0.045 0.003 0.003 0.744 0.004 0.002 0.007 0.004 0.137 0.024 0.003 0.005 0.018 
277 ZFFDSP21    (0)    8 :  0.369 0.004 0.003 0.504 0.004 0.003 0.007 0.003 0.064 0.019 0.002 0.007 0.011 
278 ZFFDSP22    (0)    8 :  0.014 0.004 0.003 0.889 0.006 0.002 0.003 0.002 0.004 0.006 0.002 0.004 0.062 
279 ZFFDSP23    (0)    8 :  0.165 0.003 0.003 0.632 0.005 0.002 0.004 0.002 0.009 0.005 0.002 0.004 0.161 
280 ZFFDSP24    (0)    8 :  0.373 0.005 0.003 0.570 0.006 0.003 0.005 0.006 0.011 0.005 0.003 0.005 0.007 
281 ZFFDSP26    (9)    8 :  0.278 0.004 0.003 0.667 0.005 0.003 0.004 0.004 0.006 0.005 0.003 0.006 0.013 
282 ZFFDSP27    (0)    8 :  0.039 0.004 0.003 0.915 0.004 0.002 0.005 0.004 0.007 0.004 0.002 0.005 0.006 
283 ZFFDSP28    (0)    8 :  0.057 0.015 0.007 0.799 0.012 0.006 0.023 0.034 0.005 0.007 0.016 0.012 0.008 
284 ZFFDSP30    (0)    8 :  0.494 0.011 0.004 0.336 0.010 0.008 0.007 0.065 0.032 0.007 0.007 0.009 0.010 
285 ZFFDSP31    (0)    8 :  0.021 0.006 0.004 0.925 0.005 0.002 0.010 0.003 0.007 0.006 0.002 0.004 0.006 
286 ZFFDSP32    (0)    8 :  0.013 0.004 0.003 0.946 0.005 0.003 0.004 0.002 0.005 0.003 0.002 0.004 0.005 
287 ZFFDSP33    (0)    8 :  0.023 0.003 0.003 0.941 0.003 0.003 0.003 0.003 0.005 0.002 0.002 0.003 0.005 
288 ZFFDSP34    (0)    8 :  0.019 0.004 0.003 0.932 0.005 0.002 0.004 0.003 0.006 0.008 0.002 0.004 0.010 
289 ZFFDSP35    (0)    8 :  0.335 0.004 0.003 0.615 0.006 0.002 0.004 0.006 0.005 0.004 0.003 0.005 0.008 
290 ZFFDSP37    (0)    8 :  0.030 0.004 0.003 0.928 0.004 0.002 0.005 0.004 0.006 0.004 0.003 0.004 0.004 
291 ZFFDSP38    (0)    8 :  0.012 0.004 0.003 0.944 0.004 0.002 0.004 0.006 0.006 0.004 0.003 0.003 0.005 
292 ZFFDSP39    (0)    8 :  0.703 0.003 0.002 0.258 0.003 0.002 0.003 0.004 0.007 0.003 0.002 0.004 0.007 
293 ZFFDSP40    (0)    8 :  0.518 0.004 0.003 0.437 0.003 0.002 0.004 0.006 0.008 0.003 0.003 0.005 0.005 
294 ZFFDSP42    (0)    8 :  0.119 0.003 0.003 0.742 0.006 0.002 0.004 0.004 0.009 0.006 0.002 0.005 0.095 
295 ZFFDSP43    (0)    8 :  0.042 0.003 0.003 0.909 0.003 0.002 0.004 0.004 0.011 0.004 0.002 0.004 0.009 
296 ZFFDSP44    (0)    8 :  0.220 0.005 0.003 0.729 0.005 0.003 0.005 0.006 0.010 0.004 0.003 0.003 0.005 
297 ZFFDSP45    (0)    8 :  0.037 0.004 0.003 0.916 0.004 0.002 0.004 0.005 0.008 0.005 0.002 0.005 0.005 
298 ZFFDSP46    (0)    8 :  0.069 0.004 0.003 0.876 0.005 0.002 0.004 0.004 0.010 0.005 0.002 0.005 0.009 
299 ZFFDSP47    (0)    8 :  0.720 0.005 0.003 0.221 0.005 0.003 0.004 0.004 0.015 0.003 0.003 0.003 0.012 
300 ZFFDSP48    (0)    8 :  0.634 0.004 0.003 0.316 0.004 0.003 0.003 0.004 0.013 0.004 0.002 0.004 0.006 
301    ZFI01    (0)    9 :  0.005 0.011 0.010 0.005 0.009 0.007 0.030 0.768 0.009 0.008 0.112 0.021 0.005 
302    ZFI02    (0)    9 :  0.005 0.003 0.005 0.005 0.006 0.004 0.019 0.870 0.008 0.004 0.048 0.019 0.004 
303    ZFI03    (0)    9 :  0.004 0.005 0.006 0.004 0.007 0.003 0.051 0.885 0.008 0.006 0.010 0.008 0.003 
304    ZFI04    (0)    9 :  0.004 0.004 0.007 0.004 0.006 0.004 0.751 0.098 0.006 0.004 0.106 0.004 0.003 
305    ZFI05    (0)    9 :  0.005 0.008 0.006 0.004 0.004 0.004 0.007 0.930 0.013 0.004 0.005 0.007 0.003 
306    ZFI06    (0)    9 :  0.035 0.006 0.021 0.015 0.009 0.004 0.020 0.724 0.079 0.004 0.035 0.045 0.003 
307    ZFI07    (0)    9 :  0.004 0.007 0.006 0.004 0.006 0.004 0.397 0.544 0.005 0.004 0.010 0.006 0.002 
308    ZFI08    (0)    9 :  0.004 0.005 0.010 0.003 0.011 0.004 0.111 0.774 0.005 0.006 0.047 0.017 0.003 
309    ZFI09    (0)    9 :  0.004 0.004 0.008 0.004 0.005 0.003 0.014 0.897 0.006 0.004 0.030 0.016 0.003 
310    ZFI10    (0)    9 :  0.007 0.006 0.006 0.005 0.007 0.006 0.039 0.824 0.062 0.004 0.025 0.006 0.004 
311    ZFI11    (0)    9 :  0.005 0.008 0.007 0.003 0.006 0.004 0.062 0.732 0.012 0.004 0.146 0.008 0.003 
312    ZFI12    (0)    9 :  0.005 0.006 0.006 0.005 0.009 0.003 0.139 0.789 0.013 0.007 0.007 0.008 0.003 
313    ZFI13    (0)    9 :  0.004 0.019 0.008 0.004 0.006 0.008 0.014 0.905 0.005 0.006 0.006 0.010 0.003 
314    ZFI14    (0)    9 :  0.006 0.004 0.004 0.007 0.004 0.004 0.008 0.937 0.006 0.004 0.005 0.007 0.003 
315    ZFI15    (0)    9 :  0.004 0.006 0.005 0.003 0.003 0.003 0.007 0.946 0.005 0.004 0.005 0.006 0.002 
316    ZFI16    (0)    9 :  0.004 0.004 0.004 0.003 0.005 0.003 0.015 0.940 0.005 0.004 0.004 0.007 0.002 
317    ZFI17    (0)    9 :  0.004 0.006 0.009 0.004 0.007 0.006 0.042 0.892 0.009 0.004 0.010 0.006 0.002 
318    ZFI18    (0)    9 :  0.004 0.004 0.007 0.003 0.004 0.006 0.013 0.935 0.006 0.003 0.007 0.005 0.002 
319    ZFI19    (9)    9 :  0.003 0.006 0.005 0.003 0.005 0.003 0.009 0.946 0.004 0.003 0.006 0.006 0.002 
320    ZFI20    (0)    9 :  0.004 0.003 0.004 0.004 0.005 0.003 0.010 0.941 0.004 0.004 0.004 0.010 0.003 
321    ZFI21    (0)    9 :  0.008 0.004 0.003 0.007 0.004 0.003 0.005 0.945 0.006 0.003 0.003 0.005 0.003 
322    ZFI22    (0)    9 :  0.004 0.004 0.005 0.005 0.005 0.003 0.021 0.896 0.004 0.007 0.030 0.012 0.004 
323    ZFI23    (0)    9 :  0.004 0.005 0.005 0.003 0.006 0.003 0.026 0.922 0.007 0.004 0.006 0.005 0.003 
324    ZFI24    (0)    9 :  0.005 0.007 0.007 0.005 0.010 0.003 0.064 0.860 0.011 0.007 0.008 0.010 0.003 
325    ZFI25    (0)    9 :  0.004 0.005 0.008 0.005 0.007 0.003 0.071 0.856 0.006 0.008 0.012 0.012 0.004 
326    ZFI26    (0)    9 :  0.004 0.008 0.007 0.004 0.007 0.003 0.067 0.867 0.005 0.008 0.007 0.010 0.003 
327    ZFI27    (0)    9 :  0.008 0.014 0.007 0.005 0.011 0.003 0.027 0.878 0.026 0.005 0.007 0.006 0.003 
328    ZFK01    (0)    9 :  0.004 0.958 0.003 0.003 0.003 0.003 0.003 0.003 0.007 0.005 0.003 0.003 0.003 
329    ZFK02    (0)   10 :  0.004 0.959 0.003 0.003 0.003 0.002 0.003 0.003 0.005 0.005 0.003 0.003 0.003 
330    ZFK03    (0)   10 :  0.003 0.959 0.003 0.003 0.003 0.003 0.003 0.003 0.005 0.005 0.004 0.003 0.003 
331    ZFK04    (0)   10 :  0.003 0.959 0.003 0.003 0.003 0.003 0.004 0.004 0.003 0.003 0.007 0.003 0.002 
332    ZFK05    (0)   10 :  0.003 0.930 0.005 0.002 0.003 0.008 0.010 0.007 0.004 0.009 0.014 0.004 0.002 
333    ZFK06    (0)   10 :  0.003 0.927 0.007 0.003 0.004 0.005 0.009 0.009 0.004 0.013 0.008 0.005 0.003 
334    ZFK07    (0)   10 :  0.004 0.955 0.003 0.003 0.005 0.003 0.003 0.002 0.004 0.005 0.003 0.003 0.005 
335    ZFK08    (0)   10 :  0.004 0.955 0.003 0.004 0.005 0.003 0.004 0.004 0.003 0.004 0.006 0.003 0.003 
336    ZFK10    (0)   10 :  0.003 0.958 0.003 0.003 0.003 0.003 0.003 0.004 0.004 0.005 0.005 0.003 0.003 
337    ZFK11    (0)   10 :  0.003 0.935 0.005 0.003 0.003 0.007 0.010 0.006 0.004 0.010 0.007 0.004 0.003 
338    ZFK12    (0)   10 :  0.007 0.944 0.003 0.005 0.010 0.003 0.002 0.002 0.004 0.007 0.003 0.003 0.007 
339    ZFK13    (0)   10 :  0.020 0.906 0.004 0.019 0.006 0.012 0.003 0.004 0.005 0.008 0.003 0.003 0.009 
340    ZFK14    (0)   10 :  0.027 0.652 0.006 0.021 0.010 0.014 0.007 0.008 0.013 0.195 0.010 0.007 0.031 
341    ZFK15    (0)   10 :  0.012 0.920 0.003 0.015 0.004 0.015 0.003 0.005 0.004 0.006 0.004 0.003 0.005 
342    ZFK16    (0)   10 :  0.006 0.952 0.003 0.004 0.006 0.004 0.002 0.002 0.005 0.006 0.003 0.003 0.005 
343   ZFLB01    (0)   11 :  0.028 0.015 0.008 0.025 0.008 0.862 0.007 0.009 0.009 0.004 0.009 0.007 0.009 
344   ZFLB02    (0)   11 :  0.004 0.003 0.025 0.004 0.006 0.891 0.039 0.008 0.004 0.002 0.004 0.006 0.003 
345   ZFLB03    (0)   11 :  0.005 0.009 0.021 0.004 0.006 0.892 0.007 0.004 0.034 0.004 0.003 0.006 0.004 
346   ZFLB04    (0)   11 :  0.027 0.010 0.006 0.017 0.007 0.638 0.012 0.028 0.228 0.007 0.008 0.005 0.007 
347   ZFLB05    (0)   11 :  0.021 0.017 0.008 0.015 0.008 0.856 0.007 0.015 0.017 0.003 0.019 0.008 0.006 
348   ZFLB06    (0)   11 :  0.010 0.074 0.011 0.013 0.008 0.834 0.004 0.004 0.006 0.007 0.014 0.008 0.008 
349   ZFLB07    (0)   11 :  0.031 0.088 0.079 0.016 0.088 0.561 0.012 0.013 0.058 0.009 0.014 0.022 0.011 
350   ZFLB08    (0)   11 :  0.007 0.006 0.024 0.005 0.009 0.859 0.046 0.015 0.008 0.004 0.008 0.006 0.004 
351   ZFLB09    (9)   11 :  0.005 0.015 0.008 0.005 0.006 0.908 0.009 0.009 0.004 0.006 0.015 0.005 0.003 
352   ZFLB10    (0)   11 :  0.004 0.006 0.006 0.003 0.004 0.942 0.005 0.007 0.006 0.003 0.009 0.004 0.003 
353   ZFLB11    (0)   11 :  0.004 0.013 0.005 0.004 0.006 0.934 0.004 0.003 0.004 0.008 0.006 0.004 0.005 
354   ZFLB12    (0)   11 :  0.003 0.007 0.007 0.003 0.004 0.943 0.006 0.005 0.004 0.005 0.007 0.004 0.002 
355   ZFLB13    (0)   11 :  0.023 0.010 0.056 0.015 0.024 0.784 0.021 0.004 0.018 0.014 0.013 0.014 0.004 
356  ZFLTI01    (0)   12 :  0.895 0.006 0.003 0.017 0.007 0.002 0.004 0.003 0.010 0.032 0.002 0.005 0.012 
357  ZFLTI02    (0)   12 :  0.836 0.008 0.004 0.013 0.006 0.002 0.010 0.003 0.033 0.068 0.003 0.004 0.011 
358  ZFLTI03    (0)   12 :  0.933 0.005 0.002 0.008 0.006 0.002 0.006 0.002 0.011 0.010 0.002 0.003 0.009 
359  ZFLTI04    (0)   12 :  0.907 0.013 0.005 0.012 0.009 0.002 0.006 0.005 0.017 0.010 0.003 0.005 0.005 
360  ZFLTI05    (0)   12 :  0.931 0.006 0.003 0.008 0.004 0.002 0.006 0.003 0.019 0.008 0.002 0.003 0.005 
361  ZFLTI06    (0)   12 :  0.942 0.004 0.003 0.011 0.004 0.002 0.004 0.004 0.006 0.006 0.002 0.004 0.009 
362  ZFLTI07    (0)   12 :  0.943 0.005 0.004 0.011 0.005 0.002 0.004 0.004 0.006 0.005 0.002 0.005 0.004 
363  ZFLTI08    (0)   12 :  0.911 0.006 0.005 0.007 0.009 0.002 0.016 0.004 0.023 0.006 0.003 0.004 0.005 
364  ZFLTI09    (0)   12 :  0.931 0.005 0.004 0.014 0.005 0.002 0.010 0.005 0.008 0.006 0.003 0.004 0.004 
365  ZFLTI10    (0)   12 :  0.926 0.005 0.003 0.021 0.005 0.002 0.007 0.004 0.006 0.011 0.002 0.005 0.004 
366  ZFLTI11    (0)   12 :  0.928 0.004 0.003 0.011 0.005 0.002 0.007 0.003 0.009 0.007 0.003 0.003 0.014 
367  ZFLTI12    (0)   12 :  0.905 0.006 0.003 0.015 0.005 0.002 0.006 0.003 0.012 0.021 0.002 0.004 0.015 
368  ZFLTI13    (0)   12 :  0.871 0.009 0.004 0.009 0.009 0.002 0.006 0.004 0.048 0.021 0.003 0.004 0.010 
369  ZFLTI14    (0)   12 :  0.616 0.012 0.005 0.047 0.006 0.002 0.016 0.003 0.188 0.090 0.003 0.006 0.006 
370 ZFONF101    (0)   13 :  0.006 0.002 0.002 0.963 0.003 0.003 0.003 0.002 0.003 0.002 0.002 0.003 0.005 
371 ZFONF102    (0)   13 :  0.006 0.003 0.009 0.911 0.004 0.014 0.004 0.005 0.003 0.003 0.008 0.006 0.024 
372 ZFONF103    (0)   13 :  0.129 0.017 0.006 0.733 0.008 0.003 0.005 0.004 0.060 0.011 0.003 0.004 0.017 
373 ZFONF104    (0)   13 :  0.017 0.002 0.002 0.929 0.003 0.002 0.003 0.002 0.004 0.004 0.002 0.003 0.028 
374 ZFONF105    (0)   13 :  0.021 0.005 0.004 0.829 0.005 0.003 0.003 0.003 0.009 0.005 0.003 0.003 0.107 
375 ZFONF106    (0)   13 :  0.005 0.003 0.002 0.959 0.002 0.002 0.005 0.003 0.004 0.003 0.002 0.003 0.007 
376 ZFONF107    (0)   13 :  0.036 0.037 0.048 0.729 0.006 0.056 0.015 0.013 0.014 0.011 0.013 0.012 0.010 
377 ZFONF108    (0)   13 :  0.042 0.056 0.010 0.811 0.004 0.011 0.007 0.004 0.024 0.012 0.004 0.004 0.011 
378 ZFONF109    (9)   13 :  0.031 0.025 0.006 0.832 0.003 0.009 0.009 0.004 0.009 0.018 0.003 0.004 0.047 
379 ZFONF110    (0)   13 :  0.010 0.003 0.002 0.944 0.003 0.002 0.002 0.002 0.005 0.005 0.002 0.003 0.016 
380 ZFONF111    (0)   13 :  0.079 0.005 0.023 0.767 0.021 0.016 0.011 0.010 0.006 0.011 0.011 0.023 0.017 
381 ZFONF112    (0)   13 :  0.013 0.005 0.003 0.761 0.003 0.002 0.012 0.003 0.011 0.006 0.003 0.003 0.175 
382 ZFONF113    (9)   13 :  0.017 0.008 0.005 0.921 0.007 0.005 0.004 0.002 0.008 0.005 0.004 0.004 0.010 
383 ZFONF115    (0)   13 :  0.008 0.006 0.003 0.931 0.004 0.002 0.006 0.003 0.009 0.005 0.003 0.004 0.014 
384 ZFONF116    (0)   13 :  0.008 0.007 0.004 0.918 0.004 0.003 0.007 0.004 0.011 0.005 0.004 0.004 0.023 
385 ZFONF117    (0)   13 :  0.591 0.012 0.005 0.264 0.006 0.003 0.005 0.004 0.038 0.009 0.004 0.005 0.054 
386 ZFONF118    (0)   13 :  0.025 0.007 0.003 0.901 0.007 0.002 0.012 0.004 0.012 0.009 0.003 0.004 0.013 
387 ZFONF119    (0)   13 :  0.009 0.016 0.003 0.906 0.005 0.006 0.003 0.003 0.004 0.008 0.003 0.005 0.029 
388 ZFONF120    (0)   13 :  0.017 0.025 0.003 0.859 0.010 0.006 0.003 0.003 0.004 0.016 0.003 0.005 0.047 
389 ZFONF121    (0)   13 :  0.015 0.007 0.003 0.834 0.005 0.004 0.004 0.004 0.006 0.004 0.004 0.003 0.105 
390 ZFONF122    (0)   13 :  0.261 0.018 0.005 0.641 0.010 0.003 0.010 0.004 0.016 0.017 0.003 0.006 0.007 
391 ZFONF123    (0)   13 :  0.007 0.007 0.012 0.831 0.004 0.072 0.004 0.005 0.004 0.005 0.009 0.007 0.033 
392 ZFONF124    (0)   13 :  0.013 0.019 0.005 0.892 0.003 0.010 0.004 0.003 0.006 0.007 0.003 0.003 0.031 
393 ZFONF125    (0)   13 :  0.062 0.039 0.025 0.526 0.011 0.065 0.004 0.006 0.006 0.024 0.010 0.009 0.213 
394 ZFONF126    (0)   13 :  0.015 0.010 0.004 0.907 0.008 0.002 0.008 0.004 0.010 0.015 0.003 0.005 0.008 
395 ZFONF201    (0)   14 :  0.046 0.004 0.013 0.087 0.010 0.038 0.037 0.071 0.004 0.037 0.015 0.040 0.598 
396 ZFONF202    (0)   14 :  0.013 0.004 0.002 0.058 0.006 0.002 0.004 0.003 0.003 0.011 0.002 0.005 0.887 
397 ZFONF203    (0)   14 :  0.006 0.008 0.004 0.009 0.010 0.003 0.004 0.003 0.003 0.005 0.003 0.005 0.938 
398 ZFONF204    (0)   14 :  0.008 0.009 0.008 0.007 0.006 0.009 0.010 0.005 0.003 0.031 0.005 0.007 0.891 
399 ZFONF206    (0)   14 :  0.005 0.003 0.020 0.007 0.006 0.017 0.011 0.010 0.003 0.011 0.009 0.016 0.882 
400 ZFONF207    (0)   14 :  0.006 0.006 0.004 0.006 0.005 0.003 0.003 0.003 0.004 0.004 0.003 0.003 0.950 
401 ZFONF208    (0)   14 :  0.038 0.007 0.004 0.058 0.008 0.005 0.005 0.005 0.005 0.008 0.003 0.005 0.850 
402 ZFONF209    (0)   14 :  0.010 0.012 0.007 0.008 0.008 0.008 0.014 0.010 0.009 0.027 0.007 0.006 0.874 
403 ZFONF210    (0)   14 :  0.010 0.003 0.002 0.008 0.003 0.003 0.003 0.003 0.007 0.004 0.002 0.003 0.949 
404 ZFONF211    (0)   14 :  0.025 0.013 0.010 0.031 0.017 0.021 0.004 0.004 0.012 0.013 0.009 0.006 0.837 
405 ZFONF212    (0)   14 :  0.011 0.003 0.002 0.010 0.003 0.002 0.003 0.003 0.005 0.003 0.002 0.003 0.949 
406 ZFONF214    (0)   14 :  0.012 0.005 0.005 0.039 0.016 0.006 0.002 0.002 0.003 0.007 0.005 0.005 0.891 
407 ZFONF215    (0)   14 :  0.007 0.004 0.002 0.017 0.004 0.002 0.002 0.002 0.003 0.004 0.002 0.003 0.945 
408 ZFONF216    (0)   14 :  0.005 0.005 0.003 0.005 0.004 0.003 0.002 0.002 0.005 0.003 0.003 0.003 0.958 
409 ZFONF217    (0)   14 :  0.007 0.005 0.002 0.058 0.004 0.003 0.004 0.002 0.005 0.005 0.003 0.003 0.899 
410 ZFONF218    (0)   14 :  0.005 0.004 0.008 0.004 0.006 0.008 0.003 0.003 0.004 0.003 0.005 0.004 0.942 
411 ZFONF219    (0)   14 :  0.004 0.003 0.002 0.005 0.002 0.002 0.002 0.002 0.003 0.002 0.002 0.002 0.969 
412 ZFONF220    (0)   14 :  0.005 0.007 0.003 0.038 0.005 0.003 0.005 0.002 0.004 0.005 0.003 0.003 0.916 
413 ZFONF222    (0)   14 :  0.004 0.004 0.006 0.003 0.005 0.009 0.003 0.003 0.004 0.003 0.006 0.004 0.947 
414 ZFONF223    (0)   14 :  0.004 0.005 0.007 0.008 0.007 0.008 0.004 0.004 0.003 0.003 0.007 0.005 0.935 
415 ZFONF224    (0)   14 :  0.004 0.003 0.002 0.004 0.003 0.002 0.002 0.002 0.004 0.003 0.002 0.002 0.966 
416 ZFONF225    (0)   14 :  0.005 0.003 0.002 0.008 0.003 0.002 0.002 0.002 0.004 0.004 0.002 0.002 0.962 
417 ZFONF226    (0)   14 :  0.005 0.010 0.003 0.007 0.008 0.002 0.003 0.003 0.004 0.005 0.003 0.003 0.943 
418 ZFONF227    (0)   14 :  0.004 0.002 0.002 0.004 0.003 0.002 0.002 0.002 0.003 0.003 0.002 0.003 0.969 
419 ZFONF228    (0)   14 :  0.010 0.006 0.004 0.010 0.004 0.003 0.006 0.004 0.011 0.004 0.004 0.004 0.928 
420 ZFONF230    (0)   14 :  0.011 0.003 0.002 0.014 0.003 0.002 0.002 0.002 0.003 0.005 0.002 0.003 0.948 
421 ZFONF231    (0)   14 :  0.009 0.003 0.005 0.007 0.012 0.005 0.003 0.002 0.004 0.009 0.004 0.005 0.932 
422 ZFONF232    (0)   14 :  0.004 0.003 0.002 0.007 0.003 0.002 0.002 0.002 0.003 0.003 0.002 0.003 0.964 
423 ZFONF233    (0)   14 :  0.004 0.005 0.003 0.005 0.003 0.002 0.003 0.002 0.004 0.005 0.002 0.003 0.960 
424 ZFONF234    (0)   14 :  0.020 0.012 0.021 0.013 0.007 0.004 0.006 0.005 0.011 0.010 0.004 0.014 0.873 
425 ZFONF235    (0)   14 :  0.004 0.002 0.003 0.004 0.003 0.002 0.002 0.002 0.003 0.003 0.002 0.003 0.968 
426 ZFONF236    (0)   14 :  0.011 0.011 0.021 0.012 0.004 0.011 0.025 0.016 0.026 0.017 0.012 0.013 0.821 
427 ZFONF238    (0)   14 :  0.007 0.004 0.003 0.008 0.007 0.002 0.004 0.003 0.003 0.006 0.002 0.005 0.946 
428 ZFONF239    (0)   14 :  0.004 0.003 0.005 0.005 0.003 0.005 0.012 0.005 0.003 0.013 0.004 0.006 0.932 
429 ZFONF240    (0)   14 :  0.005 0.003 0.002 0.005 0.003 0.002 0.002 0.002 0.004 0.006 0.002 0.003 0.963 
430 ZFONF241    (0)   14 :  0.010 0.006 0.007 0.014 0.005 0.003 0.012 0.007 0.018 0.005 0.004 0.006 0.902 
431 ZFONF242    (0)   14 :  0.005 0.003 0.003 0.009 0.003 0.002 0.002 0.002 0.003 0.006 0.002 0.003 0.958 
432 ZFONF243    (0)   14 :  0.008 0.006 0.003 0.006 0.005 0.003 0.003 0.003 0.009 0.003 0.003 0.003 0.945 
433 ZFONF244    (0)   14 :  0.004 0.005 0.002 0.007 0.003 0.003 0.002 0.002 0.003 0.004 0.002 0.003 0.960 
434 ZFONF245    (0)   14 :  0.009 0.003 0.002 0.005 0.003 0.002 0.002 0.002 0.004 0.005 0.002 0.003 0.959 
435   ZFOS01    (0)   15 :  0.044 0.007 0.004 0.021 0.009 0.003 0.005 0.003 0.006 0.879 0.003 0.007 0.009 
436   ZFOS02    (0)   15 :  0.037 0.009 0.008 0.039 0.008 0.004 0.035 0.008 0.010 0.801 0.008 0.023 0.010 
437   ZFOS03    (0)   15 :  0.012 0.006 0.007 0.009 0.008 0.069 0.006 0.009 0.003 0.852 0.007 0.009 0.004 
438   ZFOS04    (0)   15 :  0.094 0.010 0.008 0.074 0.005 0.005 0.008 0.023 0.011 0.734 0.004 0.017 0.006 
439   ZFOS05    (0)   15 :  0.036 0.010 0.005 0.041 0.009 0.003 0.007 0.005 0.010 0.843 0.004 0.014 0.012 
440   ZFOS06    (0)   15 :  0.015 0.006 0.006 0.011 0.013 0.006 0.005 0.005 0.019 0.893 0.005 0.006 0.011 
441   ZFOS07    (0)   15 :  0.006 0.057 0.005 0.009 0.005 0.003 0.008 0.020 0.005 0.845 0.009 0.025 0.004 
442   ZFOS08    (0)   15 :  0.015 0.023 0.006 0.016 0.004 0.003 0.012 0.032 0.010 0.858 0.004 0.011 0.006 
443   ZFOS09    (0)   15 :  0.065 0.003 0.008 0.040 0.009 0.012 0.009 0.013 0.005 0.777 0.005 0.047 0.008 
444   ZFOS10    (0)   15 :  0.004 0.005 0.013 0.003 0.003 0.008 0.019 0.016 0.008 0.889 0.012 0.018 0.002 
445   ZFOS11    (0)   15 :  0.188 0.070 0.041 0.015 0.009 0.005 0.005 0.006 0.109 0.431 0.006 0.105 0.010 
446   ZFOS12    (0)   15 :  0.051 0.332 0.050 0.018 0.103 0.021 0.009 0.022 0.060 0.205 0.029 0.094 0.007 
447   ZFOS13    (0)   15 :  0.022 0.012 0.006 0.014 0.016 0.003 0.007 0.011 0.007 0.865 0.008 0.025 0.005 
448   ZFOS14    (0)   15 :  0.098 0.025 0.011 0.014 0.037 0.009 0.008 0.143 0.060 0.521 0.019 0.047 0.008 
449   ZFOS15    (0)   15 :  0.004 0.036 0.006 0.003 0.004 0.004 0.005 0.008 0.005 0.913 0.004 0.005 0.002 
450   ZFOS16    (0)   15 :  0.047 0.009 0.007 0.040 0.006 0.006 0.007 0.011 0.020 0.797 0.010 0.030 0.010 
451   ZFOS17    (0)   15 :  0.005 0.005 0.005 0.004 0.007 0.005 0.009 0.005 0.005 0.932 0.007 0.005 0.005 
452   ZFOS18    (0)   15 :  0.006 0.008 0.009 0.004 0.004 0.008 0.009 0.005 0.012 0.921 0.005 0.008 0.002 
453   ZFOS19    (0)   15 :  0.004 0.005 0.005 0.003 0.008 0.003 0.004 0.004 0.004 0.949 0.004 0.005 0.004 
454   ZFOS20    (0)   15 :  0.005 0.005 0.005 0.005 0.003 0.004 0.005 0.010 0.007 0.932 0.004 0.008 0.006 
455   ZFOS21    (0)   15 :  0.030 0.010 0.004 0.022 0.004 0.004 0.006 0.007 0.008 0.883 0.009 0.009 0.005 
456   ZFOS22    (0)   15 :  0.011 0.013 0.006 0.007 0.011 0.006 0.003 0.003 0.007 0.919 0.004 0.005 0.007 
457   ZFOS23    (0)   15 :  0.004 0.005 0.014 0.002 0.008 0.009 0.006 0.245 0.007 0.653 0.010 0.035 0.002 
458   ZFOS24    (0)   15 :  0.006 0.013 0.006 0.003 0.004 0.003 0.004 0.003 0.009 0.938 0.004 0.005 0.003 
459   ZFOS25    (0)   15 :  0.388 0.009 0.012 0.013 0.028 0.004 0.013 0.009 0.062 0.422 0.004 0.017 0.018 
460   ZFOS26    (0)   15 :  0.446 0.012 0.012 0.088 0.007 0.004 0.015 0.009 0.025 0.347 0.004 0.023 0.007 
461   ZFOS27    (0)   15 :  0.021 0.018 0.006 0.030 0.004 0.012 0.006 0.009 0.021 0.857 0.004 0.005 0.008 
462   ZFOS28    (0)   15 :  0.017 0.007 0.009 0.009 0.006 0.009 0.017 0.012 0.009 0.876 0.015 0.011 0.003 
463   ZFOS29    (0)   15 :  0.010 0.010 0.006 0.009 0.004 0.011 0.004 0.020 0.012 0.889 0.008 0.008 0.009 
464   ZFOS30    (0)   15 :  0.011 0.011 0.003 0.010 0.007 0.003 0.005 0.005 0.003 0.919 0.008 0.007 0.008 
465   ZFOS31    (0)   15 :  0.071 0.078 0.004 0.027 0.215 0.004 0.004 0.039 0.009 0.472 0.007 0.035 0.036 
466   ZFOS32    (0)   15 :  0.018 0.003 0.005 0.015 0.004 0.004 0.007 0.008 0.006 0.901 0.004 0.019 0.007 
467   ZFPB01    (0)   16 :  0.002 0.004 0.005 0.002 0.003 0.960 0.004 0.004 0.003 0.003 0.005 0.003 0.002 
468   ZFPB02    (0)   16 :  0.003 0.003 0.004 0.003 0.003 0.963 0.002 0.003 0.003 0.003 0.003 0.003 0.005 
469   ZFPB03    (0)   16 :  0.003 0.006 0.004 0.003 0.002 0.956 0.003 0.003 0.006 0.004 0.004 0.003 0.003 
470   ZFPB05    (0)   16 :  0.003 0.003 0.003 0.002 0.002 0.972 0.002 0.002 0.002 0.002 0.003 0.002 0.002 
471   ZFPB06    (0)   16 :  0.002 0.005 0.004 0.002 0.002 0.957 0.004 0.004 0.003 0.004 0.006 0.003 0.002 
472   ZFPB07    (0)   16 :  0.003 0.002 0.003 0.003 0.003 0.969 0.002 0.002 0.002 0.002 0.002 0.002 0.003 
473   ZFPB08    (0)   16 :  0.003 0.004 0.004 0.004 0.003 0.959 0.003 0.003 0.003 0.004 0.003 0.003 0.003 
474   ZFPB10    (0)   16 :  0.003 0.003 0.003 0.002 0.003 0.966 0.002 0.003 0.004 0.003 0.003 0.003 0.002 
475   ZFPB11    (0)   16 :  0.002 0.003 0.004 0.002 0.003 0.967 0.003 0.002 0.002 0.004 0.003 0.002 0.002 
476   ZFPB12    (0)   16 :  0.003 0.003 0.007 0.002 0.003 0.963 0.003 0.003 0.003 0.003 0.003 0.002 0.003 
477   ZFPB13    (0)   16 :  0.003 0.002 0.003 0.003 0.002 0.967 0.003 0.003 0.003 0.002 0.003 0.003 0.003 
478   ZFPB14    (0)   16 :  0.003 0.002 0.003 0.003 0.003 0.968 0.002 0.002 0.002 0.002 0.003 0.003 0.003 
479   ZFPB15    (0)   16 :  0.003 0.003 0.003 0.004 0.002 0.964 0.002 0.003 0.003 0.003 0.003 0.003 0.003 
480   ZFPB17    (0)   16 :  0.002 0.003 0.004 0.002 0.003 0.967 0.003 0.002 0.002 0.003 0.003 0.002 0.002 
481   ZFPB18    (0)   16 :  0.002 0.002 0.003 0.002 0.003 0.972 0.002 0.002 0.002 0.002 0.003 0.002 0.002 
482   ZFPB19    (0)   16 :  0.003 0.005 0.004 0.004 0.002 0.952 0.005 0.004 0.004 0.005 0.005 0.003 0.003 
483   ZFPB20    (0)   16 :  0.002 0.003 0.003 0.002 0.002 0.973 0.002 0.002 0.002 0.002 0.003 0.002 0.002 
484   ZFPB21    (0)   16 :  0.003 0.003 0.003 0.004 0.002 0.966 0.002 0.003 0.003 0.003 0.003 0.003 0.003 
485   ZFPB22    (0)   16 :  0.002 0.003 0.004 0.002 0.002 0.968 0.003 0.002 0.002 0.002 0.004 0.002 0.002 
486   ZFPB23    (0)   16 :  0.003 0.003 0.004 0.003 0.003 0.964 0.003 0.003 0.002 0.003 0.003 0.003 0.003 
487   ZFSF01    (0)   17 :  0.005 0.004 0.065 0.004 0.151 0.002 0.032 0.683 0.005 0.006 0.007 0.035 0.002 
488   ZFSF02    (0)   17 :  0.018 0.006 0.029 0.016 0.372 0.004 0.009 0.421 0.007 0.010 0.006 0.097 0.005 
489   ZFSF03    (0)   17 :  0.004 0.005 0.065 0.006 0.068 0.003 0.012 0.227 0.003 0.004 0.088 0.513 0.003 
490   ZFSF04    (0)   17 :  0.009 0.037 0.005 0.014 0.034 0.002 0.025 0.589 0.004 0.010 0.049 0.210 0.010 
491  ZFSW101    (0)   18 :  0.012 0.010 0.007 0.071 0.006 0.003 0.070 0.028 0.004 0.005 0.018 0.761 0.005 
492  ZFSW102    (0)   18 :  0.005 0.029 0.006 0.012 0.013 0.004 0.095 0.052 0.004 0.012 0.082 0.681 0.005 
493  ZFSW103    (0)   18 :  0.032 0.018 0.011 0.034 0.012 0.003 0.620 0.052 0.013 0.007 0.012 0.171 0.013 
494  ZFSW104    (9)   18 :  0.012 0.010 0.006 0.010 0.020 0.003 0.012 0.454 0.003 0.013 0.013 0.434 0.010 
495  ZFSW105    (0)   18 :  0.009 0.006 0.005 0.087 0.006 0.004 0.072 0.100 0.005 0.008 0.006 0.684 0.008 
496  ZFSW106    (0)   18 :  0.010 0.004 0.022 0.015 0.012 0.010 0.149 0.030 0.013 0.008 0.022 0.685 0.020 
497  ZFSW107    (0)   18 :  0.005 0.018 0.005 0.024 0.006 0.004 0.398 0.018 0.003 0.006 0.409 0.099 0.005 
498  ZFSW108    (0)   18 :  0.003 0.005 0.012 0.003 0.005 0.005 0.822 0.052 0.003 0.006 0.058 0.024 0.003 
499  ZFSW109    (0)   18 :  0.005 0.003 0.004 0.007 0.004 0.003 0.739 0.022 0.006 0.011 0.070 0.118 0.009 
500  ZFSW110    (0)   18 :  0.008 0.009 0.006 0.015 0.005 0.004 0.107 0.014 0.006 0.005 0.029 0.786 0.006 
501  ZFSW111    (0)   18 :  0.007 0.009 0.004 0.097 0.006 0.003 0.077 0.010 0.004 0.012 0.030 0.735 0.008 
502  ZFSW112    (0)   18 :  0.012 0.007 0.006 0.049 0.005 0.005 0.805 0.017 0.007 0.033 0.005 0.039 0.010 
503  ZFSW113    (0)   18 :  0.023 0.005 0.008 0.023 0.019 0.003 0.019 0.093 0.005 0.007 0.004 0.786 0.004 
504  ZFSW114    (0)   18 :  0.010 0.006 0.005 0.019 0.012 0.002 0.706 0.019 0.003 0.011 0.021 0.175 0.011 
505  ZFSW115    (0)   18 :  0.004 0.006 0.005 0.006 0.007 0.002 0.040 0.012 0.003 0.005 0.005 0.901 0.004 
506  ZFSW116    (0)   18 :  0.014 0.022 0.010 0.055 0.020 0.008 0.036 0.063 0.007 0.007 0.065 0.685 0.009 
507  ZFSW117    (0)   18 :  0.011 0.009 0.007 0.024 0.015 0.005 0.030 0.021 0.007 0.007 0.026 0.830 0.011 
508  ZFSW119    (0)   18 :  0.003 0.010 0.007 0.004 0.021 0.003 0.459 0.070 0.003 0.019 0.017 0.383 0.003 
509  ZFSW120    (0)   18 :  0.002 0.005 0.006 0.003 0.010 0.003 0.039 0.222 0.002 0.005 0.218 0.484 0.002 
510  ZFSW121    (0)   18 :  0.003 0.005 0.003 0.005 0.010 0.003 0.019 0.017 0.002 0.005 0.019 0.903 0.004 
511  ZFSW122    (0)   18 :  0.013 0.005 0.007 0.015 0.004 0.003 0.029 0.491 0.014 0.008 0.077 0.320 0.015 
512  ZFSW123    (0)   18 :  0.003 0.003 0.008 0.009 0.003 0.004 0.411 0.329 0.003 0.006 0.126 0.092 0.003 
513  ZFSW124    (0)   18 :  0.003 0.006 0.007 0.004 0.004 0.003 0.020 0.881 0.003 0.010 0.012 0.043 0.003 
514  ZFSW201    (0)   19 :  0.003 0.007 0.010 0.003 0.007 0.006 0.628 0.192 0.005 0.005 0.124 0.006 0.003 
515  ZFSW202    (0)   19 :  0.003 0.007 0.004 0.003 0.009 0.005 0.930 0.009 0.003 0.005 0.008 0.011 0.003 
516  ZFSW203    (0)   19 :  0.003 0.006 0.008 0.003 0.005 0.005 0.880 0.028 0.003 0.008 0.036 0.013 0.003 
517  ZFSW204    (0)   19 :  0.003 0.019 0.008 0.003 0.005 0.005 0.906 0.008 0.003 0.007 0.023 0.007 0.003 
518  ZFSW205    (0)   19 :  0.004 0.003 0.004 0.004 0.004 0.003 0.946 0.014 0.004 0.004 0.004 0.005 0.002 
519  ZFSW206    (0)   19 :  0.003 0.003 0.005 0.003 0.004 0.003 0.959 0.004 0.003 0.003 0.003 0.003 0.002 
520  ZFSW207    (0)   19 :  0.006 0.005 0.006 0.005 0.004 0.003 0.922 0.014 0.008 0.004 0.006 0.010 0.006 
521  ZFSW208    (0)   19 :  0.003 0.004 0.006 0.003 0.006 0.003 0.937 0.006 0.005 0.003 0.016 0.005 0.003 
522  ZFSW209    (0)   19 :  0.003 0.003 0.061 0.003 0.005 0.003 0.863 0.006 0.004 0.004 0.005 0.033 0.009 
523  ZFSW210    (0)   19 :  0.010 0.005 0.005 0.009 0.005 0.003 0.918 0.004 0.021 0.004 0.005 0.005 0.008 
524  ZFSW211    (0)   19 :  0.005 0.005 0.009 0.004 0.006 0.003 0.943 0.005 0.006 0.003 0.004 0.004 0.002 
525  ZFSW212    (0)   19 :  0.004 0.003 0.004 0.004 0.004 0.002 0.956 0.005 0.004 0.004 0.004 0.003 0.002 
526  ZFSW213    (0)   19 :  0.003 0.004 0.003 0.003 0.004 0.002 0.958 0.004 0.003 0.004 0.004 0.003 0.003 
527  ZFSW214    (0)   19 :  0.003 0.003 0.004 0.004 0.004 0.002 0.955 0.005 0.003 0.005 0.004 0.005 0.002 
528  ZFSW215    (0)   19 :  0.003 0.002 0.005 0.003 0.003 0.004 0.941 0.012 0.002 0.005 0.006 0.011 0.003 
529  ZFSW216    (0)   19 :  0.005 0.004 0.004 0.004 0.005 0.002 0.953 0.005 0.005 0.004 0.004 0.004 0.002 
530  ZFSW217    (0)   19 :  0.003 0.003 0.004 0.004 0.004 0.003 0.947 0.010 0.003 0.006 0.006 0.005 0.003 
531  ZFSW218    (0)   19 :  0.003 0.003 0.003 0.003 0.003 0.002 0.962 0.004 0.003 0.003 0.004 0.003 0.002 
532  ZFSW219    (0)   19 :  0.004 0.020 0.013 0.004 0.007 0.004 0.908 0.006 0.004 0.007 0.012 0.009 0.002 
533  ZFSW220    (0)   19 :  0.003 0.006 0.010 0.003 0.005 0.011 0.931 0.005 0.003 0.004 0.010 0.007 0.002 
534  ZFSW221    (0)   19 :  0.004 0.005 0.006 0.004 0.006 0.003 0.949 0.005 0.005 0.004 0.004 0.004 0.003 
535  ZFSW222    (0)   19 :  0.002 0.002 0.003 0.002 0.005 0.003 0.954 0.008 0.002 0.003 0.005 0.007 0.002 
536  ZFSW223    (0)   19 :  0.002 0.005 0.010 0.003 0.005 0.011 0.935 0.004 0.003 0.004 0.008 0.005 0.003 
537  ZFSW224    (0)   19 :  0.004 0.004 0.005 0.004 0.006 0.003 0.951 0.004 0.005 0.004 0.004 0.004 0.003 
538  ZFSW225    (0)   19 :  0.004 0.004 0.007 0.003 0.005 0.005 0.941 0.010 0.005 0.004 0.007 0.004 0.002 
539  ZFSW226    (0)   19 :  0.007 0.003 0.007 0.013 0.003 0.011 0.855 0.050 0.008 0.005 0.019 0.010 0.008 
540  ZFSW227    (0)   19 :  0.003 0.003 0.004 0.003 0.004 0.003 0.957 0.005 0.003 0.003 0.005 0.003 0.002 
541  ZFSW229    (0)   19 :  0.004 0.003 0.005 0.003 0.004 0.003 0.955 0.006 0.004 0.003 0.005 0.004 0.002 
542  ZFSW230    (0)   19 :  0.016 0.004 0.004 0.023 0.004 0.010 0.904 0.010 0.004 0.009 0.003 0.005 0.005 
543  ZFSW231    (0)   19 :  0.004 0.004 0.006 0.003 0.005 0.004 0.950 0.006 0.004 0.004 0.005 0.004 0.002 
544  ZFSW232    (0)   19 :  0.004 0.003 0.004 0.004 0.009 0.003 0.929 0.018 0.004 0.003 0.004 0.013 0.003 
545  ZFSW233    (0)   19 :  0.009 0.010 0.013 0.012 0.012 0.007 0.830 0.008 0.004 0.006 0.029 0.052 0.008 
546  ZFSW234    (0)   19 :  0.002 0.003 0.004 0.002 0.003 0.004 0.956 0.006 0.003 0.003 0.007 0.004 0.002 
547  ZFSW235    (0)   19 :  0.003 0.009 0.005 0.004 0.008 0.004 0.935 0.007 0.005 0.006 0.006 0.004 0.003 
548  ZFSW236    (0)   19 :  0.003 0.003 0.003 0.003 0.003 0.002 0.962 0.005 0.003 0.004 0.004 0.003 0.002 
549  ZFSW237    (0)   19 :  0.003 0.007 0.005 0.004 0.006 0.002 0.928 0.011 0.004 0.008 0.009 0.008 0.003 
550  ZFSW238    (0)   19 :  0.008 0.024 0.043 0.006 0.068 0.008 0.691 0.012 0.002 0.054 0.011 0.051 0.020 
551  ZFSW239    (0)   19 :  0.014 0.003 0.004 0.017 0.003 0.012 0.888 0.022 0.004 0.007 0.015 0.008 0.004 
552  ZFSW240    (0)   19 :  0.003 0.005 0.005 0.002 0.004 0.004 0.928 0.015 0.003 0.004 0.020 0.005 0.002 
553   ZFTS01    (0)   20 :  0.004 0.003 0.005 0.004 0.003 0.005 0.003 0.005 0.003 0.002 0.954 0.007 0.003 
554   ZFTS02    (0)   20 :  0.004 0.008 0.003 0.004 0.005 0.003 0.004 0.003 0.003 0.003 0.952 0.004 0.004 
555   ZFTS03    (0)   20 :  0.003 0.005 0.004 0.003 0.004 0.003 0.006 0.004 0.003 0.003 0.955 0.004 0.003 
556   ZFTS04    (0)   20 :  0.002 0.004 0.003 0.003 0.003 0.004 0.003 0.003 0.002 0.003 0.962 0.004 0.003 
557   ZFTS05    (0)   20 :  0.004 0.040 0.009 0.004 0.006 0.019 0.006 0.006 0.003 0.004 0.891 0.005 0.003 
558   ZFTS07    (0)   20 :  0.002 0.005 0.006 0.003 0.005 0.010 0.005 0.005 0.003 0.003 0.946 0.004 0.002 
559   ZFTS08    (0)   20 :  0.003 0.004 0.004 0.003 0.004 0.004 0.006 0.005 0.002 0.004 0.954 0.004 0.002 
560   ZFTS09    (0)   20 :  0.003 0.003 0.007 0.002 0.003 0.006 0.007 0.005 0.002 0.003 0.951 0.005 0.002 
561   ZFTS10    (0)   20 :  0.005 0.016 0.008 0.004 0.007 0.004 0.012 0.033 0.005 0.004 0.896 0.005 0.003 
562   ZFTS11    (0)   20 :  0.003 0.004 0.007 0.003 0.004 0.004 0.007 0.005 0.003 0.003 0.948 0.007 0.002 
563   ZFTS12    (0)   20 :  0.003 0.005 0.005 0.003 0.004 0.006 0.005 0.004 0.004 0.005 0.949 0.004 0.003 
564   ZFTS14    (0)   20 :  0.003 0.004 0.005 0.003 0.006 0.006 0.004 0.003 0.003 0.003 0.955 0.004 0.003 
565   ZFTS15    (0)   20 :  0.004 0.006 0.007 0.004 0.004 0.005 0.004 0.004 0.003 0.002 0.949 0.006 0.002 
566   ZFTS16    (0)   20 :  0.008 0.023 0.008 0.009 0.005 0.005 0.011 0.084 0.007 0.005 0.821 0.010 0.005 
567   ZFTS17    (9)   20 :  0.008 0.010 0.017 0.004 0.007 0.012 0.028 0.015 0.011 0.005 0.872 0.008 0.003 
568   ZFTS18    (0)   20 :  0.002 0.004 0.004 0.003 0.004 0.003 0.008 0.005 0.003 0.004 0.955 0.003 0.003 
569   ZFTS19    (9)   20 :  0.004 0.005 0.006 0.003 0.005 0.007 0.064 0.077 0.005 0.005 0.811 0.006 0.002 
570   ZFTS20    (0)   20 :  0.003 0.006 0.007 0.003 0.007 0.005 0.014 0.007 0.004 0.006 0.933 0.004 0.003 
571   ZFTS21    (0)   20 :  0.002 0.004 0.005 0.002 0.004 0.005 0.006 0.004 0.003 0.003 0.955 0.004 0.003 
572   ZFTS22    (0)   20 :  0.002 0.004 0.008 0.002 0.004 0.005 0.008 0.006 0.003 0.005 0.945 0.004 0.002 
573   ZFTS23    (0)   20 :  0.003 0.007 0.004 0.003 0.005 0.005 0.004 0.004 0.003 0.004 0.952 0.004 0.003 
574   ZFTS24    (0)   20 :  0.003 0.005 0.004 0.003 0.003 0.004 0.006 0.004 0.003 0.004 0.955 0.004 0.003 
575   ZFTS25    (0)   20 :  0.008 0.004 0.010 0.005 0.007 0.005 0.011 0.012 0.005 0.002 0.922 0.007 0.003 
576   ZFTS26    (0)   20 :  0.003 0.003 0.005 0.003 0.004 0.004 0.042 0.027 0.004 0.003 0.895 0.005 0.002 
577   ZFTS27    (0)   20 :  0.004 0.018 0.007 0.005 0.005 0.022 0.006 0.010 0.003 0.004 0.906 0.006 0.003 
578   ZFTS28    (0)   20 :  0.009 0.028 0.011 0.015 0.012 0.022 0.010 0.012 0.006 0.008 0.853 0.010 0.006 
579   ZFTS29    (0)   20 :  0.003 0.012 0.016 0.002 0.006 0.015 0.020 0.016 0.003 0.005 0.895 0.006 0.002 
580   ZFTS30    (0)   20 :  0.003 0.012 0.009 0.003 0.006 0.010 0.008 0.010 0.003 0.003 0.926 0.005 0.002 
581   ZFTS31    (0)   20 :  0.003 0.020 0.005 0.003 0.004 0.008 0.005 0.004 0.003 0.004 0.935 0.004 0.003 
582   ZFTS32    (0)   20 :  0.004 0.010 0.009 0.004 0.004 0.006 0.007 0.005 0.004 0.003 0.934 0.007 0.002 
583   ZFTS33    (0)   20 :  0.005 0.006 0.008 0.005 0.006 0.005 0.009 0.004 0.004 0.003 0.934 0.007 0.003 
584   ZFTS34    (0)   20 :  0.004 0.003 0.003 0.005 0.004 0.004 0.004 0.007 0.003 0.003 0.953 0.004 0.004 
585   ZFTS35    (0)   20 :  0.004 0.008 0.004 0.004 0.007 0.003 0.008 0.009 0.003 0.003 0.940 0.005 0.003 
586   ZFTS36    (0)   20 :  0.003 0.004 0.004 0.003 0.004 0.005 0.004 0.004 0.003 0.003 0.958 0.004 0.003 
587   ZFTS37    (0)   20 :  0.003 0.011 0.005 0.004 0.006 0.004 0.011 0.007 0.003 0.004 0.935 0.005 0.003 
588   ZFTS38    (0)   20 :  0.003 0.015 0.007 0.003 0.008 0.005 0.012 0.012 0.003 0.004 0.920 0.006 0.002 
589   ZFTS39    (0)   20 :  0.004 0.003 0.007 0.005 0.005 0.007 0.009 0.011 0.005 0.005 0.928 0.006 0.004 
590   ZFTS40    (0)   20 :  0.009 0.048 0.012 0.013 0.010 0.007 0.005 0.012 0.006 0.004 0.857 0.009 0.006 
591 ZFTSP101    (0)   21 :  0.535 0.008 0.004 0.239 0.004 0.003 0.004 0.004 0.170 0.010 0.002 0.006 0.010 
592 ZFTSP102    (0)   21 :  0.077 0.018 0.005 0.014 0.022 0.002 0.008 0.005 0.823 0.008 0.004 0.006 0.007 
593 ZFTSP103    (0)   21 :  0.267 0.005 0.005 0.019 0.019 0.002 0.004 0.004 0.589 0.055 0.002 0.012 0.017 
594 ZFTSP104    (0)   21 :  0.952 0.004 0.003 0.009 0.005 0.003 0.003 0.002 0.005 0.003 0.002 0.003 0.008 
595 ZFTSP105    (0)   21 :  0.788 0.005 0.003 0.013 0.014 0.003 0.004 0.004 0.145 0.009 0.002 0.003 0.008 
596 ZFTSP106    (0)   21 :  0.280 0.005 0.008 0.368 0.018 0.007 0.004 0.005 0.016 0.006 0.003 0.009 0.270 
597 ZFTSP107    (0)   21 :  0.907 0.004 0.005 0.006 0.017 0.003 0.003 0.003 0.030 0.008 0.003 0.004 0.008 
598 ZFTSP108    (0)   21 :  0.288 0.007 0.015 0.023 0.031 0.006 0.003 0.003 0.080 0.010 0.004 0.009 0.521 
599 ZFTSP109    (0)   21 :  0.870 0.006 0.006 0.012 0.054 0.003 0.004 0.003 0.005 0.009 0.003 0.005 0.021 
600 ZFTSP110    (0)   21 :  0.884 0.004 0.006 0.058 0.007 0.003 0.003 0.003 0.012 0.006 0.003 0.005 0.006 
601 ZFTSP111    (0)   21 :  0.878 0.007 0.004 0.042 0.004 0.002 0.003 0.003 0.042 0.004 0.003 0.003 0.005 
602 ZFTSP112    (0)   21 :  0.848 0.023 0.006 0.032 0.009 0.008 0.004 0.004 0.035 0.013 0.005 0.006 0.007 
603 ZFTSP113    (0)   21 :  0.915 0.005 0.005 0.009 0.021 0.003 0.004 0.003 0.009 0.007 0.003 0.005 0.011 
604 ZFTSP114    (0)   21 :  0.916 0.005 0.003 0.006 0.005 0.003 0.003 0.002 0.040 0.006 0.002 0.003 0.005 
605 ZFTSP115    (0)   21 :  0.860 0.014 0.005 0.031 0.016 0.008 0.003 0.004 0.014 0.015 0.004 0.006 0.019 
606 ZFTSP116    (0)   21 :  0.827 0.012 0.005 0.038 0.008 0.002 0.004 0.003 0.082 0.007 0.003 0.004 0.005 
607 ZFTSP117    (0)   21 :  0.943 0.003 0.003 0.008 0.003 0.003 0.003 0.003 0.017 0.003 0.003 0.003 0.005 
608 ZFTSP118    (0)   21 :  0.859 0.005 0.003 0.007 0.004 0.003 0.004 0.005 0.096 0.006 0.003 0.003 0.004 
609 ZFTSP119    (0)   21 :  0.272 0.005 0.013 0.023 0.037 0.006 0.019 0.037 0.051 0.005 0.009 0.016 0.506 
610 ZFTSP120    (0)   21 :  0.805 0.003 0.002 0.065 0.003 0.003 0.003 0.006 0.093 0.006 0.002 0.004 0.004 
611 ZFTSP121    (0)   21 :  0.147 0.005 0.052 0.005 0.012 0.014 0.006 0.009 0.694 0.004 0.016 0.011 0.024 
612 ZFTSP122    (0)   21 :  0.833 0.006 0.003 0.022 0.006 0.003 0.002 0.003 0.074 0.012 0.002 0.004 0.029 
613 ZFTSP123    (0)   21 :  0.950 0.003 0.003 0.009 0.005 0.004 0.002 0.002 0.006 0.003 0.002 0.003 0.009 
614 ZFTSP124    (0)   21 :  0.920 0.004 0.003 0.029 0.006 0.003 0.002 0.002 0.006 0.007 0.002 0.004 0.011 
615 ZFTSP125    (0)   21 :  0.912 0.002 0.003 0.010 0.007 0.003 0.002 0.002 0.010 0.004 0.002 0.004 0.039 
616 ZFTSP126    (0)   21 :  0.899 0.005 0.005 0.025 0.011 0.004 0.004 0.003 0.019 0.005 0.003 0.004 0.014 
617 ZFTSP127    (0)   21 :  0.931 0.004 0.003 0.010 0.008 0.003 0.002 0.002 0.008 0.006 0.003 0.003 0.017 
618 ZFTSP128    (0)   21 :  0.924 0.003 0.004 0.010 0.005 0.004 0.003 0.002 0.027 0.005 0.003 0.004 0.006 
619 ZFTSP129    (0)   21 :  0.907 0.005 0.003 0.036 0.004 0.002 0.003 0.002 0.008 0.013 0.002 0.004 0.010 
620 ZFTSP130    (0)   21 :  0.944 0.003 0.003 0.006 0.006 0.003 0.002 0.002 0.014 0.004 0.002 0.003 0.008 
621 ZFTSP131    (0)   21 :  0.947 0.003 0.002 0.011 0.004 0.002 0.002 0.003 0.010 0.005 0.002 0.003 0.007 
622 ZFTSP132    (0)   21 :  0.817 0.020 0.005 0.043 0.005 0.003 0.005 0.004 0.077 0.007 0.003 0.004 0.007 
623 ZFTSP133    (0)   21 :  0.621 0.005 0.003 0.027 0.006 0.004 0.003 0.004 0.024 0.023 0.002 0.004 0.275 
624 ZFTSP134    (0)   21 :  0.883 0.007 0.004 0.010 0.005 0.002 0.003 0.002 0.033 0.009 0.002 0.004 0.035 
625 ZFTSP135    (0)   21 :  0.916 0.003 0.002 0.014 0.006 0.003 0.003 0.004 0.035 0.004 0.002 0.003 0.005 
626 ZFTSP136    (0)   21 :  0.755 0.003 0.003 0.076 0.005 0.003 0.003 0.005 0.127 0.004 0.003 0.003 0.011 
627 ZFTSP137    (0)   21 :  0.558 0.005 0.020 0.080 0.021 0.037 0.006 0.012 0.178 0.011 0.019 0.014 0.040 
628 ZFTSP138    (0)   21 :  0.860 0.006 0.004 0.059 0.007 0.004 0.003 0.003 0.031 0.006 0.004 0.004 0.007 
629 ZFTSP139    (0)   21 :  0.866 0.003 0.003 0.051 0.004 0.003 0.002 0.003 0.023 0.004 0.002 0.003 0.034 
630 ZFTSP140    (0)   21 :  0.813 0.021 0.007 0.035 0.035 0.015 0.005 0.004 0.028 0.014 0.008 0.006 0.008 
631 ZFTSP141    (0)   21 :  0.158 0.033 0.006 0.042 0.027 0.008 0.005 0.005 0.565 0.013 0.005 0.007 0.125 
632 ZFTSP142    (0)   21 :  0.562 0.006 0.005 0.037 0.010 0.002 0.005 0.004 0.348 0.005 0.003 0.005 0.008 
633 ZFTSP143    (0)   21 :  0.892 0.004 0.003 0.032 0.006 0.002 0.004 0.004 0.027 0.008 0.003 0.004 0.011 
634 ZFTSP144    (0)   21 :  0.859 0.007 0.004 0.024 0.008 0.003 0.007 0.005 0.063 0.007 0.003 0.004 0.005 
635 ZFTSP145    (0)   21 :  0.429 0.006 0.003 0.022 0.007 0.004 0.003 0.003 0.483 0.008 0.002 0.004 0.025 
636 ZFTSP201    (9)   22 :  0.160 0.041 0.007 0.636 0.015 0.005 0.005 0.003 0.016 0.024 0.004 0.005 0.079 
637 ZFTSP202    (0)   22 :  0.172 0.162 0.009 0.069 0.005 0.046 0.003 0.005 0.294 0.014 0.005 0.003 0.214 
638 ZFTSP203    (0)   22 :  0.293 0.015 0.005 0.587 0.004 0.003 0.005 0.004 0.058 0.009 0.003 0.004 0.009 
639 ZFTSP204    (0)   22 :  0.560 0.006 0.004 0.260 0.003 0.002 0.007 0.004 0.126 0.014 0.002 0.004 0.007 
640 ZFTSP205    (0)   22 :  0.230 0.057 0.011 0.440 0.004 0.011 0.010 0.005 0.166 0.045 0.004 0.006 0.011 
641 ZFTSP206    (0)   22 :  0.058 0.022 0.004 0.808 0.007 0.003 0.008 0.004 0.022 0.032 0.003 0.008 0.022 
642 ZFTSP207    (0)   22 :  0.026 0.004 0.004 0.924 0.005 0.002 0.006 0.004 0.005 0.005 0.003 0.007 0.005 
643 ZFTSP208    (0)   22 :  0.020 0.007 0.005 0.889 0.005 0.003 0.007 0.009 0.039 0.005 0.003 0.006 0.004 
644 ZFTSP209    (0)   22 :  0.826 0.006 0.003 0.083 0.007 0.003 0.004 0.004 0.024 0.013 0.003 0.004 0.020 
645 ZFTSP210    (0)   22 :  0.677 0.006 0.005 0.266 0.005 0.003 0.004 0.004 0.009 0.004 0.003 0.004 0.010 
646 ZFTSP211    (0)   22 :  0.872 0.031 0.008 0.022 0.004 0.019 0.004 0.006 0.012 0.009 0.005 0.004 0.004 
647 ZFTSP212    (0)   22 :  0.606 0.004 0.003 0.283 0.003 0.002 0.008 0.002 0.041 0.009 0.002 0.006 0.031 
648 ZFTSP213    (0)   22 :  0.900 0.003 0.006 0.040 0.006 0.006 0.002 0.002 0.019 0.003 0.003 0.003 0.006 
649 ZFTSP214    (0)   22 :  0.264 0.005 0.005 0.029 0.019 0.003 0.004 0.004 0.575 0.046 0.002 0.012 0.031 
650 ZFTSP215    (0)   22 :  0.061 0.007 0.004 0.308 0.004 0.003 0.003 0.004 0.589 0.006 0.003 0.004 0.004 
651 ZFTSP216    (0)   22 :  0.572 0.028 0.034 0.065 0.005 0.089 0.005 0.014 0.141 0.013 0.010 0.014 0.009 
652 ZFTSP217    (0)   22 :  0.923 0.004 0.006 0.027 0.007 0.004 0.003 0.003 0.008 0.003 0.003 0.003 0.007 
653 ZFTSP218    (0)   22 :  0.720 0.003 0.004 0.206 0.009 0.003 0.004 0.005 0.021 0.005 0.003 0.006 0.010 
654 ZFTSP219    (0)   22 :  0.635 0.022 0.007 0.204 0.024 0.006 0.008 0.008 0.037 0.019 0.005 0.011 0.015 
655 ZFTSP220    (0)   22 :  0.295 0.009 0.019 0.336 0.009 0.063 0.005 0.010 0.177 0.015 0.017 0.009 0.038 
656 ZFTSP221    (0)   22 :  0.103 0.025 0.012 0.562 0.012 0.006 0.004 0.003 0.202 0.007 0.004 0.005 0.052 
657 ZFTSP222    (0)   22 :  0.571 0.028 0.087 0.134 0.010 0.110 0.004 0.004 0.006 0.005 0.012 0.007 0.022 
658 ZFTSP223    (0)   22 :  0.934 0.003 0.003 0.008 0.004 0.003 0.002 0.002 0.030 0.003 0.002 0.003 0.004 
659 ZFTSP224    (0)   22 :  0.684 0.006 0.004 0.007 0.004 0.003 0.002 0.002 0.257 0.006 0.002 0.003 0.019 
660 ZFTSP225    (0)   22 :  0.742 0.004 0.005 0.062 0.007 0.003 0.004 0.004 0.106 0.004 0.002 0.003 0.055 
661 ZFTSP226    (0)   22 :  0.836 0.005 0.004 0.007 0.006 0.002 0.003 0.003 0.113 0.005 0.002 0.003 0.010 
662 ZFTSP227    (0)   22 :  0.353 0.027 0.015 0.512 0.007 0.023 0.004 0.004 0.006 0.010 0.006 0.005 0.028 
663 ZFTSP228    (0)   22 :  0.682 0.081 0.012 0.069 0.006 0.016 0.004 0.006 0.092 0.016 0.005 0.004 0.006 
664    ZFW01    (0)   23 :  0.009 0.002 0.004 0.014 0.004 0.004 0.724 0.158 0.005 0.005 0.005 0.062 0.005 
665    ZFW02    (0)   23 :  0.003 0.004 0.004 0.006 0.006 0.005 0.899 0.025 0.002 0.006 0.004 0.034 0.003 
666    ZFW03    (0)   23 :  0.007 0.003 0.006 0.005 0.005 0.003 0.731 0.187 0.014 0.003 0.003 0.030 0.002 
667    ZFW04    (0)   23 :  0.003 0.004 0.006 0.005 0.006 0.008 0.455 0.464 0.003 0.014 0.009 0.019 0.003 
668    ZFW05    (0)   23 :  0.007 0.006 0.095 0.004 0.014 0.003 0.017 0.700 0.017 0.012 0.005 0.098 0.021 
669    ZFW06    (0)   23 :  0.004 0.008 0.026 0.005 0.004 0.049 0.353 0.507 0.003 0.008 0.008 0.020 0.002 
670   ZFWB01    (0)   24 :  0.006 0.016 0.005 0.006 0.923 0.004 0.006 0.005 0.005 0.005 0.008 0.005 0.007 
671   ZFWB02    (0)   24 :  0.017 0.006 0.101 0.008 0.546 0.003 0.038 0.172 0.021 0.007 0.004 0.072 0.004 
672   ZFWB03    (0)   24 :  0.005 0.003 0.003 0.004 0.954 0.002 0.005 0.006 0.004 0.005 0.003 0.003 0.004 
673   ZFWB05    (0)   24 :  0.019 0.006 0.008 0.021 0.579 0.008 0.011 0.032 0.010 0.005 0.086 0.162 0.053 
674   ZFWB06    (0)   24 :  0.006 0.011 0.006 0.006 0.908 0.004 0.015 0.008 0.008 0.004 0.011 0.008 0.005 
675   ZFWB07    (0)   24 :  0.004 0.005 0.010 0.005 0.928 0.006 0.006 0.004 0.004 0.006 0.006 0.010 0.007 
676   ZFWB10    (0)   24 :  0.013 0.008 0.007 0.009 0.769 0.012 0.017 0.024 0.010 0.004 0.039 0.040 0.048 
677   ZFWB11    (0)   24 :  0.004 0.006 0.006 0.003 0.940 0.006 0.004 0.004 0.003 0.005 0.009 0.005 0.005 
678   ZFWB12    (0)   24 :  0.015 0.003 0.005 0.004 0.892 0.003 0.005 0.021 0.034 0.005 0.002 0.006 0.004 
679   ZFWB13    (9)   24 :  0.034 0.011 0.006 0.016 0.716 0.005 0.005 0.007 0.114 0.019 0.004 0.025 0.039 
680   ZFWB14    (0)   24 :  0.007 0.006 0.004 0.005 0.944 0.003 0.005 0.003 0.004 0.003 0.005 0.005 0.006 
681   ZFWB15    (9)   24 :  0.006 0.005 0.007 0.006 0.919 0.004 0.005 0.010 0.004 0.005 0.006 0.016 0.007 
682   ZFWB18    (0)   24 :  0.006 0.006 0.004 0.004 0.952 0.003 0.003 0.002 0.004 0.004 0.003 0.004 0.004 
683   ZFWB19    (0)   24 :  0.003 0.005 0.011 0.004 0.927 0.004 0.005 0.013 0.003 0.004 0.005 0.013 0.003 
684   ZFWB20    (0)   24 :  0.006 0.006 0.004 0.004 0.941 0.003 0.005 0.005 0.005 0.003 0.005 0.008 0.003 
685   ZFWB21    (0)   24 :  0.005 0.010 0.009 0.005 0.932 0.004 0.005 0.004 0.004 0.006 0.004 0.008 0.004 
686   ZFWB22    (0)   24 :  0.041 0.010 0.011 0.008 0.804 0.005 0.010 0.034 0.047 0.004 0.005 0.019 0.003 
687   ZFWB23    (0)   24 :  0.031 0.035 0.007 0.029 0.690 0.005 0.005 0.005 0.046 0.011 0.006 0.035 0.094 
688   ZFWB24    (0)   24 :  0.007 0.011 0.004 0.004 0.941 0.002 0.002 0.007 0.004 0.003 0.003 0.006 0.006 
689   ZFWB25    (0)   24 :  0.006 0.015 0.005 0.005 0.915 0.004 0.008 0.009 0.004 0.004 0.011 0.008 0.005 
690   ZFWB26    (0)   24 :  0.008 0.005 0.011 0.005 0.922 0.003 0.015 0.007 0.008 0.003 0.005 0.006 0.002 
691   ZFWB27    (0)   24 :  0.008 0.008 0.024 0.006 0.905 0.003 0.014 0.004 0.010 0.004 0.006 0.006 0.003 
692   ZFWB29    (0)   24 :  0.004 0.010 0.009 0.003 0.854 0.003 0.007 0.063 0.003 0.005 0.013 0.021 0.004 
693   ZFWB30    (0)   24 :  0.004 0.023 0.011 0.004 0.897 0.005 0.003 0.007 0.003 0.010 0.011 0.017 0.005 
694   ZFWB31    (0)   24 :  0.006 0.005 0.004 0.004 0.953 0.003 0.004 0.002 0.005 0.004 0.003 0.003 0.004 
695   ZFWB32    (9)   24 :  0.005 0.005 0.015 0.005 0.860 0.010 0.029 0.014 0.004 0.009 0.018 0.021 0.004 
696   ZFWB35    (0)   24 :  0.006 0.004 0.005 0.004 0.956 0.002 0.004 0.002 0.005 0.004 0.003 0.003 0.003 
697   ZFWB36    (0)   24 :  0.005 0.007 0.011 0.004 0.929 0.003 0.012 0.005 0.008 0.004 0.004 0.004 0.004 
698   ZFWB37    (0)   24 :  0.008 0.004 0.007 0.005 0.938 0.003 0.009 0.004 0.008 0.004 0.004 0.004 0.003 
699   ZFWB38    (0)   24 :  0.006 0.004 0.006 0.004 0.939 0.003 0.012 0.005 0.004 0.003 0.005 0.005 0.004 
700   ZFWB39    (9)   24 :  0.005 0.011 0.005 0.005 0.938 0.003 0.005 0.003 0.006 0.006 0.004 0.004 0.005 
701   ZFWB40    (0)   24 :  0.004 0.009 0.007 0.004 0.925 0.004 0.004 0.004 0.003 0.007 0.009 0.012 0.006 
702   ZFWB41    (9)   24 :  0.007 0.006 0.007 0.006 0.925 0.005 0.006 0.006 0.006 0.006 0.006 0.008 0.007 
703   ZFWB42    (0)   24 :  0.004 0.004 0.003 0.004 0.959 0.002 0.003 0.002 0.003 0.004 0.003 0.004 0.005 
704   ZFWB43    (0)   24 :  0.004 0.004 0.006 0.003 0.957 0.003 0.004 0.002 0.004 0.003 0.003 0.003 0.003 
705   ZFWB44    (0)   24 :  0.006 0.005 0.259 0.005 0.297 0.005 0.384 0.012 0.007 0.005 0.006 0.007 0.003 
706   ZFWB46    (0)   24 :  0.004 0.023 0.013 0.003 0.915 0.002 0.005 0.007 0.003 0.005 0.007 0.009 0.004 
707   ZFWB47    (9)   24 :  0.006 0.004 0.023 0.005 0.844 0.007 0.049 0.017 0.005 0.007 0.012 0.016 0.005 
708   ZFWB48    (0)   24 :  0.005 0.054 0.035 0.004 0.765 0.003 0.004 0.005 0.003 0.006 0.008 0.007 0.101 
709   ZFWB49    (0)   24 :  0.144 0.011 0.021 0.022 0.699 0.002 0.004 0.005 0.005 0.006 0.007 0.008 0.065 
710    ZCF01    (0)   25 :  0.007 0.022 0.815 0.003 0.019 0.052 0.007 0.023 0.026 0.004 0.012 0.007 0.002 
711    ZCF02    (0)   25 :  0.004 0.005 0.604 0.003 0.075 0.014 0.011 0.224 0.004 0.004 0.027 0.019 0.004 
712    ZCF03    (0)   25 :  0.012 0.007 0.671 0.008 0.076 0.159 0.009 0.009 0.008 0.006 0.019 0.014 0.003 
713    ZCF04    (0)   25 :  0.006 0.005 0.882 0.007 0.003 0.067 0.003 0.006 0.004 0.005 0.003 0.005 0.004 
714    ZCF05    (0)   25 :  0.003 0.005 0.860 0.002 0.008 0.004 0.012 0.019 0.003 0.006 0.025 0.050 0.003 
715    ZCF06    (0)   25 :  0.012 0.029 0.838 0.007 0.006 0.018 0.003 0.004 0.009 0.048 0.007 0.012 0.007 
716    ZCF07    (0)   25 :  0.005 0.004 0.907 0.003 0.023 0.004 0.008 0.012 0.015 0.003 0.005 0.009 0.003 
717    ZCF08    (0)   25 :  0.005 0.005 0.894 0.003 0.027 0.011 0.004 0.019 0.009 0.004 0.004 0.006 0.007 
718    ZCF09    (0)   25 :  0.063 0.041 0.458 0.036 0.007 0.145 0.002 0.007 0.077 0.031 0.012 0.011 0.111 
719    ZCF10    (0)   25 :  0.028 0.013 0.848 0.008 0.021 0.008 0.015 0.008 0.017 0.006 0.010 0.007 0.011 
720    ZCF11    (0)   25 :  0.009 0.004 0.905 0.009 0.017 0.006 0.013 0.007 0.008 0.004 0.006 0.008 0.004 
721    ZCF12    (0)   25 :  0.003 0.016 0.908 0.003 0.004 0.021 0.004 0.007 0.002 0.003 0.014 0.008 0.005 
722    ZCF13    (0)   25 :  0.003 0.003 0.898 0.004 0.012 0.005 0.016 0.008 0.005 0.005 0.016 0.006 0.020 
723    ZCF14    (0)   25 :  0.010 0.153 0.368 0.017 0.009 0.009 0.010 0.014 0.007 0.007 0.031 0.353 0.012 
724    ZCF15    (0)   25 :  0.006 0.008 0.876 0.004 0.035 0.012 0.007 0.004 0.003 0.011 0.006 0.023 0.005 
725    ZCF16    (0)   25 :  0.005 0.016 0.915 0.003 0.009 0.010 0.007 0.004 0.008 0.006 0.007 0.008 0.004 
726    ZCF17    (0)   25 :  0.004 0.007 0.927 0.003 0.024 0.003 0.006 0.006 0.005 0.004 0.005 0.005 0.003 
727    ZCF18    (0)   25 :  0.004 0.005 0.855 0.005 0.010 0.017 0.017 0.010 0.003 0.009 0.022 0.032 0.013 
728    ZCF19    (0)   25 :  0.004 0.064 0.249 0.004 0.010 0.059 0.010 0.015 0.003 0.014 0.029 0.536 0.003 
729    ZCF20    (0)   25 :  0.011 0.007 0.887 0.013 0.014 0.005 0.012 0.013 0.011 0.004 0.007 0.011 0.005 
730    ZCF21    (0)   25 :  0.008 0.008 0.898 0.003 0.009 0.022 0.011 0.006 0.004 0.006 0.014 0.008 0.004 
731    ZCF22    (0)   25 :  0.014 0.011 0.846 0.007 0.012 0.004 0.016 0.016 0.015 0.006 0.016 0.032 0.005 
732    ZCF23    (0)   25 :  0.004 0.005 0.920 0.003 0.014 0.008 0.012 0.007 0.007 0.003 0.007 0.004 0.006 
733    ZCF24    (0)   25 :  0.025 0.016 0.855 0.005 0.011 0.012 0.003 0.002 0.027 0.012 0.005 0.004 0.024 
734    ZCF25    (0)   25 :  0.007 0.014 0.923 0.008 0.005 0.004 0.003 0.003 0.008 0.006 0.005 0.007 0.006 
735    ZCF26    (0)   25 :  0.007 0.006 0.931 0.003 0.004 0.003 0.004 0.004 0.008 0.015 0.007 0.005 0.003 
736    ZCF27    (0)   25 :  0.004 0.007 0.928 0.003 0.014 0.006 0.007 0.005 0.005 0.005 0.006 0.007 0.003 
737    ZCF28    (0)   25 :  0.003 0.011 0.870 0.004 0.018 0.007 0.017 0.011 0.005 0.007 0.028 0.015 0.004 
738    ZCF29    (0)   25 :  0.032 0.146 0.047 0.015 0.041 0.581 0.007 0.010 0.015 0.010 0.021 0.035 0.040 
739    ZCF30    (0)   25 :  0.004 0.003 0.934 0.004 0.007 0.004 0.007 0.004 0.006 0.008 0.005 0.010 0.005 
740    ZCF31    (0)   25 :  0.003 0.005 0.834 0.004 0.083 0.012 0.005 0.026 0.002 0.005 0.006 0.012 0.003 
741    ZCF32    (0)   25 :  0.004 0.011 0.660 0.007 0.006 0.012 0.007 0.005 0.004 0.006 0.250 0.026 0.003 
742    ZCF33    (0)   25 :  0.003 0.005 0.820 0.003 0.003 0.007 0.012 0.027 0.003 0.004 0.099 0.011 0.004 
743    ZCF34    (0)   25 :  0.048 0.034 0.757 0.043 0.017 0.008 0.005 0.004 0.007 0.004 0.035 0.014 0.024 
744    ZCF35    (0)   25 :  0.012 0.010 0.788 0.013 0.006 0.132 0.004 0.006 0.003 0.007 0.004 0.004 0.009 
745    ZCF36    (0)   25 :  0.005 0.007 0.814 0.006 0.005 0.007 0.074 0.048 0.006 0.004 0.012 0.010 0.002 
746    ZCF37    (0)   25 :  0.009 0.020 0.878 0.004 0.014 0.021 0.010 0.008 0.005 0.003 0.021 0.005 0.003 
747    ZCF38    (0)   25 :  0.006 0.007 0.885 0.008 0.030 0.007 0.006 0.004 0.004 0.016 0.005 0.007 0.015 
748    ZCF39    (0)   25 :  0.504 0.006 0.366 0.028 0.026 0.017 0.010 0.004 0.005 0.003 0.006 0.011 0.014 
749    ZCF40    (0)   25 :  0.008 0.015 0.899 0.009 0.013 0.005 0.008 0.003 0.014 0.010 0.004 0.008 0.004 
750    ZCF41    (0)   25 :  0.004 0.049 0.741 0.003 0.008 0.028 0.018 0.010 0.007 0.011 0.046 0.072 0.003 
751    ZCF42    (0)   25 :  0.019 0.011 0.710 0.005 0.090 0.074 0.004 0.005 0.013 0.042 0.007 0.014 0.006 


Estimated Allele Frequencies in each cluster
First column gives estimated ancestral frequencies


Locus 1 : 
11 alleles
0.0% missing data
 206   (0.222) 0.197 0.005 0.062 0.304 0.196 0.002 0.144 0.217 0.002 0.686 0.003 0.482 0.307 
 204   (0.427) 0.741 0.988 0.626 0.568 0.796 0.995 0.453 0.519 0.996 0.209 0.886 0.161 0.433 
 222   (0.073) 0.001 0.002 0.112 0.001 0.002 0.001 0.001 0.132 0.000 0.001 0.107 0.123 0.001 
 218   (0.053) 0.060 0.001 0.003 0.112 0.001 0.000 0.396 0.001 0.000 0.064 0.001 0.004 0.001 
 216   (0.022) 0.000 0.000 0.001 0.013 0.000 0.000 0.000 0.000 0.000 0.000 0.000 0.002 0.001 
 208   (0.025) 0.001 0.001 0.004 0.002 0.001 0.000 0.000 0.000 0.000 0.000 0.001 0.002 0.167 
 224   (0.055) 0.000 0.001 0.007 0.000 0.002 0.000 0.001 0.129 0.000 0.037 0.001 0.092 0.001 
 220   (0.068) 0.001 0.001 0.161 0.000 0.001 0.001 0.004 0.001 0.000 0.001 0.001 0.120 0.089 
 230   (0.019) 0.000 0.000 0.001 0.000 0.000 0.000 0.000 0.000 0.000 0.000 0.000 0.011 0.000 
 210   (0.019) 0.000 0.000 0.016 0.000 0.000 0.000 0.000 0.000 0.000 0.000 0.000 0.001 0.000 
 202   (0.016) 0.000 0.000 0.008 0.000 0.000 0.000 0.000 0.000 0.000 0.000 0.000 0.002 0.000 

Locus 2 : 
5 alleles
0.7% missing data
 179   (0.610) 0.404 0.775 0.774 0.547 0.271 0.674 0.995 0.992 0.987 0.479 0.662 0.663 0.043 
 173   (0.297) 0.536 0.223 0.200 0.371 0.727 0.325 0.004 0.007 0.012 0.520 0.004 0.311 0.956 
 182   (0.041) 0.060 0.001 0.002 0.081 0.001 0.000 0.000 0.000 0.000 0.000 0.000 0.010 0.001 
 170   (0.030) 0.000 0.000 0.001 0.000 0.001 0.000 0.000 0.000 0.000 0.000 0.334 0.013 0.000 
 176   (0.022) 0.000 0.000 0.023 0.000 0.000 0.000 0.000 0.000 0.000 0.000 0.000 0.002 0.000 

Locus 3 : 
7 alleles
0.0% missing data
 198   (0.490) 0.573 0.743 0.320 0.743 0.867 0.005 0.842 0.691 0.122 0.510 0.389 0.559 0.229 
 207   (0.225) 0.004 0.009 0.536 0.010 0.113 0.992 0.112 0.305 0.003 0.003 0.607 0.267 0.041 
 216   (0.084) 0.116 0.242 0.004 0.020 0.001 0.001 0.001 0.001 0.493 0.485 0.001 0.007 0.290 
 195   (0.106) 0.305 0.003 0.005 0.210 0.016 0.002 0.027 0.002 0.382 0.001 0.002 0.062 0.437 
 213   (0.030) 0.001 0.000 0.001 0.017 0.001 0.000 0.018 0.001 0.000 0.000 0.000 0.003 0.001 
 210   (0.038) 0.000 0.001 0.054 0.000 0.001 0.000 0.000 0.000 0.000 0.000 0.000 0.100 0.001 
 219   (0.027) 0.000 0.002 0.080 0.000 0.000 0.000 0.000 0.000 0.000 0.000 0.000 0.003 0.000 

Locus 4 : 
7 alleles
0.0% missing data
 166   (0.340) 0.314 0.012 0.119 0.461 0.661 0.004 0.655 0.420 0.515 0.668 0.572 0.306 0.981 
 182   (0.169) 0.001 0.416 0.216 0.001 0.081 0.003 0.045 0.514 0.001 0.112 0.178 0.213 0.002 
 178   (0.259) 0.672 0.005 0.421 0.413 0.253 0.004 0.297 0.009 0.482 0.103 0.099 0.343 0.005 
 184   (0.129) 0.011 0.563 0.202 0.024 0.002 0.988 0.001 0.055 0.001 0.113 0.150 0.019 0.002 
 180   (0.030) 0.000 0.000 0.003 0.101 0.001 0.000 0.000 0.000 0.000 0.000 0.000 0.014 0.001 
 186   (0.042) 0.001 0.002 0.030 0.000 0.001 0.000 0.000 0.001 0.000 0.002 0.001 0.099 0.001 
 168   (0.032) 0.000 0.002 0.011 0.000 0.001 0.001 0.000 0.000 0.000 0.001 0.001 0.007 0.009 

Locus 5 : 
9 alleles
0.0% missing data
 215   (0.493) 0.374 0.940 0.862 0.168 0.694 0.300 0.884 0.563 0.940 0.837 0.218 0.413 0.010 
 207   (0.188) 0.623 0.050 0.029 0.713 0.004 0.697 0.008 0.229 0.058 0.151 0.002 0.060 0.184 
 225   (0.078) 0.001 0.001 0.004 0.001 0.257 0.001 0.049 0.149 0.000 0.001 0.001 0.371 0.001 
 217   (0.095) 0.001 0.003 0.038 0.001 0.002 0.001 0.056 0.058 0.000 0.008 0.777 0.115 0.001 
 211   (0.019) 0.000 0.000 0.001 0.004 0.000 0.000 0.000 0.000 0.000 0.000 0.000 0.002 0.000 
 205   (0.033) 0.000 0.001 0.002 0.113 0.001 0.000 0.000 0.000 0.000 0.000 0.000 0.002 0.315 
 189   (0.041) 0.000 0.001 0.055 0.000 0.002 0.001 0.000 0.000 0.000 0.001 0.000 0.006 0.488 
 227   (0.036) 0.000 0.004 0.002 0.000 0.040 0.000 0.002 0.001 0.000 0.001 0.001 0.030 0.001 
 223   (0.017) 0.000 0.000 0.008 0.000 0.000 0.000 0.000 0.000 0.000 0.000 0.000 0.002 0.000 

Locus 6 : 
2 alleles
1.1% missing data
 205   (0.073) 0.001 0.001 0.018 0.001 0.165 0.001 0.001 0.554 0.000 0.003 0.001 0.115 0.001 
 203   (0.927) 0.999 0.999 0.982 0.999 0.835 0.999 0.999 0.446 1.000 0.997 0.999 0.885 0.999 

Locus 7 : 
9 alleles
0.3% missing data
 187   (0.237) 0.002 0.422 0.173 0.002 0.192 0.244 0.623 0.659 0.001 0.297 0.991 0.312 0.003 
 199   (0.130) 0.001 0.003 0.314 0.001 0.164 0.052 0.279 0.006 0.001 0.002 0.002 0.145 0.122 
 189   (0.127) 0.168 0.003 0.007 0.174 0.003 0.001 0.093 0.329 0.004 0.050 0.002 0.256 0.003 
 195   (0.259) 0.651 0.563 0.217 0.277 0.634 0.003 0.003 0.003 0.992 0.649 0.003 0.209 0.641 
 191   (0.072) 0.124 0.002 0.008 0.294 0.003 0.001 0.001 0.001 0.001 0.001 0.001 0.044 0.108 
 183   (0.033) 0.000 0.001 0.022 0.060 0.001 0.001 0.000 0.000 0.000 0.000 0.000 0.003 0.001 
 193   (0.077) 0.053 0.001 0.097 0.191 0.001 0.001 0.001 0.001 0.001 0.001 0.001 0.023 0.096 
 201   (0.039) 0.000 0.001 0.158 0.000 0.001 0.696 0.000 0.000 0.000 0.000 0.000 0.004 0.001 
 197   (0.027) 0.000 0.003 0.003 0.000 0.001 0.000 0.000 0.000 0.000 0.000 0.000 0.003 0.025 

Locus 8 : 
8 alleles
0.4% missing data
 213   (0.199) 0.444 0.004 0.107 0.239 0.127 0.037 0.418 0.653 0.395 0.002 0.060 0.080 0.086 
 207   (0.172) 0.008 0.510 0.179 0.003 0.072 0.002 0.071 0.329 0.001 0.160 0.580 0.255 0.003 
 215   (0.095) 0.098 0.002 0.087 0.002 0.127 0.083 0.001 0.007 0.166 0.001 0.001 0.008 0.268 
 209   (0.212) 0.171 0.005 0.448 0.113 0.667 0.710 0.003 0.007 0.009 0.094 0.354 0.219 0.038 
 211   (0.182) 0.276 0.477 0.144 0.392 0.004 0.166 0.003 0.002 0.428 0.642 0.002 0.147 0.458 
 205   (0.088) 0.003 0.002 0.008 0.251 0.002 0.001 0.504 0.001 0.001 0.100 0.001 0.180 0.146 
 217   (0.034) 0.000 0.001 0.018 0.000 0.001 0.000 0.000 0.000 0.000 0.000 0.000 0.110 0.000 
 199   (0.018) 0.000 0.000 0.008 0.000 0.000 0.000 0.000 0.000 0.000 0.000 0.000 0.001 0.000 

Locus 9 : 
7 alleles
0.3% missing data
 184   (0.192) 0.003 0.005 0.430 0.002 0.713 0.003 0.898 0.572 0.001 0.002 0.480 0.444 0.003 
 186   (0.270) 0.394 0.008 0.054 0.844 0.007 0.135 0.013 0.366 0.265 0.079 0.081 0.275 0.642 
 188   (0.343) 0.021 0.983 0.281 0.143 0.275 0.861 0.086 0.060 0.005 0.337 0.437 0.260 0.220 
 176   (0.077) 0.229 0.002 0.070 0.009 0.003 0.001 0.001 0.001 0.016 0.001 0.001 0.011 0.133 
 190   (0.071) 0.331 0.002 0.040 0.002 0.002 0.001 0.001 0.001 0.712 0.580 0.001 0.006 0.001 
 182   (0.026) 0.000 0.000 0.124 0.000 0.000 0.000 0.000 0.000 0.000 0.000 0.000 0.002 0.000 
 192   (0.021) 0.022 0.000 0.001 0.000 0.000 0.000 0.000 0.000 0.000 0.000 0.000 0.001 0.000 

Locus 10 : 
3 alleles
0.0% missing data
 220   (0.223) 0.002 0.004 0.310 0.002 0.031 0.846 0.356 0.461 0.001 0.088 0.666 0.410 0.003 
 217   (0.756) 0.998 0.996 0.689 0.998 0.969 0.154 0.643 0.539 0.999 0.828 0.333 0.588 0.997 
 223   (0.021) 0.000 0.000 0.001 0.000 0.000 0.000 0.000 0.000 0.000 0.084 0.000 0.001 0.000 

Locus 11 : 
6 alleles
0.0% missing data
 205   (0.300) 0.003 0.108 0.453 0.002 0.007 0.724 0.984 0.707 0.002 0.889 0.595 0.411 0.038 
 202   (0.164) 0.232 0.011 0.050 0.050 0.023 0.114 0.004 0.255 0.896 0.002 0.003 0.086 0.006 
 211   (0.418) 0.764 0.878 0.128 0.947 0.488 0.023 0.012 0.037 0.102 0.108 0.401 0.469 0.955 
 208   (0.064) 0.000 0.001 0.321 0.001 0.480 0.001 0.001 0.001 0.000 0.001 0.001 0.030 0.001 
 217   (0.031) 0.000 0.000 0.009 0.000 0.001 0.138 0.000 0.000 0.000 0.000 0.000 0.002 0.000 
 214   (0.023) 0.000 0.000 0.039 0.000 0.000 0.000 0.000 0.000 0.000 0.000 0.000 0.002 0.000 

Values of parameters used in structure:
DATAFILE=C:\Users\eschumacher\Documents\GitHub\GCC_QUAC_ZAIN\Data_Files\Structure_Files\ZAIN\ZAIN_rebinned_wild\project_data,	OUTFILE=C:\Users\eschumacher\Documents\GitHub\GCC_QUAC_ZAIN\Data_Files\Structure_Files\ZAIN\ZAIN_rebinned_wild\50-50\Results\50-50_run_62,	NUMINDS=751,	NUMLOCI=11,	MISSING=-9,	LABEL=1,	POPDATA=1,	POPFLAG=0,	PHENOTYPE=0,	EXTRACOLS=0,	MAXPOPS=13,	BURNIN=50000,	NUMREPS=50000,	USEPOPINFO=0,	INFERALPHA=1,	INFERLAMBDA=0,	POPSPECIFICLAMBDA=0,	POPALPHAS=0,	COMPUTEPROB=1,	NOADMIX=0,	ADMBURNIN=2500,	UPDATEFREQ=1,	PRINTLIKES=0,	INTERMEDSAVE=0,	PRINTKLD=0,	PRINTNET=0,	PRINTLAMBDA=0,	ANCESTDIST=0,	NUMBOXES=1000,	ANCESTPINT=0.90000,	GENSBACK=2,	MIGRPRIOR=0.05000,	PRINTQHAT=0,	PRINTQSUM=0,	ALPHA=1.0000,	FREQSCORR=1,	FPRIORMEAN=0.0100,	FPRIORSD=0.0500,	ONEFST=0,	LAMBDA=1.0000,	UNIFPRIORALPHA=1,	ALPHAMAX=10.0000,	ALPHAPRIORA=1.0000,	ALPHAPRIORB=2.0000,	ALPHAPROPSD=0.0250,	STARTATPOPINFO=0,	RANDOMIZE=1,	LINKAGE=0,	METROFREQ=10,	REPORTHITRATE=0,	MARKOVPHASE=-1,	PHASED=0,	PLOIDY=2,	PHASEINFO=0	LOCPRIOR=0, 	LOCPRIORINIT=1.000000, 	LOCDATA=0, 	LOCISPOP=0, 	LOCPRIORSTEP=0.100000, 	MAXLOCPRIOR=20.000000, 	SEED=1660250100,	
[STRAT parameters]:    NUMSIMSTATS=1000,	PHENOTYPECOL=-9,	POOLFREQ=10,	LOCUSxONLY=0,	EMERROR=0.00100,	MISSINGPHENO=-9,	