

----------------------------------------------------
STRUCTURE by Pritchard, Stephens and Donnelly (2000)
     and Falush, Stephens and Pritchard (2003)
       Code by Pritchard, Falush and Hubisz
             Version 2.3.4 (Jul 2012)
----------------------------------------------------



Command line arguments:   bin\structure -m C:\Users\eschumacher\Documents\GitHub\GCC_QUAC_ZAIN\Data_Files\Structure_Files\ZAIN\ZAIN_rebinned_wild\50-50\mainparams -e C:\Users\eschumacher\Documents\GitHub\GCC_QUAC_ZAIN\Data_Files\Structure_Files\ZAIN\ZAIN_rebinned_wild\50-50\extraparams 
Input File:    C:\Users\eschumacher\Documents\GitHub\GCC_QUAC_ZAIN\Data_Files\Structure_Files\ZAIN\ZAIN_rebinned_wild\project_data

Run parameters:
   751 individuals
   11 loci
   13 populations assumed
   50000 Burn-in period
   50000 Reps


--------------------------------------------
Proportion of membership of each pre-defined
 population in each of the 13 clusters

Given    Inferred Clusters                                                                             Number of
 Pop       1      2      3      4      5      6      7      8      9     10     11     12     13      Individuals

  1:     0.005  0.008  0.015  0.010  0.011  0.020  0.019  0.005  0.008  0.004  0.005  0.885  0.005       35
  2:     0.022  0.445  0.006  0.008  0.005  0.004  0.009  0.288  0.021  0.015  0.152  0.006  0.019       36
  3:     0.026  0.589  0.006  0.014  0.006  0.006  0.006  0.223  0.009  0.023  0.079  0.004  0.009       33
  4:     0.009  0.011  0.006  0.007  0.010  0.017  0.008  0.009  0.034  0.009  0.008  0.006  0.867       40
  5:     0.009  0.007  0.005  0.006  0.003  0.003  0.004  0.007  0.006  0.902  0.038  0.004  0.007       39
  6:     0.013  0.031  0.097  0.054  0.019  0.028  0.636  0.017  0.013  0.014  0.019  0.043  0.018       40
  7:     0.023  0.011  0.614  0.048  0.054  0.059  0.071  0.010  0.049  0.010  0.010  0.021  0.021       37
  8:     0.018  0.744  0.003  0.005  0.005  0.003  0.004  0.104  0.006  0.012  0.084  0.005  0.006       40
  9:     0.003  0.005  0.007  0.006  0.077  0.007  0.010  0.004  0.040  0.012  0.005  0.818  0.005       28
 10:     0.006  0.006  0.004  0.005  0.005  0.006  0.004  0.006  0.923  0.005  0.007  0.005  0.018       14
 11:     0.005  0.008  0.049  0.007  0.015  0.821  0.006  0.007  0.018  0.039  0.012  0.008  0.006       13
 12:     0.008  0.012  0.003  0.006  0.007  0.002  0.004  0.015  0.007  0.023  0.888  0.004  0.020       14
 13:     0.019  0.044  0.005  0.006  0.005  0.005  0.004  0.874  0.008  0.007  0.014  0.003  0.006       25
 14:     0.913  0.018  0.005  0.006  0.005  0.005  0.005  0.010  0.005  0.006  0.009  0.005  0.007       40
 15:     0.008  0.021  0.009  0.018  0.009  0.008  0.022  0.019  0.026  0.017  0.052  0.023  0.769       32
 16:     0.004  0.004  0.006  0.003  0.003  0.951  0.003  0.005  0.005  0.004  0.004  0.003  0.004       20
 17:     0.005  0.012  0.037  0.152  0.020  0.007  0.254  0.007  0.012  0.005  0.009  0.473  0.007        4
 18:     0.008  0.039  0.008  0.011  0.295  0.013  0.426  0.012  0.011  0.005  0.008  0.154  0.009       23
 19:     0.004  0.005  0.008  0.007  0.923  0.006  0.009  0.004  0.006  0.004  0.005  0.014  0.006       39
 20:     0.004  0.006  0.011  0.011  0.045  0.818  0.016  0.006  0.021  0.004  0.005  0.049  0.005       38
 21:     0.049  0.046  0.006  0.011  0.004  0.004  0.005  0.026  0.007  0.112  0.717  0.004  0.009       45
 22:     0.022  0.238  0.011  0.008  0.005  0.009  0.005  0.158  0.023  0.121  0.383  0.005  0.013       28
 23:     0.006  0.006  0.023  0.007  0.527  0.008  0.048  0.007  0.005  0.008  0.005  0.343  0.008        6
 24:     0.013  0.006  0.017  0.863  0.019  0.006  0.016  0.007  0.010  0.011  0.012  0.014  0.006       40
 25:     0.010  0.008  0.789  0.018  0.010  0.046  0.036  0.010  0.018  0.010  0.020  0.017  0.009       42
--------------------------------------------

Allele-freq. divergence among pops (Net nucleotide distance),
computed using point estimates of P.

      1       2       3       4       5       6       7       8       9      10      11      12      13      
 1      -    0.1415  0.2812  0.1887  0.3885  0.3611  0.2000  0.1053  0.2842  0.2962  0.1314  0.3736  0.2061  
 2   0.1415     -    0.2189  0.1833  0.2851  0.3078  0.1433  0.0501  0.2325  0.2655  0.0657  0.2556  0.2353  
 3   0.2812  0.2189     -    0.1172  0.1224  0.1105  0.0702  0.1991  0.1596  0.2031  0.1671  0.1330  0.1562  
 4   0.1887  0.1833  0.1172     -    0.2044  0.2613  0.1181  0.1894  0.1876  0.2525  0.1318  0.2243  0.1876  
 5   0.3885  0.2851  0.1224  0.2044     -    0.2230  0.1143  0.2877  0.2796  0.3088  0.2832  0.0975  0.1869  
 6   0.3611  0.3078  0.1105  0.2613  0.2230     -    0.1500  0.2927  0.2336  0.3721  0.2964  0.1828  0.2645  
 7   0.2000  0.1433  0.0702  0.1181  0.1143  0.1500     -    0.1443  0.1850  0.2580  0.1467  0.0964  0.1251  
 8   0.1053  0.0501  0.1991  0.1894  0.2877  0.2927  0.1443     -    0.1914  0.2332  0.0815  0.2641  0.2006  
 9   0.2842  0.2325  0.1596  0.1876  0.2796  0.2336  0.1850  0.1914     -    0.2490  0.1959  0.2579  0.1987  
10   0.2962  0.2655  0.2031  0.2525  0.3088  0.3721  0.2580  0.2332  0.2490     -    0.1361  0.2970  0.2016  
11   0.1314  0.0657  0.1671  0.1318  0.2832  0.2964  0.1467  0.0815  0.1959  0.1361     -    0.2633  0.1725  
12   0.3736  0.2556  0.1330  0.2243  0.0975  0.1828  0.0964  0.2641  0.2579  0.2970  0.2633     -    0.2182  
13   0.2061  0.2353  0.1562  0.1876  0.1869  0.2645  0.1251  0.2006  0.1987  0.2016  0.1725  0.2182     -    

Average distances (expected heterozygosity) between individuals in same cluster:
cluster  1  : 0.3608 
cluster  2  : 0.3628 
cluster  3  : 0.5319 
cluster  4  : 0.3868 
cluster  5  : 0.3150 
cluster  6  : 0.4130 
cluster  7  : 0.6111 
cluster  8  : 0.4131 
cluster  9  : 0.2393 
cluster 10  : 0.2244 
cluster 11  : 0.4248 
cluster 12  : 0.4685 
cluster 13  : 0.3951 

--------------------------------------------
Estimated Ln Prob of Data   = -13304.2
Mean value of ln likelihood = -12837.1
Variance of ln likelihood   = 934.1
Mean value of alpha         = 0.0319

Mean value of Fst_1         = 0.4465
Mean value of Fst_2         = 0.4427
Mean value of Fst_3         = 0.1513
Mean value of Fst_4         = 0.4196
Mean value of Fst_5         = 0.5107
Mean value of Fst_6         = 0.4291
Mean value of Fst_7         = 0.1423
Mean value of Fst_8         = 0.3557
Mean value of Fst_9         = 0.6491
Mean value of Fst_10         = 0.6696
Mean value of Fst_11         = 0.4258
Mean value of Fst_12         = 0.4567
Mean value of Fst_13         = 0.4092


Inferred ancestry of individuals:
        Label (%Miss) Pop:  Inferred clusters
  1    ZFB01    (0)    1 :  0.003 0.004 0.003 0.003 0.009 0.005 0.004 0.003 0.002 0.003 0.003 0.954 0.004 
  2    ZFB02    (0)    1 :  0.003 0.004 0.006 0.004 0.015 0.033 0.022 0.003 0.006 0.002 0.003 0.888 0.011 
  3    ZFB03    (0)    1 :  0.002 0.013 0.016 0.011 0.019 0.004 0.017 0.007 0.005 0.019 0.013 0.867 0.006 
  4    ZFB04    (0)    1 :  0.003 0.004 0.005 0.003 0.007 0.023 0.010 0.003 0.008 0.002 0.003 0.924 0.005 
  5    ZFB05    (0)    1 :  0.010 0.003 0.047 0.023 0.009 0.105 0.008 0.003 0.041 0.008 0.005 0.731 0.008 
  6    ZFB06    (0)    1 :  0.012 0.003 0.046 0.020 0.009 0.061 0.007 0.003 0.018 0.009 0.005 0.802 0.006 
  7    ZFB07    (9)    1 :  0.007 0.007 0.047 0.013 0.082 0.007 0.014 0.005 0.006 0.005 0.005 0.797 0.004 
  8    ZFB08    (0)    1 :  0.008 0.010 0.006 0.023 0.027 0.005 0.012 0.010 0.010 0.005 0.008 0.872 0.006 
  9    ZFB09    (0)    1 :  0.002 0.003 0.004 0.004 0.008 0.004 0.006 0.003 0.003 0.003 0.002 0.955 0.004 
 10    ZFB10    (0)    1 :  0.006 0.020 0.003 0.005 0.004 0.007 0.014 0.010 0.007 0.002 0.007 0.909 0.005 
 11    ZFB11    (0)    1 :  0.003 0.005 0.003 0.003 0.004 0.008 0.005 0.004 0.004 0.002 0.003 0.951 0.004 
 12    ZFB12    (0)    1 :  0.003 0.008 0.012 0.023 0.005 0.022 0.013 0.004 0.003 0.004 0.006 0.892 0.004 
 13    ZFB13    (0)    1 :  0.007 0.011 0.006 0.012 0.008 0.007 0.033 0.011 0.015 0.004 0.007 0.874 0.004 
 14    ZFB14    (0)    1 :  0.003 0.005 0.004 0.003 0.007 0.003 0.009 0.004 0.005 0.003 0.003 0.946 0.005 
 15    ZFB15    (0)    1 :  0.002 0.002 0.003 0.004 0.006 0.007 0.005 0.002 0.003 0.002 0.002 0.959 0.002 
 16    ZFB16    (0)    1 :  0.005 0.008 0.005 0.008 0.005 0.010 0.012 0.006 0.012 0.003 0.006 0.918 0.002 
 17    ZFB17    (0)    1 :  0.009 0.009 0.007 0.026 0.006 0.019 0.019 0.005 0.027 0.002 0.008 0.849 0.014 
 18    ZFB18    (0)    1 :  0.003 0.003 0.003 0.003 0.004 0.003 0.007 0.003 0.003 0.002 0.003 0.960 0.004 
 19    ZFB19    (0)    1 :  0.010 0.045 0.031 0.032 0.033 0.007 0.343 0.021 0.006 0.007 0.019 0.441 0.004 
 20    ZFB20    (0)    1 :  0.005 0.007 0.006 0.008 0.005 0.027 0.011 0.006 0.019 0.003 0.005 0.895 0.003 
 21    ZFB21    (0)    1 :  0.002 0.003 0.006 0.003 0.006 0.006 0.003 0.003 0.004 0.003 0.002 0.957 0.003 
 22    ZFB22    (0)    1 :  0.008 0.008 0.007 0.010 0.005 0.041 0.010 0.005 0.005 0.002 0.008 0.882 0.007 
 23    ZFB23    (0)    1 :  0.002 0.005 0.004 0.003 0.003 0.009 0.005 0.004 0.005 0.003 0.003 0.950 0.004 
 24    ZFB24    (0)    1 :  0.002 0.005 0.003 0.003 0.005 0.014 0.005 0.004 0.006 0.002 0.003 0.945 0.003 
 25    ZFB25    (0)    1 :  0.003 0.011 0.003 0.003 0.004 0.004 0.004 0.006 0.003 0.003 0.005 0.950 0.003 
 26    ZFB26    (0)    1 :  0.003 0.008 0.005 0.003 0.004 0.017 0.003 0.006 0.008 0.003 0.004 0.932 0.004 
 27    ZFB27    (0)    1 :  0.003 0.004 0.004 0.002 0.004 0.028 0.004 0.004 0.003 0.002 0.003 0.935 0.003 
 28    ZFB28    (0)    1 :  0.003 0.006 0.033 0.015 0.004 0.067 0.017 0.006 0.012 0.004 0.005 0.818 0.010 
 29    ZFB29    (0)    1 :  0.002 0.003 0.004 0.003 0.004 0.009 0.006 0.003 0.007 0.002 0.002 0.951 0.004 
 30    ZFB30    (0)    1 :  0.017 0.004 0.132 0.019 0.023 0.067 0.008 0.004 0.004 0.007 0.005 0.707 0.003 
 31    ZFB31    (0)    1 :  0.004 0.012 0.004 0.003 0.005 0.005 0.011 0.007 0.003 0.003 0.004 0.934 0.004 
 32    ZFB32    (0)    1 :  0.004 0.014 0.028 0.033 0.007 0.043 0.016 0.009 0.021 0.006 0.008 0.785 0.025 
 33    ZFB33    (0)    1 :  0.002 0.003 0.003 0.003 0.006 0.007 0.004 0.002 0.003 0.002 0.002 0.960 0.002 
 34    ZFB34    (0)    1 :  0.003 0.004 0.004 0.004 0.019 0.003 0.006 0.003 0.003 0.003 0.003 0.939 0.006 
 35    ZFB35    (0)    1 :  0.003 0.006 0.005 0.004 0.013 0.007 0.004 0.004 0.006 0.003 0.004 0.937 0.004 
 36  ZFBP101    (0)    2 :  0.047 0.219 0.007 0.012 0.005 0.006 0.013 0.155 0.100 0.016 0.352 0.010 0.057 
 37  ZFBP102    (0)    2 :  0.013 0.170 0.012 0.009 0.005 0.009 0.015 0.408 0.036 0.004 0.295 0.014 0.009 
 38  ZFBP103    (0)    2 :  0.011 0.097 0.006 0.006 0.004 0.006 0.012 0.030 0.051 0.023 0.660 0.007 0.085 
 39  ZFBP104    (0)    2 :  0.008 0.311 0.014 0.027 0.022 0.006 0.017 0.077 0.005 0.009 0.482 0.018 0.004 
 40  ZFBP105    (0)    2 :  0.006 0.248 0.007 0.008 0.005 0.004 0.007 0.600 0.007 0.013 0.085 0.005 0.005 
 41  ZFBP106    (0)    2 :  0.010 0.429 0.004 0.006 0.004 0.003 0.004 0.416 0.013 0.023 0.080 0.003 0.008 
 42  ZFBP107    (0)    2 :  0.005 0.276 0.019 0.009 0.005 0.019 0.006 0.374 0.044 0.020 0.209 0.008 0.006 
 43  ZFBP108    (0)    2 :  0.006 0.864 0.003 0.003 0.003 0.003 0.003 0.088 0.005 0.007 0.011 0.003 0.003 
 44  ZFBP109    (0)    2 :  0.006 0.196 0.004 0.004 0.008 0.002 0.006 0.724 0.004 0.006 0.032 0.003 0.004 
 45  ZFBP110    (0)    2 :  0.006 0.298 0.020 0.010 0.009 0.006 0.078 0.116 0.037 0.107 0.245 0.041 0.026 
 46  ZFBP111    (0)    2 :  0.122 0.316 0.004 0.013 0.002 0.003 0.003 0.121 0.005 0.010 0.394 0.002 0.004 
 47  ZFBP112    (0)    2 :  0.049 0.830 0.004 0.007 0.004 0.005 0.004 0.045 0.013 0.009 0.015 0.003 0.012 
 48  ZFBP113    (0)    2 :  0.004 0.948 0.004 0.005 0.003 0.003 0.004 0.008 0.003 0.003 0.009 0.003 0.003 
 49  ZFBP114    (0)    2 :  0.004 0.016 0.004 0.003 0.004 0.004 0.003 0.916 0.008 0.004 0.027 0.003 0.003 
 50  ZFBP115    (0)    2 :  0.012 0.024 0.004 0.007 0.002 0.003 0.003 0.075 0.008 0.018 0.832 0.002 0.007 
 51  ZFBP116    (0)    2 :  0.006 0.883 0.004 0.007 0.003 0.003 0.003 0.041 0.006 0.007 0.029 0.002 0.004 
 52  ZFBP117    (0)    2 :  0.008 0.396 0.004 0.004 0.003 0.002 0.006 0.528 0.005 0.007 0.022 0.003 0.011 
 53  ZFBP118    (0)    2 :  0.007 0.114 0.007 0.004 0.003 0.005 0.003 0.799 0.011 0.004 0.036 0.004 0.003 
 54  ZFBP119    (0)    2 :  0.019 0.026 0.005 0.017 0.004 0.002 0.006 0.712 0.012 0.015 0.151 0.003 0.028 
 55  ZFBP120    (0)    2 :  0.005 0.556 0.006 0.008 0.007 0.005 0.005 0.273 0.006 0.014 0.104 0.006 0.004 
 56  ZFBP121    (0)    2 :  0.005 0.218 0.004 0.005 0.006 0.003 0.006 0.708 0.007 0.007 0.018 0.005 0.008 
 57  ZFBP122    (9)    2 :  0.009 0.873 0.003 0.007 0.003 0.003 0.004 0.060 0.006 0.006 0.017 0.003 0.004 
 58  ZFBP123    (0)    2 :  0.016 0.827 0.004 0.008 0.004 0.005 0.005 0.062 0.041 0.005 0.011 0.003 0.010 
 59  ZFBP124    (0)    2 :  0.005 0.264 0.004 0.005 0.012 0.004 0.005 0.656 0.009 0.006 0.020 0.005 0.005 
 60  ZFBP125    (0)    2 :  0.020 0.274 0.003 0.005 0.002 0.002 0.004 0.619 0.006 0.010 0.044 0.002 0.007 
 61  ZFBP126    (0)    2 :  0.006 0.843 0.010 0.014 0.004 0.009 0.024 0.018 0.022 0.003 0.024 0.009 0.014 
 62  ZFBP127    (0)    2 :  0.005 0.292 0.005 0.004 0.005 0.003 0.004 0.387 0.006 0.083 0.184 0.003 0.020 
 63  ZFBP128    (0)    2 :  0.025 0.873 0.002 0.004 0.003 0.002 0.003 0.032 0.007 0.013 0.020 0.003 0.012 
 64  ZFBP129    (0)    2 :  0.142 0.440 0.004 0.005 0.008 0.002 0.007 0.352 0.009 0.007 0.007 0.004 0.011 
 65  ZFBP130    (0)    2 :  0.090 0.501 0.003 0.008 0.002 0.003 0.004 0.276 0.010 0.011 0.062 0.002 0.028 
 66  ZFBP131    (0)    2 :  0.004 0.927 0.003 0.004 0.004 0.003 0.004 0.035 0.003 0.003 0.004 0.003 0.003 
 67  ZFBP132    (0)    2 :  0.004 0.621 0.004 0.003 0.003 0.003 0.004 0.308 0.005 0.019 0.016 0.005 0.005 
 68  ZFBP133    (0)    2 :  0.032 0.921 0.002 0.005 0.003 0.002 0.004 0.010 0.003 0.003 0.007 0.002 0.006 
 69  ZFBP134    (0)    2 :  0.010 0.155 0.003 0.010 0.003 0.003 0.005 0.018 0.003 0.010 0.750 0.003 0.026 
 70  ZFBP135    (0)    2 :  0.016 0.453 0.007 0.006 0.007 0.004 0.032 0.138 0.064 0.023 0.055 0.014 0.181 
 71  ZFBP136    (0)    2 :  0.042 0.331 0.004 0.007 0.003 0.007 0.006 0.187 0.171 0.018 0.170 0.003 0.051 
 72  ZFBP201    (0)    3 :  0.005 0.935 0.005 0.006 0.003 0.005 0.005 0.009 0.005 0.007 0.007 0.004 0.004 
 73  ZFBP202    (0)    3 :  0.009 0.782 0.004 0.006 0.008 0.003 0.005 0.127 0.006 0.011 0.029 0.005 0.004 
 74  ZFBP203    (0)    3 :  0.015 0.772 0.027 0.026 0.006 0.051 0.013 0.052 0.008 0.005 0.014 0.006 0.004 
 75  ZFBP204    (0)    3 :  0.018 0.099 0.006 0.011 0.004 0.005 0.006 0.699 0.030 0.013 0.092 0.004 0.012 
 76  ZFBP205    (0)    3 :  0.015 0.432 0.004 0.006 0.004 0.005 0.008 0.478 0.014 0.003 0.021 0.002 0.008 
 77  ZFBP206    (0)    3 :  0.021 0.888 0.004 0.010 0.005 0.006 0.004 0.021 0.021 0.004 0.006 0.003 0.007 
 78  ZFBP207    (0)    3 :  0.008 0.017 0.004 0.005 0.004 0.003 0.006 0.641 0.007 0.143 0.145 0.005 0.011 
 79  ZFBP208    (0)    3 :  0.008 0.913 0.005 0.010 0.004 0.008 0.005 0.018 0.012 0.003 0.007 0.002 0.005 
 80  ZFBP209    (0)    3 :  0.104 0.568 0.002 0.005 0.004 0.002 0.005 0.280 0.003 0.003 0.008 0.002 0.012 
 81  ZFBP210    (0)    3 :  0.008 0.914 0.004 0.009 0.004 0.006 0.005 0.020 0.005 0.008 0.009 0.004 0.004 
 82  ZFBP211    (0)    3 :  0.004 0.258 0.004 0.005 0.006 0.003 0.003 0.681 0.007 0.009 0.009 0.006 0.004 
 83  ZFBP212    (0)    3 :  0.005 0.849 0.003 0.003 0.004 0.003 0.003 0.040 0.003 0.030 0.049 0.006 0.002 
 84  ZFBP213    (0)    3 :  0.010 0.820 0.006 0.011 0.016 0.005 0.005 0.062 0.028 0.011 0.009 0.005 0.010 
 85  ZFBP214    (0)    3 :  0.056 0.702 0.009 0.042 0.014 0.004 0.015 0.025 0.024 0.036 0.024 0.006 0.042 
 86  ZFBP215    (0)    3 :  0.008 0.907 0.003 0.004 0.004 0.002 0.004 0.041 0.005 0.006 0.007 0.003 0.006 
 87  ZFBP216    (0)    3 :  0.005 0.750 0.010 0.030 0.005 0.006 0.005 0.118 0.007 0.005 0.047 0.005 0.005 
 88  ZFBP217    (0)    3 :  0.125 0.661 0.008 0.027 0.005 0.003 0.006 0.038 0.004 0.042 0.068 0.006 0.007 
 89  ZFBP218    (0)    3 :  0.016 0.481 0.003 0.007 0.009 0.003 0.004 0.424 0.003 0.003 0.040 0.002 0.005 
 90  ZFBP219    (0)    3 :  0.004 0.952 0.004 0.005 0.003 0.003 0.003 0.008 0.003 0.003 0.007 0.002 0.003 
 91  ZFBP220    (0)    3 :  0.040 0.708 0.004 0.007 0.003 0.003 0.004 0.068 0.008 0.015 0.114 0.003 0.024 
 92  ZFBP221    (0)    3 :  0.008 0.239 0.003 0.006 0.005 0.003 0.004 0.164 0.003 0.008 0.549 0.004 0.004 
 93  ZFBP222    (0)    3 :  0.006 0.937 0.003 0.007 0.004 0.004 0.005 0.013 0.004 0.003 0.005 0.003 0.006 
 94  ZFBP223    (0)    3 :  0.008 0.490 0.006 0.005 0.005 0.004 0.006 0.156 0.009 0.217 0.074 0.010 0.009 
 95  ZFBP224    (0)    3 :  0.004 0.912 0.006 0.008 0.006 0.004 0.005 0.016 0.015 0.006 0.010 0.003 0.005 
 96  ZFBP225    (0)    3 :  0.242 0.354 0.006 0.015 0.003 0.007 0.005 0.040 0.009 0.022 0.283 0.003 0.011 
 97  ZFBP226    (0)    3 :  0.005 0.666 0.004 0.006 0.003 0.004 0.003 0.272 0.005 0.005 0.019 0.003 0.004 
 98  ZFBP227    (0)    3 :  0.007 0.317 0.027 0.138 0.019 0.008 0.018 0.156 0.010 0.010 0.276 0.009 0.006 
 99  ZFBP228    (0)    3 :  0.007 0.252 0.004 0.004 0.005 0.003 0.005 0.254 0.005 0.080 0.356 0.005 0.020 
100  ZFBP229    (0)    3 :  0.022 0.757 0.003 0.006 0.003 0.003 0.006 0.142 0.004 0.005 0.038 0.002 0.008 
101  ZFBP230    (0)    3 :  0.038 0.481 0.005 0.011 0.003 0.003 0.006 0.162 0.010 0.012 0.230 0.003 0.036 
102  ZFBP231    (0)    3 :  0.004 0.032 0.005 0.006 0.006 0.004 0.004 0.895 0.015 0.007 0.012 0.005 0.004 
103  ZFBP232    (0)    3 :  0.008 0.165 0.003 0.004 0.003 0.003 0.003 0.788 0.005 0.004 0.008 0.003 0.004 
104  ZFBP233    (0)    3 :  0.016 0.439 0.005 0.013 0.008 0.004 0.005 0.450 0.009 0.007 0.033 0.005 0.005 
105   ZFCC01    (0)    4 :  0.004 0.004 0.004 0.004 0.018 0.005 0.004 0.003 0.008 0.005 0.003 0.006 0.930 
106   ZFCC03    (0)    4 :  0.004 0.004 0.003 0.003 0.007 0.003 0.003 0.003 0.005 0.009 0.003 0.003 0.949 
107   ZFCC04    (0)    4 :  0.006 0.004 0.004 0.005 0.006 0.004 0.004 0.003 0.014 0.006 0.004 0.004 0.937 
108   ZFCC05    (0)    4 :  0.006 0.007 0.007 0.008 0.012 0.005 0.005 0.005 0.045 0.016 0.006 0.006 0.872 
109   ZFCC08    (0)    4 :  0.018 0.009 0.003 0.008 0.009 0.003 0.005 0.011 0.009 0.005 0.010 0.002 0.909 
110   ZFCC09    (0)    4 :  0.003 0.003 0.003 0.003 0.011 0.003 0.003 0.005 0.006 0.008 0.003 0.003 0.945 
111   ZFCC10    (0)    4 :  0.003 0.004 0.003 0.004 0.034 0.004 0.004 0.004 0.008 0.005 0.003 0.004 0.920 
112   ZFCC11    (0)    4 :  0.004 0.005 0.004 0.005 0.012 0.003 0.004 0.004 0.008 0.011 0.004 0.004 0.931 
113   ZFCC12    (0)    4 :  0.006 0.007 0.014 0.007 0.028 0.058 0.031 0.005 0.044 0.008 0.007 0.008 0.776 
114   ZFCC13    (0)    4 :  0.007 0.009 0.006 0.012 0.004 0.007 0.004 0.006 0.007 0.008 0.013 0.003 0.913 
115   ZFCC14    (0)    4 :  0.007 0.010 0.005 0.004 0.007 0.006 0.009 0.007 0.026 0.004 0.004 0.007 0.903 
116   ZFCC15    (0)    4 :  0.004 0.004 0.005 0.008 0.005 0.005 0.004 0.003 0.006 0.004 0.004 0.003 0.945 
117   ZFCC16    (0)    4 :  0.005 0.003 0.004 0.005 0.006 0.005 0.005 0.003 0.013 0.004 0.003 0.004 0.940 
118   ZFCC17    (0)    4 :  0.004 0.003 0.006 0.004 0.007 0.012 0.004 0.003 0.046 0.005 0.004 0.006 0.896 
119   ZFCC18    (0)    4 :  0.005 0.005 0.004 0.004 0.010 0.004 0.004 0.004 0.008 0.008 0.004 0.003 0.937 
120   ZFCC19    (0)    4 :  0.003 0.003 0.006 0.006 0.004 0.009 0.006 0.003 0.009 0.003 0.003 0.005 0.941 
121   ZFCC20    (0)    4 :  0.005 0.003 0.004 0.008 0.004 0.004 0.004 0.003 0.010 0.008 0.006 0.004 0.937 
122   ZFCC21    (0)    4 :  0.030 0.063 0.006 0.042 0.005 0.006 0.042 0.011 0.012 0.003 0.015 0.005 0.760 
123   ZFCC22    (0)    4 :  0.043 0.122 0.003 0.010 0.015 0.004 0.005 0.073 0.011 0.006 0.068 0.003 0.638 
124   ZFCC26    (0)    4 :  0.004 0.003 0.003 0.005 0.006 0.003 0.004 0.003 0.008 0.004 0.003 0.004 0.949 
125   ZFCC27    (0)    4 :  0.003 0.003 0.003 0.004 0.004 0.003 0.003 0.003 0.006 0.006 0.003 0.003 0.955 
126   ZFCC29    (0)    4 :  0.005 0.004 0.005 0.009 0.006 0.005 0.007 0.004 0.019 0.004 0.005 0.008 0.917 
127   ZFCC30    (0)    4 :  0.005 0.003 0.003 0.004 0.004 0.003 0.003 0.004 0.007 0.011 0.004 0.003 0.946 
128   ZFCC32    (0)    4 :  0.006 0.003 0.005 0.013 0.009 0.008 0.004 0.005 0.009 0.006 0.006 0.004 0.922 
129   ZFCC33    (0)    4 :  0.004 0.004 0.008 0.004 0.008 0.005 0.008 0.005 0.309 0.008 0.004 0.010 0.623 
130   ZFCC34    (0)    4 :  0.020 0.045 0.006 0.007 0.020 0.019 0.007 0.083 0.047 0.057 0.033 0.024 0.631 
131   ZFCC35    (0)    4 :  0.004 0.002 0.003 0.003 0.004 0.003 0.003 0.005 0.007 0.003 0.004 0.002 0.956 
132   ZFCC36    (0)    4 :  0.011 0.010 0.006 0.018 0.005 0.012 0.005 0.006 0.012 0.004 0.008 0.004 0.901 
133   ZFCC37    (0)    4 :  0.006 0.009 0.016 0.010 0.038 0.044 0.031 0.009 0.032 0.008 0.009 0.008 0.778 
134   ZFCC40    (0)    4 :  0.004 0.007 0.004 0.003 0.009 0.008 0.004 0.004 0.014 0.004 0.004 0.004 0.931 
135   ZFCC42    (0)    4 :  0.008 0.004 0.023 0.004 0.007 0.346 0.015 0.004 0.440 0.050 0.008 0.029 0.061 
136   ZFCC44    (0)    4 :  0.003 0.003 0.004 0.003 0.003 0.005 0.003 0.003 0.014 0.009 0.003 0.003 0.944 
137   ZFCC45    (9)    4 :  0.004 0.006 0.019 0.008 0.021 0.018 0.011 0.004 0.053 0.009 0.004 0.008 0.835 
138   ZFCC46    (0)    4 :  0.033 0.010 0.003 0.007 0.003 0.004 0.005 0.011 0.014 0.009 0.019 0.004 0.878 
139   ZFCC47    (0)    4 :  0.007 0.004 0.005 0.006 0.028 0.027 0.008 0.007 0.008 0.006 0.005 0.006 0.882 
140   ZFCC48    (0)    4 :  0.035 0.031 0.003 0.011 0.005 0.004 0.014 0.013 0.016 0.003 0.011 0.005 0.848 
141   ZFCC50    (0)    4 :  0.003 0.003 0.004 0.003 0.005 0.005 0.004 0.003 0.010 0.003 0.003 0.004 0.952 
142   ZFCC51    (0)    4 :  0.003 0.003 0.003 0.003 0.005 0.003 0.003 0.003 0.004 0.010 0.003 0.003 0.954 
143   ZFCC52    (0)    4 :  0.012 0.014 0.004 0.007 0.005 0.007 0.005 0.014 0.042 0.005 0.010 0.004 0.870 
144   ZFCC53    (0)    4 :  0.003 0.003 0.003 0.003 0.004 0.003 0.003 0.003 0.005 0.006 0.003 0.003 0.958 
145  ZFCNS01    (0)    5 :  0.003 0.007 0.035 0.054 0.003 0.021 0.007 0.004 0.003 0.814 0.042 0.002 0.006 
146  ZFCNS02    (0)    5 :  0.004 0.003 0.003 0.003 0.003 0.002 0.002 0.004 0.003 0.962 0.004 0.003 0.004 
147  ZFCNS05    (0)    5 :  0.004 0.006 0.003 0.005 0.006 0.002 0.003 0.007 0.006 0.939 0.007 0.004 0.007 
148  ZFCNS06    (0)    5 :  0.004 0.003 0.003 0.003 0.003 0.002 0.002 0.004 0.003 0.959 0.005 0.003 0.005 
149  ZFCNS07    (0)    5 :  0.010 0.005 0.003 0.003 0.003 0.002 0.003 0.007 0.003 0.950 0.005 0.003 0.003 
150  ZFCNS10    (0)    5 :  0.005 0.007 0.003 0.003 0.003 0.003 0.002 0.007 0.003 0.938 0.019 0.003 0.004 
151  ZFCNS11    (0)    5 :  0.004 0.006 0.014 0.023 0.003 0.012 0.006 0.005 0.003 0.900 0.017 0.002 0.007 
152  ZFCNS15    (0)    5 :  0.007 0.016 0.004 0.004 0.003 0.003 0.004 0.013 0.006 0.885 0.049 0.003 0.003 
153  ZFCNS17    (0)    5 :  0.004 0.004 0.003 0.003 0.003 0.002 0.002 0.004 0.004 0.958 0.005 0.002 0.005 
154  ZFCNS18    (0)    5 :  0.004 0.008 0.003 0.003 0.003 0.003 0.003 0.006 0.003 0.941 0.015 0.003 0.005 
155  ZFCNS19    (0)    5 :  0.004 0.003 0.003 0.003 0.003 0.002 0.002 0.003 0.003 0.963 0.005 0.003 0.004 
156  ZFCNS20    (0)    5 :  0.015 0.012 0.003 0.005 0.003 0.003 0.003 0.014 0.007 0.918 0.011 0.003 0.004 
157  ZFCNS21    (0)    5 :  0.002 0.003 0.003 0.003 0.003 0.002 0.002 0.003 0.004 0.965 0.005 0.002 0.004 
158  ZFCNS22    (0)    5 :  0.005 0.011 0.004 0.005 0.005 0.002 0.003 0.010 0.005 0.928 0.010 0.005 0.005 
159  ZFCNS23    (0)    5 :  0.012 0.006 0.008 0.012 0.006 0.011 0.006 0.005 0.025 0.886 0.006 0.004 0.014 
160  ZFCNS24    (0)    5 :  0.006 0.005 0.003 0.004 0.003 0.002 0.003 0.007 0.009 0.938 0.009 0.002 0.007 
161  ZFCNS25    (0)    5 :  0.010 0.009 0.003 0.004 0.003 0.003 0.003 0.014 0.009 0.921 0.014 0.002 0.005 
162  ZFCNS26    (0)    5 :  0.003 0.005 0.003 0.003 0.003 0.002 0.002 0.004 0.003 0.959 0.007 0.004 0.003 
163  ZFCNS27    (0)    5 :  0.009 0.017 0.003 0.004 0.003 0.003 0.004 0.022 0.006 0.875 0.049 0.003 0.003 
164  ZFCNS28    (0)    5 :  0.004 0.004 0.003 0.003 0.003 0.002 0.002 0.003 0.003 0.960 0.005 0.003 0.004 
165  ZFCNS29    (0)    5 :  0.004 0.007 0.003 0.005 0.005 0.002 0.004 0.008 0.007 0.936 0.008 0.003 0.008 
166  ZFCNS30    (0)    5 :  0.003 0.005 0.003 0.005 0.005 0.002 0.003 0.004 0.007 0.945 0.008 0.004 0.005 
167  ZFCNS31    (0)    5 :  0.004 0.004 0.003 0.003 0.003 0.002 0.002 0.004 0.003 0.961 0.006 0.003 0.003 
168  ZFCNS32    (0)    5 :  0.007 0.006 0.003 0.005 0.004 0.003 0.003 0.006 0.006 0.940 0.010 0.003 0.005 
169  ZFCNS33    (0)    5 :  0.004 0.003 0.002 0.003 0.003 0.002 0.002 0.003 0.003 0.963 0.005 0.003 0.004 
170  ZFCNS34    (0)    5 :  0.004 0.004 0.003 0.005 0.005 0.002 0.003 0.005 0.006 0.942 0.005 0.003 0.011 
171  ZFCNS35    (0)    5 :  0.004 0.012 0.003 0.004 0.010 0.002 0.010 0.013 0.003 0.888 0.025 0.019 0.007 
172  ZFCNS36    (0)    5 :  0.008 0.005 0.003 0.005 0.003 0.002 0.003 0.008 0.009 0.935 0.007 0.002 0.009 
173  ZFCNS37    (0)    5 :  0.008 0.004 0.010 0.004 0.004 0.002 0.003 0.008 0.007 0.799 0.142 0.003 0.005 
174  ZFCNS39    (0)    5 :  0.022 0.008 0.005 0.013 0.003 0.003 0.005 0.007 0.007 0.877 0.030 0.002 0.018 
175  ZFCNS40    (0)    5 :  0.119 0.006 0.005 0.007 0.003 0.003 0.004 0.018 0.011 0.630 0.161 0.003 0.030 
176  ZFCNS41    (0)    5 :  0.005 0.013 0.009 0.011 0.005 0.004 0.008 0.018 0.013 0.221 0.672 0.005 0.016 
177  ZFCNS42    (0)    5 :  0.003 0.004 0.003 0.003 0.003 0.002 0.002 0.004 0.003 0.962 0.005 0.003 0.003 
178  ZFCNS43    (0)    5 :  0.003 0.003 0.003 0.003 0.003 0.002 0.002 0.003 0.003 0.965 0.005 0.003 0.004 
179  ZFCNS44    (0)    5 :  0.003 0.008 0.003 0.002 0.002 0.003 0.002 0.006 0.004 0.939 0.019 0.003 0.005 
180  ZFCNS46    (0)    5 :  0.004 0.006 0.004 0.006 0.004 0.002 0.003 0.005 0.005 0.942 0.010 0.003 0.005 
181  ZFCNS47    (0)    5 :  0.003 0.003 0.003 0.003 0.003 0.002 0.002 0.003 0.003 0.964 0.005 0.003 0.004 
182  ZFCNS48    (0)    5 :  0.006 0.015 0.003 0.004 0.004 0.003 0.003 0.010 0.005 0.902 0.033 0.004 0.007 
183  ZFCNS49    (0)    5 :  0.004 0.015 0.003 0.003 0.003 0.003 0.003 0.008 0.003 0.895 0.054 0.004 0.003 
184   ZFCR01    (0)    6 :  0.006 0.012 0.047 0.004 0.026 0.012 0.864 0.007 0.003 0.003 0.004 0.006 0.007 
185   ZFCR02    (0)    6 :  0.009 0.007 0.010 0.005 0.005 0.009 0.885 0.017 0.012 0.006 0.005 0.013 0.019 
186   ZFCR03    (0)    6 :  0.010 0.020 0.014 0.014 0.012 0.054 0.753 0.014 0.062 0.003 0.005 0.025 0.015 
187   ZFCR04    (0)    6 :  0.021 0.014 0.060 0.013 0.069 0.023 0.542 0.012 0.005 0.009 0.026 0.192 0.014 
188   ZFCR05    (0)    6 :  0.003 0.003 0.015 0.009 0.015 0.008 0.915 0.003 0.004 0.002 0.003 0.008 0.011 
189   ZFCR06    (0)    6 :  0.010 0.020 0.013 0.005 0.013 0.004 0.783 0.023 0.005 0.068 0.026 0.018 0.011 
190   ZFCR07    (0)    6 :  0.004 0.015 0.133 0.128 0.011 0.011 0.447 0.005 0.062 0.075 0.046 0.050 0.013 
191   ZFCR08    (0)    6 :  0.045 0.029 0.432 0.007 0.107 0.050 0.167 0.013 0.038 0.004 0.012 0.023 0.073 
192   ZFCR09    (0)    6 :  0.017 0.045 0.024 0.022 0.014 0.296 0.328 0.068 0.019 0.015 0.042 0.084 0.028 
193   ZFCR11    (0)    6 :  0.003 0.005 0.020 0.018 0.014 0.007 0.826 0.019 0.004 0.012 0.038 0.027 0.007 
194   ZFCR12    (0)    6 :  0.013 0.010 0.009 0.017 0.005 0.003 0.735 0.011 0.008 0.119 0.055 0.006 0.010 
195   ZFCR13    (0)    6 :  0.005 0.065 0.294 0.274 0.006 0.004 0.213 0.059 0.006 0.007 0.011 0.048 0.009 
196   ZFCR14    (0)    6 :  0.012 0.007 0.015 0.026 0.010 0.005 0.874 0.007 0.005 0.006 0.009 0.015 0.009 
197   ZFCR15    (0)    6 :  0.030 0.018 0.049 0.016 0.018 0.009 0.764 0.015 0.010 0.005 0.015 0.039 0.013 
198   ZFCR16    (0)    6 :  0.016 0.015 0.027 0.009 0.008 0.004 0.865 0.015 0.003 0.003 0.005 0.022 0.008 
199   ZFCR18    (0)    6 :  0.006 0.005 0.012 0.006 0.007 0.004 0.580 0.019 0.028 0.006 0.005 0.310 0.012 
200   ZFCR19    (0)    6 :  0.028 0.013 0.006 0.007 0.006 0.029 0.845 0.014 0.005 0.006 0.011 0.019 0.011 
201   ZFCR20    (0)    6 :  0.008 0.049 0.023 0.045 0.038 0.013 0.732 0.012 0.030 0.005 0.008 0.032 0.006 
202   ZFCR21    (0)    6 :  0.010 0.005 0.009 0.022 0.004 0.003 0.910 0.005 0.007 0.003 0.006 0.004 0.012 
203   ZFCR22    (0)    6 :  0.012 0.007 0.006 0.047 0.002 0.005 0.891 0.005 0.006 0.003 0.005 0.006 0.004 
204   ZFCR23    (0)    6 :  0.005 0.066 0.072 0.052 0.004 0.032 0.693 0.021 0.004 0.005 0.031 0.010 0.003 
205   ZFCR24    (9)    6 :  0.006 0.469 0.094 0.101 0.037 0.021 0.094 0.059 0.012 0.004 0.010 0.087 0.008 
206   ZFCR25    (0)    6 :  0.004 0.004 0.010 0.011 0.009 0.004 0.928 0.004 0.006 0.003 0.005 0.007 0.005 
207   ZFCR26    (0)    6 :  0.012 0.009 0.012 0.185 0.009 0.038 0.687 0.012 0.007 0.004 0.009 0.004 0.013 
208   ZFCR27    (9)    6 :  0.003 0.003 0.352 0.038 0.023 0.013 0.539 0.003 0.003 0.003 0.003 0.013 0.005 
209   ZFCR28    (0)    6 :  0.049 0.066 0.141 0.006 0.006 0.005 0.620 0.035 0.008 0.029 0.022 0.004 0.010 
210   ZFCR29    (0)    6 :  0.004 0.005 0.005 0.015 0.006 0.005 0.934 0.005 0.004 0.002 0.004 0.008 0.004 
211   ZFCR30    (0)    6 :  0.008 0.007 0.011 0.041 0.007 0.007 0.871 0.006 0.009 0.009 0.011 0.007 0.006 
212   ZFCR31    (0)    6 :  0.017 0.045 0.017 0.022 0.013 0.044 0.471 0.063 0.030 0.043 0.050 0.174 0.010 
213   ZFCR33    (0)    6 :  0.013 0.012 0.688 0.034 0.056 0.041 0.062 0.009 0.010 0.006 0.018 0.007 0.043 
214   ZFCR34    (0)    6 :  0.010 0.026 0.053 0.214 0.005 0.013 0.463 0.009 0.004 0.011 0.033 0.142 0.017 
215   ZFCR35    (0)    6 :  0.004 0.006 0.009 0.005 0.011 0.016 0.809 0.005 0.004 0.004 0.005 0.112 0.009 
216   ZFCR36    (0)    6 :  0.004 0.009 0.010 0.017 0.007 0.015 0.850 0.005 0.006 0.018 0.008 0.044 0.006 
217   ZFCR37    (0)    6 :  0.004 0.004 0.124 0.577 0.058 0.040 0.052 0.003 0.014 0.003 0.004 0.058 0.058 
218   ZFCR38    (0)    6 :  0.012 0.007 0.528 0.033 0.053 0.026 0.252 0.008 0.012 0.007 0.010 0.008 0.043 
219   ZFCR39    (0)    6 :  0.036 0.051 0.284 0.008 0.009 0.190 0.215 0.049 0.035 0.003 0.013 0.022 0.083 
220   ZFCR40    (0)    6 :  0.004 0.013 0.123 0.010 0.012 0.030 0.743 0.006 0.006 0.005 0.014 0.011 0.024 
221   ZFCR41    (0)    6 :  0.021 0.006 0.011 0.014 0.008 0.003 0.750 0.009 0.006 0.013 0.129 0.005 0.026 
222   ZFCR42    (0)    6 :  0.020 0.022 0.087 0.079 0.009 0.018 0.630 0.014 0.020 0.018 0.032 0.007 0.043 
223   ZFCR43    (0)    6 :  0.004 0.025 0.013 0.009 0.011 0.004 0.858 0.032 0.004 0.006 0.006 0.024 0.004 
224  ZFENP25    (0)    7 :  0.012 0.014 0.829 0.006 0.042 0.005 0.045 0.004 0.006 0.003 0.005 0.005 0.024 
225  ZFENP26    (0)    7 :  0.003 0.002 0.946 0.004 0.006 0.008 0.007 0.003 0.005 0.003 0.004 0.006 0.004 
226  ZFENP27    (0)    7 :  0.013 0.026 0.304 0.005 0.031 0.041 0.227 0.007 0.044 0.060 0.033 0.018 0.190 
227  ZFENP28    (0)    7 :  0.005 0.003 0.871 0.009 0.028 0.014 0.023 0.005 0.005 0.010 0.005 0.009 0.012 
228  ZFENP29    (0)    7 :  0.004 0.005 0.909 0.009 0.005 0.005 0.030 0.003 0.006 0.004 0.004 0.005 0.010 
229  ZFENP30    (0)    7 :  0.007 0.005 0.783 0.012 0.008 0.012 0.009 0.007 0.103 0.009 0.005 0.008 0.033 
230  ZFENP31    (0)    7 :  0.004 0.004 0.186 0.007 0.016 0.372 0.012 0.011 0.353 0.006 0.004 0.014 0.013 
231  ZFENP32    (0)    7 :  0.006 0.013 0.229 0.010 0.023 0.229 0.066 0.028 0.110 0.025 0.017 0.229 0.014 
232  ZFENP33    (0)    7 :  0.004 0.007 0.809 0.042 0.034 0.014 0.016 0.006 0.038 0.004 0.007 0.013 0.005 
233  ZFENP34    (0)    7 :  0.004 0.004 0.177 0.007 0.600 0.012 0.027 0.008 0.095 0.010 0.006 0.029 0.020 
234  ZFENP35    (0)    7 :  0.005 0.012 0.873 0.009 0.007 0.025 0.004 0.006 0.007 0.013 0.018 0.017 0.005 
235  ZFENP36    (0)    7 :  0.002 0.003 0.927 0.007 0.005 0.011 0.007 0.002 0.007 0.010 0.004 0.011 0.003 
236  ZFENP37    (0)    7 :  0.004 0.008 0.526 0.030 0.313 0.059 0.009 0.005 0.009 0.009 0.007 0.013 0.008 
237  ZFENP38    (0)    7 :  0.005 0.006 0.415 0.433 0.033 0.025 0.013 0.005 0.014 0.016 0.008 0.011 0.016 
238  ZFENP39    (0)    7 :  0.003 0.005 0.779 0.014 0.025 0.023 0.105 0.003 0.006 0.005 0.004 0.014 0.015 
239  ZFENP40    (0)    7 :  0.004 0.011 0.800 0.007 0.019 0.035 0.067 0.009 0.013 0.006 0.006 0.015 0.008 
240  ZFENP41    (0)    7 :  0.010 0.007 0.780 0.007 0.016 0.012 0.026 0.005 0.033 0.008 0.007 0.018 0.070 
241  ZFENP42    (0)    7 :  0.005 0.003 0.807 0.030 0.004 0.111 0.010 0.003 0.009 0.003 0.006 0.003 0.005 
242  ZFENP43    (0)    7 :  0.006 0.009 0.704 0.083 0.029 0.018 0.020 0.007 0.008 0.048 0.031 0.008 0.030 
243  ZFENP44    (0)    7 :  0.003 0.007 0.823 0.021 0.017 0.052 0.010 0.004 0.023 0.008 0.011 0.006 0.014 
244  ZFENP45    (0)    7 :  0.306 0.020 0.453 0.045 0.009 0.057 0.021 0.031 0.016 0.007 0.013 0.007 0.014 
245  ZFENP46    (0)    7 :  0.005 0.018 0.793 0.049 0.035 0.021 0.018 0.011 0.011 0.006 0.020 0.009 0.003 
246  ZFENP47    (0)    7 :  0.148 0.014 0.172 0.006 0.010 0.375 0.135 0.014 0.018 0.004 0.005 0.039 0.061 
247  ZFENP48    (0)    7 :  0.009 0.010 0.075 0.016 0.498 0.016 0.039 0.016 0.278 0.008 0.006 0.014 0.016 
248  ZFENP49    (0)    7 :  0.011 0.010 0.178 0.011 0.005 0.011 0.570 0.010 0.141 0.006 0.006 0.034 0.007 
249  ZFENP50    (0)    7 :  0.009 0.056 0.682 0.088 0.007 0.043 0.043 0.031 0.006 0.004 0.017 0.009 0.004 
250  ZFENP51    (0)    7 :  0.053 0.004 0.390 0.019 0.016 0.390 0.042 0.004 0.034 0.006 0.005 0.031 0.007 
251  ZFENP52    (0)    7 :  0.005 0.005 0.918 0.010 0.003 0.007 0.006 0.004 0.007 0.010 0.014 0.003 0.009 
252  ZFENP53    (0)    7 :  0.030 0.031 0.775 0.023 0.009 0.017 0.015 0.049 0.008 0.011 0.019 0.007 0.007 
253  ZFENP54    (0)    7 :  0.006 0.022 0.152 0.015 0.009 0.009 0.685 0.028 0.026 0.005 0.011 0.013 0.018 
254  ZFENP55    (0)    7 :  0.004 0.005 0.222 0.593 0.030 0.020 0.050 0.006 0.009 0.004 0.004 0.051 0.003 
255  ZFENP56    (0)    7 :  0.005 0.003 0.844 0.061 0.009 0.013 0.010 0.004 0.011 0.009 0.008 0.014 0.008 
256  ZFENP57    (0)    7 :  0.002 0.005 0.833 0.018 0.020 0.054 0.013 0.003 0.013 0.012 0.008 0.014 0.004 
257  ZFENP58    (0)    7 :  0.114 0.008 0.377 0.022 0.005 0.011 0.075 0.008 0.308 0.015 0.015 0.021 0.022 
258  ZFENP59    (0)    7 :  0.005 0.005 0.780 0.008 0.009 0.041 0.027 0.006 0.027 0.005 0.004 0.013 0.070 
259  ZFENP60    (0)    7 :  0.014 0.012 0.764 0.014 0.030 0.016 0.073 0.009 0.006 0.007 0.008 0.035 0.011 
260  ZFENP61    (0)    7 :  0.003 0.004 0.848 0.011 0.016 0.008 0.057 0.003 0.008 0.004 0.004 0.019 0.014 
261 ZFFDSP01    (0)    8 :  0.014 0.894 0.002 0.007 0.003 0.003 0.004 0.010 0.003 0.010 0.040 0.005 0.004 
262 ZFFDSP02    (0)    8 :  0.004 0.952 0.002 0.004 0.003 0.002 0.003 0.008 0.003 0.003 0.009 0.003 0.004 
263 ZFFDSP04    (0)    8 :  0.010 0.933 0.002 0.005 0.004 0.002 0.004 0.017 0.003 0.003 0.009 0.004 0.004 
264 ZFFDSP05    (0)    8 :  0.012 0.761 0.003 0.006 0.003 0.003 0.004 0.046 0.003 0.006 0.145 0.003 0.004 
265 ZFFDSP06    (0)    8 :  0.018 0.519 0.002 0.005 0.011 0.002 0.005 0.378 0.004 0.003 0.035 0.003 0.014 
266 ZFFDSP07    (0)    8 :  0.034 0.832 0.004 0.007 0.004 0.004 0.005 0.061 0.025 0.004 0.006 0.002 0.012 
267 ZFFDSP08    (0)    8 :  0.080 0.273 0.005 0.013 0.003 0.004 0.005 0.523 0.034 0.013 0.033 0.003 0.011 
268 ZFFDSP10    (0)    8 :  0.011 0.915 0.003 0.006 0.003 0.003 0.004 0.019 0.006 0.004 0.017 0.003 0.004 
269 ZFFDSP11    (0)    8 :  0.006 0.915 0.003 0.006 0.003 0.003 0.005 0.032 0.003 0.003 0.012 0.004 0.004 
270 ZFFDSP12    (0)    8 :  0.009 0.308 0.003 0.004 0.003 0.003 0.003 0.640 0.005 0.005 0.011 0.002 0.004 
271 ZFFDSP13    (0)    8 :  0.005 0.061 0.005 0.011 0.004 0.004 0.005 0.027 0.008 0.015 0.843 0.004 0.008 
272 ZFFDSP14    (0)    8 :  0.017 0.920 0.003 0.006 0.004 0.003 0.004 0.022 0.006 0.003 0.005 0.002 0.005 
273 ZFFDSP16    (0)    8 :  0.004 0.907 0.006 0.007 0.007 0.003 0.007 0.015 0.005 0.014 0.012 0.006 0.007 
274 ZFFDSP17    (0)    8 :  0.008 0.912 0.004 0.008 0.005 0.002 0.004 0.021 0.005 0.005 0.016 0.004 0.006 
275 ZFFDSP18    (0)    8 :  0.014 0.929 0.003 0.004 0.005 0.002 0.005 0.016 0.003 0.005 0.006 0.004 0.005 
276 ZFFDSP19    (0)    8 :  0.016 0.763 0.003 0.004 0.006 0.002 0.004 0.018 0.003 0.113 0.039 0.004 0.024 
277 ZFFDSP21    (0)    8 :  0.006 0.650 0.004 0.004 0.005 0.002 0.005 0.013 0.004 0.081 0.202 0.003 0.022 
278 ZFFDSP22    (0)    8 :  0.089 0.757 0.003 0.006 0.003 0.002 0.004 0.108 0.005 0.004 0.010 0.002 0.007 
279 ZFFDSP23    (0)    8 :  0.126 0.707 0.002 0.005 0.004 0.002 0.003 0.036 0.003 0.010 0.094 0.002 0.005 
280 ZFFDSP24    (0)    8 :  0.006 0.868 0.003 0.005 0.004 0.002 0.003 0.016 0.004 0.010 0.070 0.004 0.004 
281 ZFFDSP26    (9)    8 :  0.013 0.761 0.003 0.005 0.003 0.003 0.005 0.094 0.004 0.007 0.093 0.004 0.005 
282 ZFFDSP27    (0)    8 :  0.007 0.921 0.003 0.003 0.004 0.002 0.004 0.023 0.003 0.008 0.015 0.004 0.003 
283 ZFFDSP28    (0)    8 :  0.007 0.786 0.007 0.011 0.024 0.012 0.011 0.062 0.016 0.004 0.025 0.030 0.007 
284 ZFFDSP30    (0)    8 :  0.006 0.713 0.003 0.007 0.005 0.005 0.006 0.014 0.006 0.035 0.155 0.038 0.005 
285 ZFFDSP31    (0)    8 :  0.005 0.067 0.005 0.006 0.009 0.002 0.004 0.854 0.005 0.009 0.026 0.003 0.005 
286 ZFFDSP32    (0)    8 :  0.005 0.950 0.003 0.004 0.004 0.002 0.003 0.008 0.004 0.004 0.009 0.002 0.003 
287 ZFFDSP33    (0)    8 :  0.006 0.936 0.003 0.003 0.003 0.002 0.003 0.018 0.003 0.005 0.013 0.003 0.002 
288 ZFFDSP34    (0)    8 :  0.015 0.215 0.003 0.006 0.005 0.002 0.004 0.686 0.005 0.006 0.041 0.003 0.009 
289 ZFFDSP35    (0)    8 :  0.007 0.872 0.003 0.004 0.004 0.002 0.004 0.016 0.003 0.005 0.071 0.004 0.004 
290 ZFFDSP37    (0)    8 :  0.004 0.945 0.003 0.003 0.004 0.002 0.003 0.011 0.004 0.005 0.010 0.003 0.003 
291 ZFFDSP38    (0)    8 :  0.004 0.923 0.003 0.004 0.004 0.003 0.003 0.033 0.003 0.006 0.007 0.004 0.004 
292 ZFFDSP39    (0)    8 :  0.010 0.498 0.003 0.003 0.003 0.002 0.004 0.037 0.003 0.008 0.424 0.004 0.003 
293 ZFFDSP40    (0)    8 :  0.005 0.804 0.003 0.003 0.004 0.002 0.004 0.029 0.004 0.008 0.127 0.005 0.003 
294 ZFFDSP42    (0)    8 :  0.068 0.759 0.003 0.005 0.003 0.002 0.004 0.076 0.003 0.008 0.060 0.003 0.005 
295 ZFFDSP43    (0)    8 :  0.011 0.876 0.003 0.003 0.003 0.002 0.004 0.056 0.002 0.011 0.022 0.004 0.003 
296 ZFFDSP44    (0)    8 :  0.005 0.902 0.003 0.005 0.004 0.003 0.003 0.025 0.004 0.009 0.029 0.004 0.003 
297 ZFFDSP45    (0)    8 :  0.004 0.924 0.003 0.004 0.003 0.002 0.004 0.022 0.004 0.006 0.016 0.004 0.004 
298 ZFFDSP46    (0)    8 :  0.008 0.921 0.003 0.004 0.004 0.002 0.004 0.016 0.004 0.007 0.020 0.004 0.004 
299 ZFFDSP47    (0)    8 :  0.015 0.525 0.003 0.006 0.004 0.003 0.003 0.042 0.004 0.014 0.374 0.004 0.004 
300 ZFFDSP48    (0)    8 :  0.007 0.699 0.003 0.004 0.004 0.003 0.004 0.023 0.004 0.016 0.227 0.004 0.004 
301    ZFI01    (0)    9 :  0.005 0.005 0.011 0.009 0.033 0.030 0.023 0.005 0.014 0.008 0.004 0.844 0.009 
302    ZFI02    (0)    9 :  0.004 0.005 0.005 0.007 0.021 0.012 0.013 0.005 0.003 0.008 0.004 0.908 0.004 
303    ZFI03    (0)    9 :  0.003 0.004 0.006 0.006 0.052 0.005 0.010 0.004 0.005 0.008 0.004 0.888 0.006 
304    ZFI04    (0)    9 :  0.003 0.004 0.006 0.006 0.842 0.016 0.005 0.003 0.004 0.005 0.004 0.097 0.004 
305    ZFI05    (0)    9 :  0.003 0.004 0.007 0.005 0.007 0.004 0.007 0.004 0.009 0.014 0.005 0.927 0.004 
306    ZFI06    (0)    9 :  0.003 0.022 0.022 0.009 0.021 0.011 0.031 0.010 0.006 0.078 0.032 0.751 0.004 
307    ZFI07    (0)    9 :  0.003 0.004 0.007 0.006 0.431 0.005 0.006 0.004 0.007 0.004 0.004 0.516 0.004 
308    ZFI08    (0)    9 :  0.003 0.003 0.012 0.011 0.134 0.010 0.022 0.004 0.006 0.004 0.003 0.782 0.006 
309    ZFI09    (0)    9 :  0.003 0.004 0.008 0.006 0.015 0.009 0.012 0.004 0.005 0.006 0.004 0.920 0.004 
310    ZFI10    (0)    9 :  0.004 0.005 0.008 0.007 0.036 0.011 0.006 0.005 0.005 0.048 0.006 0.854 0.004 
311    ZFI11    (0)    9 :  0.003 0.003 0.007 0.006 0.080 0.016 0.008 0.003 0.007 0.007 0.004 0.850 0.004 
312    ZFI12    (0)    9 :  0.003 0.005 0.006 0.011 0.119 0.004 0.008 0.004 0.006 0.014 0.005 0.810 0.007 
313    ZFI13    (0)    9 :  0.003 0.004 0.007 0.005 0.013 0.007 0.008 0.004 0.017 0.006 0.005 0.915 0.006 
314    ZFI14    (0)    9 :  0.003 0.009 0.004 0.004 0.008 0.005 0.006 0.006 0.004 0.007 0.006 0.934 0.005 
315    ZFI15    (0)    9 :  0.002 0.004 0.005 0.004 0.008 0.003 0.007 0.003 0.006 0.005 0.003 0.947 0.004 
316    ZFI16    (0)    9 :  0.002 0.004 0.005 0.005 0.015 0.003 0.006 0.004 0.004 0.005 0.004 0.940 0.005 
317    ZFI17    (0)    9 :  0.003 0.004 0.008 0.008 0.039 0.007 0.006 0.004 0.006 0.010 0.005 0.897 0.004 
318    ZFI18    (0)    9 :  0.002 0.003 0.007 0.004 0.012 0.007 0.005 0.003 0.004 0.006 0.003 0.940 0.003 
319    ZFI19    (9)    9 :  0.002 0.003 0.004 0.005 0.009 0.004 0.006 0.003 0.005 0.004 0.003 0.949 0.003 
320    ZFI20    (0)    9 :  0.003 0.005 0.004 0.005 0.009 0.004 0.010 0.004 0.003 0.005 0.005 0.941 0.004 
321    ZFI21    (0)    9 :  0.003 0.009 0.003 0.004 0.005 0.003 0.005 0.005 0.004 0.006 0.008 0.941 0.003 
322    ZFI22    (0)    9 :  0.004 0.005 0.005 0.005 0.022 0.009 0.010 0.005 0.004 0.004 0.004 0.916 0.007 
323    ZFI23    (0)    9 :  0.002 0.004 0.005 0.005 0.027 0.004 0.005 0.003 0.005 0.007 0.004 0.923 0.004 
324    ZFI24    (0)    9 :  0.003 0.005 0.006 0.010 0.057 0.004 0.008 0.004 0.007 0.011 0.005 0.873 0.007 
325    ZFI25    (0)    9 :  0.004 0.006 0.007 0.006 0.053 0.004 0.013 0.005 0.005 0.006 0.004 0.879 0.008 
326    ZFI26    (0)    9 :  0.003 0.004 0.007 0.007 0.069 0.004 0.011 0.004 0.009 0.005 0.004 0.864 0.007 
327    ZFI27    (0)    9 :  0.003 0.005 0.007 0.012 0.024 0.004 0.006 0.004 0.012 0.028 0.007 0.883 0.005 
328    ZFK01    (0)    9 :  0.004 0.003 0.003 0.004 0.003 0.003 0.003 0.004 0.957 0.007 0.003 0.003 0.005 
329    ZFK02    (0)   10 :  0.004 0.003 0.003 0.004 0.003 0.003 0.003 0.003 0.958 0.006 0.004 0.003 0.005 
330    ZFK03    (0)   10 :  0.003 0.003 0.003 0.003 0.003 0.003 0.003 0.003 0.959 0.005 0.003 0.003 0.005 
331    ZFK04    (0)   10 :  0.003 0.003 0.004 0.003 0.004 0.004 0.003 0.003 0.960 0.003 0.003 0.004 0.004 
332    ZFK05    (0)   10 :  0.002 0.002 0.006 0.003 0.008 0.012 0.004 0.003 0.935 0.004 0.003 0.007 0.010 
333    ZFK06    (0)   10 :  0.003 0.003 0.005 0.003 0.009 0.006 0.005 0.003 0.938 0.004 0.003 0.009 0.010 
334    ZFK07    (0)   10 :  0.005 0.003 0.003 0.005 0.002 0.003 0.003 0.004 0.953 0.005 0.005 0.002 0.006 
335    ZFK08    (0)   10 :  0.003 0.003 0.004 0.005 0.003 0.005 0.003 0.003 0.956 0.003 0.004 0.004 0.004 
336    ZFK10    (0)   10 :  0.002 0.003 0.003 0.003 0.004 0.003 0.003 0.003 0.961 0.004 0.003 0.004 0.004 
337    ZFK11    (0)   10 :  0.003 0.003 0.006 0.003 0.010 0.008 0.005 0.003 0.936 0.004 0.003 0.006 0.010 
338    ZFK12    (0)   10 :  0.008 0.005 0.003 0.010 0.003 0.003 0.003 0.005 0.941 0.004 0.007 0.002 0.007 
339    ZFK13    (0)   10 :  0.010 0.018 0.003 0.005 0.003 0.007 0.003 0.015 0.899 0.004 0.021 0.004 0.007 
340    ZFK14    (0)   10 :  0.033 0.020 0.006 0.011 0.008 0.016 0.006 0.019 0.666 0.012 0.021 0.009 0.173 
341    ZFK15    (0)   10 :  0.004 0.015 0.004 0.003 0.003 0.010 0.004 0.013 0.917 0.005 0.011 0.005 0.006 
342    ZFK16    (0)   10 :  0.005 0.004 0.004 0.005 0.003 0.003 0.003 0.006 0.948 0.004 0.006 0.002 0.006 
343   ZFLB01    (0)   11 :  0.004 0.016 0.009 0.004 0.007 0.913 0.004 0.006 0.007 0.006 0.011 0.010 0.003 
344   ZFLB02    (0)   11 :  0.004 0.006 0.124 0.008 0.071 0.752 0.010 0.003 0.003 0.003 0.005 0.008 0.003 
345   ZFLB03    (0)   11 :  0.006 0.005 0.181 0.008 0.010 0.660 0.011 0.006 0.013 0.079 0.010 0.007 0.005 
346   ZFLB04    (0)   11 :  0.005 0.018 0.007 0.004 0.005 0.645 0.004 0.010 0.010 0.236 0.030 0.020 0.005 
347   ZFLB05    (0)   11 :  0.003 0.008 0.012 0.004 0.007 0.892 0.005 0.004 0.007 0.025 0.012 0.018 0.003 
348   ZFLB06    (0)   11 :  0.004 0.005 0.009 0.004 0.004 0.899 0.004 0.010 0.037 0.006 0.005 0.004 0.007 
349   ZFLB07    (0)   11 :  0.008 0.012 0.113 0.014 0.005 0.569 0.007 0.019 0.090 0.110 0.038 0.006 0.009 
350   ZFLB08    (0)   11 :  0.005 0.005 0.080 0.012 0.060 0.788 0.009 0.004 0.008 0.007 0.006 0.012 0.004 
351   ZFLB09    (9)   11 :  0.003 0.005 0.007 0.004 0.005 0.938 0.004 0.004 0.010 0.004 0.005 0.006 0.005 
352   ZFLB10    (0)   11 :  0.002 0.005 0.007 0.004 0.003 0.941 0.004 0.003 0.006 0.009 0.005 0.007 0.004 
353   ZFLB11    (0)   11 :  0.010 0.005 0.007 0.008 0.003 0.908 0.004 0.007 0.021 0.004 0.007 0.003 0.012 
354   ZFLB12    (0)   11 :  0.002 0.003 0.008 0.004 0.005 0.949 0.003 0.003 0.007 0.003 0.003 0.004 0.005 
355   ZFLB13    (0)   11 :  0.005 0.013 0.073 0.015 0.009 0.820 0.008 0.007 0.011 0.009 0.015 0.004 0.012 
356  ZFLTI01    (0)   12 :  0.013 0.027 0.004 0.008 0.005 0.003 0.007 0.016 0.006 0.009 0.867 0.004 0.034 
357  ZFLTI02    (0)   12 :  0.012 0.007 0.004 0.006 0.008 0.002 0.005 0.019 0.009 0.026 0.840 0.003 0.060 
358  ZFLTI03    (0)   12 :  0.008 0.006 0.003 0.006 0.005 0.002 0.002 0.008 0.005 0.010 0.934 0.003 0.008 
359  ZFLTI04    (0)   12 :  0.005 0.012 0.005 0.009 0.006 0.003 0.005 0.015 0.012 0.017 0.896 0.005 0.011 
360  ZFLTI05    (0)   12 :  0.004 0.007 0.003 0.004 0.006 0.002 0.003 0.007 0.006 0.014 0.935 0.003 0.006 
361  ZFLTI06    (0)   12 :  0.010 0.026 0.003 0.004 0.003 0.002 0.004 0.010 0.004 0.006 0.916 0.004 0.006 
362  ZFLTI07    (0)   12 :  0.004 0.018 0.003 0.005 0.005 0.002 0.005 0.006 0.005 0.006 0.932 0.004 0.005 
363  ZFLTI08    (0)   12 :  0.005 0.006 0.004 0.009 0.015 0.002 0.004 0.008 0.006 0.017 0.914 0.005 0.006 
364  ZFLTI09    (0)   12 :  0.005 0.011 0.003 0.006 0.012 0.002 0.004 0.014 0.005 0.007 0.920 0.005 0.006 
365  ZFLTI10    (0)   12 :  0.004 0.013 0.003 0.004 0.008 0.002 0.005 0.023 0.005 0.005 0.914 0.004 0.009 
366  ZFLTI11    (0)   12 :  0.015 0.013 0.003 0.005 0.007 0.003 0.003 0.020 0.004 0.010 0.909 0.003 0.007 
367  ZFLTI12    (0)   12 :  0.012 0.008 0.003 0.005 0.006 0.002 0.004 0.019 0.007 0.009 0.904 0.003 0.018 
368  ZFLTI13    (0)   12 :  0.009 0.008 0.004 0.009 0.005 0.002 0.004 0.006 0.008 0.035 0.882 0.004 0.023 
369  ZFLTI14    (0)   12 :  0.005 0.015 0.004 0.006 0.013 0.002 0.006 0.033 0.012 0.149 0.673 0.004 0.079 
370 ZFONF101    (0)   13 :  0.006 0.010 0.004 0.004 0.003 0.003 0.003 0.951 0.002 0.003 0.006 0.003 0.002 
371 ZFONF102    (0)   13 :  0.009 0.010 0.004 0.003 0.003 0.005 0.003 0.947 0.003 0.002 0.004 0.003 0.003 
372 ZFONF103    (0)   13 :  0.009 0.007 0.004 0.007 0.004 0.003 0.003 0.909 0.010 0.021 0.012 0.003 0.008 
373 ZFONF104    (0)   13 :  0.014 0.010 0.002 0.003 0.002 0.002 0.003 0.946 0.002 0.003 0.006 0.002 0.004 
374 ZFONF105    (0)   13 :  0.027 0.006 0.003 0.004 0.003 0.003 0.003 0.932 0.004 0.005 0.005 0.002 0.003 
375 ZFONF106    (0)   13 :  0.005 0.009 0.002 0.002 0.003 0.002 0.003 0.959 0.003 0.003 0.004 0.003 0.003 
376 ZFONF107    (0)   13 :  0.005 0.005 0.012 0.004 0.007 0.012 0.006 0.916 0.011 0.007 0.005 0.007 0.005 
377 ZFONF108    (0)   13 :  0.004 0.005 0.005 0.003 0.005 0.004 0.003 0.938 0.012 0.008 0.005 0.003 0.004 
378 ZFONF109    (9)   13 :  0.010 0.005 0.003 0.003 0.003 0.003 0.003 0.945 0.007 0.006 0.005 0.003 0.005 
379 ZFONF110    (0)   13 :  0.012 0.019 0.002 0.003 0.002 0.002 0.004 0.930 0.003 0.004 0.009 0.003 0.007 
380 ZFONF111    (0)   13 :  0.012 0.007 0.011 0.015 0.004 0.008 0.011 0.903 0.003 0.004 0.009 0.005 0.008 
381 ZFONF112    (0)   13 :  0.028 0.006 0.003 0.003 0.003 0.002 0.003 0.929 0.004 0.009 0.005 0.003 0.004 
382 ZFONF113    (9)   13 :  0.009 0.008 0.005 0.010 0.003 0.006 0.004 0.927 0.008 0.005 0.009 0.002 0.005 
383 ZFONF115    (0)   13 :  0.008 0.008 0.003 0.004 0.004 0.003 0.003 0.946 0.005 0.006 0.004 0.003 0.004 
384 ZFONF116    (0)   13 :  0.025 0.158 0.004 0.004 0.013 0.003 0.005 0.757 0.006 0.010 0.006 0.004 0.005 
385 ZFONF117    (0)   13 :  0.020 0.016 0.004 0.005 0.004 0.003 0.004 0.791 0.010 0.020 0.113 0.004 0.006 
386 ZFONF118    (0)   13 :  0.011 0.010 0.003 0.007 0.008 0.002 0.003 0.914 0.006 0.013 0.013 0.004 0.006 
387 ZFONF119    (0)   13 :  0.019 0.135 0.003 0.006 0.003 0.006 0.005 0.786 0.016 0.004 0.007 0.003 0.007 
388 ZFONF120    (0)   13 :  0.046 0.159 0.004 0.015 0.003 0.005 0.006 0.692 0.028 0.004 0.018 0.003 0.017 
389 ZFONF121    (0)   13 :  0.066 0.223 0.003 0.006 0.004 0.004 0.004 0.656 0.007 0.006 0.012 0.004 0.005 
390 ZFONF122    (0)   13 :  0.007 0.020 0.005 0.009 0.007 0.002 0.005 0.857 0.010 0.011 0.050 0.004 0.011 
391 ZFONF123    (0)   13 :  0.037 0.186 0.009 0.004 0.005 0.023 0.008 0.702 0.007 0.003 0.006 0.004 0.006 
392 ZFONF124    (0)   13 :  0.011 0.005 0.003 0.003 0.002 0.003 0.002 0.952 0.005 0.004 0.005 0.002 0.003 
393 ZFONF125    (0)   13 :  0.059 0.027 0.011 0.011 0.003 0.013 0.007 0.817 0.016 0.005 0.013 0.004 0.015 
394 ZFONF126    (0)   13 :  0.016 0.044 0.004 0.008 0.015 0.002 0.008 0.856 0.006 0.007 0.014 0.003 0.017 
395 ZFONF201    (0)   14 :  0.581 0.111 0.013 0.010 0.037 0.028 0.033 0.034 0.005 0.003 0.040 0.066 0.038 
396 ZFONF202    (0)   14 :  0.848 0.091 0.002 0.005 0.004 0.002 0.004 0.014 0.004 0.003 0.009 0.003 0.010 
397 ZFONF203    (0)   14 :  0.931 0.009 0.003 0.011 0.004 0.003 0.004 0.007 0.009 0.003 0.006 0.003 0.006 
398 ZFONF204    (0)   14 :  0.893 0.006 0.008 0.006 0.010 0.006 0.007 0.005 0.008 0.004 0.009 0.006 0.034 
399 ZFONF206    (0)   14 :  0.890 0.007 0.019 0.006 0.011 0.012 0.017 0.005 0.003 0.003 0.005 0.010 0.010 
400 ZFONF207    (0)   14 :  0.947 0.007 0.004 0.005 0.004 0.003 0.003 0.005 0.005 0.004 0.005 0.003 0.004 
401 ZFONF208    (0)   14 :  0.806 0.088 0.004 0.010 0.005 0.003 0.005 0.019 0.007 0.005 0.033 0.005 0.008 
402 ZFONF209    (0)   14 :  0.874 0.010 0.008 0.008 0.014 0.007 0.006 0.007 0.014 0.010 0.011 0.010 0.023 
403 ZFONF210    (0)   14 :  0.939 0.011 0.002 0.003 0.003 0.002 0.002 0.009 0.004 0.008 0.010 0.003 0.004 
404 ZFONF211    (0)   14 :  0.832 0.030 0.010 0.016 0.004 0.016 0.007 0.024 0.012 0.013 0.020 0.004 0.011 
405 ZFONF212    (0)   14 :  0.939 0.013 0.002 0.003 0.002 0.002 0.002 0.010 0.003 0.006 0.010 0.003 0.003 
406 ZFONF214    (0)   14 :  0.865 0.042 0.005 0.016 0.003 0.006 0.005 0.030 0.006 0.003 0.010 0.002 0.007 
407 ZFONF215    (0)   14 :  0.932 0.012 0.002 0.004 0.002 0.002 0.003 0.021 0.004 0.004 0.006 0.002 0.004 
408 ZFONF216    (0)   14 :  0.956 0.004 0.003 0.004 0.002 0.003 0.003 0.006 0.005 0.005 0.005 0.002 0.003 
409 ZFONF217    (0)   14 :  0.885 0.065 0.003 0.003 0.004 0.003 0.003 0.011 0.005 0.004 0.007 0.002 0.004 
410 ZFONF218    (0)   14 :  0.941 0.004 0.008 0.005 0.003 0.007 0.004 0.008 0.004 0.004 0.006 0.003 0.003 
411 ZFONF219    (0)   14 :  0.965 0.004 0.002 0.002 0.002 0.002 0.003 0.008 0.002 0.003 0.003 0.002 0.002 
412 ZFONF220    (0)   14 :  0.905 0.042 0.003 0.005 0.005 0.003 0.004 0.010 0.007 0.004 0.005 0.002 0.005 
413 ZFONF222    (0)   14 :  0.951 0.004 0.005 0.005 0.003 0.007 0.004 0.004 0.004 0.004 0.004 0.003 0.003 
414 ZFONF223    (0)   14 :  0.935 0.008 0.007 0.007 0.004 0.008 0.006 0.007 0.005 0.003 0.004 0.004 0.003 
415 ZFONF224    (0)   14 :  0.965 0.004 0.002 0.003 0.002 0.002 0.002 0.005 0.003 0.004 0.004 0.002 0.003 
416 ZFONF225    (0)   14 :  0.956 0.006 0.002 0.003 0.002 0.002 0.003 0.010 0.003 0.004 0.004 0.002 0.004 
417 ZFONF226    (0)   14 :  0.937 0.008 0.003 0.008 0.003 0.003 0.003 0.008 0.009 0.004 0.006 0.003 0.005 
418 ZFONF227    (0)   14 :  0.965 0.004 0.002 0.003 0.002 0.002 0.002 0.005 0.002 0.003 0.004 0.002 0.003 
419 ZFONF228    (0)   14 :  0.921 0.010 0.004 0.004 0.006 0.004 0.005 0.009 0.006 0.012 0.010 0.004 0.004 
420 ZFONF230    (0)   14 :  0.938 0.012 0.002 0.003 0.002 0.002 0.003 0.016 0.003 0.003 0.008 0.002 0.005 
421 ZFONF231    (0)   14 :  0.932 0.011 0.005 0.011 0.002 0.005 0.005 0.006 0.003 0.004 0.007 0.002 0.007 
422 ZFONF232    (0)   14 :  0.958 0.007 0.002 0.002 0.002 0.002 0.003 0.008 0.003 0.003 0.004 0.002 0.003 
423 ZFONF233    (0)   14 :  0.959 0.005 0.002 0.004 0.002 0.002 0.003 0.005 0.004 0.004 0.003 0.002 0.004 
424 ZFONF234    (0)   14 :  0.868 0.013 0.023 0.006 0.006 0.004 0.012 0.020 0.010 0.010 0.017 0.005 0.008 
425 ZFONF235    (0)   14 :  0.966 0.004 0.002 0.003 0.002 0.002 0.003 0.004 0.002 0.003 0.003 0.002 0.004 
426 ZFONF236    (0)   14 :  0.816 0.012 0.022 0.005 0.023 0.011 0.013 0.016 0.010 0.026 0.011 0.018 0.017 
427 ZFONF238    (0)   14 :  0.943 0.007 0.003 0.006 0.004 0.002 0.004 0.008 0.004 0.003 0.006 0.003 0.006 
428 ZFONF239    (0)   14 :  0.938 0.005 0.005 0.003 0.010 0.004 0.006 0.003 0.003 0.003 0.003 0.005 0.011 
429 ZFONF240    (0)   14 :  0.959 0.004 0.002 0.003 0.002 0.002 0.003 0.006 0.003 0.003 0.005 0.002 0.006 
430 ZFONF241    (0)   14 :  0.891 0.020 0.007 0.005 0.013 0.004 0.006 0.010 0.005 0.018 0.010 0.007 0.005 
431 ZFONF242    (0)   14 :  0.951 0.008 0.002 0.003 0.002 0.002 0.003 0.009 0.003 0.003 0.005 0.002 0.006 
432 ZFONF243    (0)   14 :  0.941 0.006 0.003 0.006 0.003 0.003 0.003 0.005 0.005 0.011 0.009 0.003 0.003 
433 ZFONF244    (0)   14 :  0.951 0.007 0.002 0.004 0.002 0.002 0.003 0.011 0.004 0.004 0.005 0.002 0.004 
434 ZFONF245    (0)   14 :  0.955 0.004 0.002 0.003 0.002 0.002 0.003 0.006 0.003 0.003 0.010 0.002 0.005 
435   ZFOS01    (0)   15 :  0.010 0.026 0.004 0.009 0.005 0.003 0.007 0.016 0.007 0.006 0.043 0.003 0.861 
436   ZFOS02    (0)   15 :  0.009 0.022 0.007 0.007 0.036 0.006 0.022 0.060 0.008 0.010 0.037 0.009 0.765 
437   ZFOS03    (0)   15 :  0.004 0.012 0.007 0.008 0.007 0.029 0.010 0.008 0.008 0.003 0.011 0.009 0.884 
438   ZFOS04    (0)   15 :  0.007 0.078 0.008 0.005 0.008 0.004 0.016 0.044 0.010 0.012 0.070 0.022 0.716 
439   ZFOS05    (0)   15 :  0.012 0.039 0.005 0.009 0.007 0.003 0.015 0.035 0.010 0.011 0.032 0.005 0.816 
440   ZFOS06    (0)   15 :  0.011 0.013 0.005 0.011 0.005 0.005 0.005 0.011 0.006 0.019 0.013 0.005 0.890 
441   ZFOS07    (0)   15 :  0.004 0.008 0.005 0.005 0.009 0.004 0.025 0.009 0.068 0.005 0.008 0.024 0.826 
442   ZFOS08    (0)   15 :  0.005 0.010 0.006 0.004 0.012 0.003 0.010 0.034 0.024 0.012 0.016 0.035 0.828 
443   ZFOS09    (0)   15 :  0.007 0.067 0.007 0.008 0.009 0.007 0.039 0.023 0.003 0.005 0.051 0.011 0.761 
444   ZFOS10    (0)   15 :  0.002 0.003 0.013 0.003 0.020 0.009 0.017 0.003 0.006 0.009 0.004 0.017 0.893 
445   ZFOS11    (0)   15 :  0.009 0.020 0.042 0.008 0.006 0.006 0.111 0.015 0.064 0.118 0.202 0.007 0.391 
446   ZFOS12    (0)   15 :  0.007 0.017 0.055 0.106 0.011 0.025 0.104 0.025 0.316 0.054 0.043 0.023 0.214 
447   ZFOS13    (0)   15 :  0.005 0.018 0.006 0.016 0.008 0.005 0.030 0.013 0.012 0.008 0.023 0.011 0.844 
448   ZFOS14    (0)   15 :  0.008 0.017 0.012 0.037 0.010 0.016 0.042 0.012 0.026 0.053 0.126 0.155 0.488 
449   ZFOS15    (0)   15 :  0.003 0.003 0.006 0.004 0.005 0.004 0.005 0.003 0.033 0.006 0.004 0.007 0.916 
450   ZFOS16    (0)   15 :  0.010 0.054 0.008 0.005 0.008 0.008 0.030 0.027 0.009 0.018 0.034 0.011 0.779 
451   ZFOS17    (0)   15 :  0.005 0.004 0.005 0.007 0.009 0.006 0.005 0.004 0.005 0.006 0.005 0.006 0.934 
452   ZFOS18    (0)   15 :  0.002 0.005 0.010 0.004 0.010 0.006 0.008 0.004 0.007 0.011 0.007 0.005 0.920 
453   ZFOS19    (0)   15 :  0.004 0.003 0.005 0.008 0.004 0.004 0.005 0.003 0.005 0.004 0.005 0.004 0.948 
454   ZFOS20    (0)   15 :  0.006 0.006 0.004 0.003 0.005 0.004 0.009 0.006 0.005 0.007 0.004 0.010 0.929 
455   ZFOS21    (0)   15 :  0.005 0.028 0.005 0.004 0.007 0.007 0.009 0.012 0.011 0.009 0.028 0.007 0.869 
456   ZFOS22    (0)   15 :  0.007 0.006 0.006 0.011 0.003 0.006 0.006 0.008 0.014 0.007 0.011 0.003 0.913 
457   ZFOS23    (0)   15 :  0.002 0.003 0.011 0.007 0.006 0.009 0.038 0.003 0.005 0.005 0.004 0.241 0.668 
458   ZFOS24    (0)   15 :  0.003 0.004 0.006 0.004 0.004 0.004 0.004 0.003 0.013 0.010 0.006 0.003 0.937 
459   ZFOS25    (0)   15 :  0.018 0.016 0.011 0.024 0.018 0.005 0.015 0.014 0.011 0.057 0.401 0.010 0.398 
460   ZFOS26    (0)   15 :  0.006 0.085 0.010 0.008 0.013 0.004 0.020 0.104 0.014 0.024 0.331 0.011 0.371 
461   ZFOS27    (0)   15 :  0.008 0.026 0.006 0.005 0.007 0.007 0.005 0.033 0.019 0.017 0.018 0.008 0.842 
462   ZFOS28    (0)   15 :  0.003 0.010 0.009 0.006 0.019 0.014 0.012 0.006 0.008 0.009 0.018 0.013 0.873 
463   ZFOS29    (0)   15 :  0.009 0.010 0.006 0.004 0.004 0.010 0.008 0.008 0.010 0.012 0.009 0.018 0.892 
464   ZFOS30    (0)   15 :  0.010 0.012 0.003 0.008 0.005 0.004 0.007 0.009 0.012 0.003 0.011 0.006 0.909 
465   ZFOS31    (0)   15 :  0.034 0.027 0.005 0.217 0.004 0.007 0.041 0.025 0.070 0.008 0.076 0.040 0.447 
466   ZFOS32    (0)   15 :  0.006 0.014 0.004 0.004 0.006 0.004 0.020 0.014 0.003 0.007 0.016 0.009 0.892 
467   ZFPB01    (0)   16 :  0.003 0.002 0.008 0.003 0.004 0.956 0.003 0.002 0.005 0.004 0.003 0.004 0.003 
468   ZFPB02    (0)   16 :  0.012 0.005 0.007 0.006 0.002 0.937 0.004 0.004 0.004 0.004 0.007 0.003 0.004 
469   ZFPB03    (0)   16 :  0.004 0.005 0.005 0.002 0.003 0.914 0.004 0.009 0.013 0.020 0.006 0.005 0.008 
470   ZFPB05    (0)   16 :  0.005 0.003 0.005 0.003 0.002 0.962 0.003 0.003 0.003 0.003 0.004 0.002 0.003 
471   ZFPB06    (0)   16 :  0.003 0.003 0.006 0.003 0.004 0.949 0.003 0.004 0.008 0.004 0.003 0.004 0.007 
472   ZFPB07    (0)   16 :  0.006 0.007 0.004 0.004 0.002 0.954 0.003 0.005 0.003 0.002 0.005 0.003 0.003 
473   ZFPB08    (0)   16 :  0.006 0.005 0.008 0.003 0.003 0.933 0.004 0.010 0.007 0.005 0.005 0.004 0.007 
474   ZFPB10    (0)   16 :  0.003 0.003 0.007 0.004 0.003 0.950 0.004 0.003 0.004 0.008 0.005 0.004 0.003 
475   ZFPB11    (0)   16 :  0.004 0.003 0.007 0.005 0.003 0.954 0.003 0.003 0.005 0.002 0.004 0.002 0.005 
476   ZFPB12    (0)   16 :  0.004 0.003 0.008 0.004 0.003 0.954 0.003 0.002 0.005 0.003 0.004 0.003 0.004 
477   ZFPB13    (0)   16 :  0.004 0.005 0.005 0.002 0.003 0.957 0.003 0.004 0.003 0.004 0.004 0.004 0.003 
478   ZFPB14    (0)   16 :  0.006 0.007 0.004 0.004 0.002 0.953 0.003 0.005 0.003 0.002 0.005 0.003 0.004 
479   ZFPB15    (0)   16 :  0.006 0.007 0.005 0.003 0.002 0.943 0.004 0.009 0.004 0.003 0.005 0.003 0.006 
480   ZFPB17    (0)   16 :  0.003 0.003 0.006 0.004 0.003 0.959 0.003 0.003 0.005 0.003 0.003 0.003 0.004 
481   ZFPB18    (0)   16 :  0.004 0.004 0.004 0.004 0.002 0.962 0.003 0.003 0.003 0.002 0.004 0.002 0.004 
482   ZFPB19    (0)   16 :  0.004 0.005 0.007 0.003 0.004 0.937 0.004 0.008 0.007 0.005 0.004 0.005 0.006 
483   ZFPB20    (0)   16 :  0.002 0.003 0.004 0.002 0.003 0.970 0.002 0.002 0.003 0.002 0.002 0.003 0.002 
484   ZFPB21    (0)   16 :  0.004 0.006 0.004 0.002 0.002 0.952 0.003 0.009 0.004 0.004 0.004 0.003 0.004 
485   ZFPB22    (0)   16 :  0.002 0.002 0.005 0.002 0.003 0.965 0.003 0.002 0.004 0.003 0.002 0.003 0.003 
486   ZFPB23    (0)   16 :  0.004 0.004 0.006 0.003 0.003 0.953 0.004 0.004 0.004 0.003 0.004 0.004 0.004 
487   ZFSF01    (0)   17 :  0.002 0.005 0.067 0.146 0.029 0.003 0.034 0.003 0.004 0.005 0.005 0.691 0.006 
488   ZFSF02    (0)   17 :  0.006 0.025 0.026 0.368 0.011 0.006 0.096 0.008 0.006 0.007 0.019 0.412 0.010 
489   ZFSF03    (0)   17 :  0.003 0.005 0.050 0.060 0.014 0.012 0.625 0.004 0.005 0.003 0.004 0.211 0.004 
490   ZFSF04    (0)   17 :  0.010 0.013 0.006 0.036 0.025 0.006 0.261 0.014 0.034 0.004 0.008 0.576 0.009 
491  ZFSW101    (0)   18 :  0.005 0.143 0.007 0.006 0.163 0.009 0.559 0.025 0.011 0.004 0.013 0.051 0.004 
492  ZFSW102    (0)   18 :  0.007 0.017 0.007 0.016 0.194 0.013 0.602 0.007 0.040 0.003 0.005 0.077 0.012 
493  ZFSW103    (0)   18 :  0.012 0.034 0.009 0.009 0.627 0.005 0.168 0.023 0.015 0.011 0.030 0.053 0.006 
494  ZFSW104    (9)   18 :  0.010 0.016 0.007 0.020 0.018 0.007 0.389 0.009 0.011 0.003 0.011 0.485 0.016 
495  ZFSW105    (0)   18 :  0.009 0.146 0.005 0.006 0.109 0.004 0.529 0.023 0.007 0.005 0.006 0.142 0.009 
496  ZFSW106    (0)   18 :  0.025 0.015 0.030 0.013 0.171 0.015 0.647 0.018 0.004 0.014 0.009 0.032 0.008 
497  ZFSW107    (0)   18 :  0.006 0.017 0.008 0.009 0.594 0.071 0.194 0.008 0.048 0.003 0.006 0.030 0.005 
498  ZFSW108    (0)   18 :  0.003 0.003 0.013 0.005 0.882 0.014 0.019 0.003 0.005 0.003 0.003 0.043 0.005 
499  ZFSW109    (0)   18 :  0.008 0.005 0.004 0.004 0.779 0.010 0.140 0.006 0.003 0.005 0.005 0.022 0.009 
500  ZFSW110    (0)   18 :  0.008 0.020 0.006 0.008 0.259 0.011 0.630 0.010 0.012 0.006 0.009 0.016 0.005 
501  ZFSW111    (0)   18 :  0.007 0.181 0.005 0.007 0.170 0.022 0.544 0.020 0.009 0.004 0.007 0.013 0.010 
502  ZFSW112    (0)   18 :  0.009 0.051 0.006 0.004 0.782 0.005 0.038 0.027 0.007 0.006 0.010 0.018 0.036 
503  ZFSW113    (0)   18 :  0.004 0.058 0.010 0.020 0.027 0.004 0.703 0.011 0.006 0.005 0.020 0.125 0.008 
504  ZFSW114    (0)   18 :  0.011 0.023 0.005 0.011 0.745 0.005 0.145 0.011 0.006 0.003 0.009 0.016 0.009 
505  ZFSW115    (0)   18 :  0.004 0.008 0.006 0.006 0.054 0.003 0.884 0.005 0.005 0.003 0.004 0.012 0.006 
506  ZFSW116    (0)   18 :  0.009 0.108 0.010 0.022 0.063 0.030 0.596 0.021 0.025 0.006 0.009 0.093 0.008 
507  ZFSW117    (0)   18 :  0.012 0.035 0.008 0.018 0.083 0.013 0.745 0.018 0.010 0.007 0.012 0.031 0.007 
508  ZFSW119    (0)   18 :  0.003 0.004 0.006 0.024 0.486 0.005 0.365 0.003 0.008 0.002 0.002 0.075 0.017 
509  ZFSW120    (0)   18 :  0.002 0.003 0.007 0.012 0.068 0.020 0.540 0.002 0.005 0.002 0.002 0.331 0.005 
510  ZFSW121    (0)   18 :  0.005 0.006 0.004 0.010 0.026 0.005 0.911 0.003 0.006 0.002 0.003 0.013 0.005 
511  ZFSW122    (0)   18 :  0.015 0.008 0.005 0.004 0.031 0.008 0.300 0.017 0.005 0.012 0.011 0.577 0.007 
512  ZFSW123    (0)   18 :  0.003 0.004 0.009 0.003 0.434 0.019 0.128 0.006 0.004 0.003 0.003 0.379 0.005 
513  ZFSW124    (0)   18 :  0.003 0.004 0.006 0.004 0.018 0.005 0.035 0.004 0.007 0.003 0.003 0.897 0.011 
514  ZFSW201    (0)   19 :  0.003 0.003 0.009 0.006 0.751 0.017 0.006 0.003 0.006 0.004 0.003 0.184 0.005 
515  ZFSW202    (0)   19 :  0.003 0.004 0.004 0.009 0.931 0.007 0.011 0.003 0.006 0.003 0.003 0.013 0.005 
516  ZFSW203    (0)   19 :  0.003 0.003 0.007 0.005 0.913 0.012 0.013 0.003 0.006 0.003 0.003 0.020 0.008 
517  ZFSW204    (0)   19 :  0.002 0.003 0.007 0.005 0.923 0.010 0.007 0.003 0.018 0.003 0.003 0.008 0.008 
518  ZFSW205    (0)   19 :  0.002 0.004 0.004 0.004 0.945 0.003 0.004 0.004 0.003 0.004 0.005 0.013 0.004 
519  ZFSW206    (0)   19 :  0.002 0.003 0.005 0.004 0.959 0.003 0.004 0.003 0.003 0.004 0.003 0.005 0.003 
520  ZFSW207    (0)   19 :  0.006 0.004 0.006 0.004 0.923 0.003 0.009 0.007 0.006 0.009 0.007 0.012 0.004 
521  ZFSW208    (0)   19 :  0.003 0.003 0.005 0.006 0.950 0.005 0.004 0.003 0.004 0.004 0.003 0.006 0.004 
522  ZFSW209    (0)   19 :  0.009 0.004 0.059 0.004 0.863 0.003 0.036 0.003 0.003 0.004 0.003 0.006 0.003 
523  ZFSW210    (0)   19 :  0.007 0.007 0.005 0.005 0.911 0.004 0.006 0.010 0.005 0.022 0.011 0.005 0.003 
524  ZFSW211    (0)   19 :  0.002 0.005 0.007 0.006 0.944 0.003 0.004 0.003 0.005 0.006 0.006 0.005 0.003 
525  ZFSW212    (0)   19 :  0.002 0.004 0.004 0.004 0.954 0.003 0.004 0.003 0.004 0.005 0.004 0.005 0.004 
526  ZFSW213    (0)   19 :  0.003 0.003 0.003 0.004 0.957 0.003 0.003 0.003 0.004 0.003 0.003 0.005 0.004 
527  ZFSW214    (0)   19 :  0.003 0.004 0.003 0.004 0.954 0.003 0.005 0.003 0.003 0.003 0.003 0.004 0.006 
528  ZFSW215    (0)   19 :  0.002 0.004 0.004 0.003 0.944 0.005 0.009 0.003 0.003 0.003 0.003 0.012 0.006 
529  ZFSW216    (0)   19 :  0.002 0.004 0.005 0.005 0.951 0.003 0.004 0.003 0.004 0.005 0.005 0.005 0.004 
530  ZFSW217    (0)   19 :  0.003 0.004 0.004 0.005 0.947 0.004 0.005 0.003 0.003 0.003 0.003 0.011 0.005 
531  ZFSW218    (0)   19 :  0.002 0.003 0.003 0.004 0.961 0.003 0.003 0.003 0.003 0.003 0.003 0.004 0.004 
532  ZFSW219    (0)   19 :  0.003 0.005 0.013 0.007 0.912 0.006 0.008 0.004 0.021 0.004 0.004 0.006 0.007 
533  ZFSW220    (0)   19 :  0.003 0.003 0.011 0.004 0.937 0.011 0.007 0.003 0.006 0.003 0.003 0.005 0.004 
534  ZFSW221    (0)   19 :  0.003 0.004 0.007 0.007 0.946 0.003 0.004 0.003 0.005 0.006 0.004 0.005 0.004 
535  ZFSW222    (0)   19 :  0.002 0.002 0.004 0.006 0.950 0.004 0.008 0.002 0.003 0.003 0.002 0.010 0.003 
536  ZFSW223    (0)   19 :  0.003 0.003 0.010 0.005 0.939 0.010 0.005 0.003 0.005 0.003 0.002 0.005 0.005 
537  ZFSW224    (0)   19 :  0.003 0.004 0.005 0.006 0.951 0.003 0.004 0.003 0.005 0.004 0.004 0.005 0.004 
538  ZFSW225    (0)   19 :  0.002 0.004 0.007 0.005 0.942 0.006 0.004 0.003 0.004 0.005 0.004 0.012 0.003 
539  ZFSW226    (0)   19 :  0.009 0.013 0.007 0.004 0.870 0.014 0.010 0.013 0.003 0.008 0.006 0.038 0.005 
540  ZFSW227    (0)   19 :  0.002 0.003 0.004 0.004 0.958 0.003 0.004 0.003 0.003 0.004 0.003 0.005 0.003 
541  ZFSW229    (0)   19 :  0.002 0.003 0.005 0.004 0.956 0.003 0.004 0.003 0.003 0.004 0.004 0.006 0.003 
542  ZFSW230    (0)   19 :  0.004 0.025 0.004 0.003 0.893 0.008 0.005 0.015 0.004 0.004 0.015 0.010 0.008 
543  ZFSW231    (0)   19 :  0.002 0.004 0.006 0.005 0.952 0.004 0.004 0.003 0.004 0.005 0.004 0.006 0.003 
544  ZFSW232    (0)   19 :  0.003 0.004 0.004 0.009 0.925 0.003 0.013 0.003 0.003 0.003 0.004 0.021 0.003 
545  ZFSW233    (0)   19 :  0.008 0.013 0.014 0.011 0.849 0.013 0.049 0.009 0.008 0.003 0.008 0.008 0.006 
546  ZFSW234    (0)   19 :  0.002 0.003 0.004 0.003 0.958 0.005 0.004 0.003 0.003 0.003 0.002 0.006 0.004 
547  ZFSW235    (0)   19 :  0.003 0.004 0.006 0.007 0.937 0.005 0.004 0.004 0.008 0.005 0.003 0.007 0.006 
548  ZFSW236    (0)   19 :  0.003 0.003 0.003 0.004 0.961 0.002 0.003 0.003 0.003 0.003 0.003 0.005 0.004 
549  ZFSW237    (0)   19 :  0.003 0.004 0.006 0.007 0.932 0.004 0.007 0.003 0.007 0.003 0.003 0.010 0.010 
550  ZFSW238    (0)   19 :  0.020 0.006 0.040 0.067 0.708 0.012 0.049 0.006 0.024 0.002 0.010 0.012 0.044 
551  ZFSW239    (0)   19 :  0.004 0.020 0.004 0.003 0.890 0.020 0.007 0.011 0.003 0.003 0.013 0.017 0.006 
552  ZFSW240    (0)   19 :  0.002 0.003 0.005 0.004 0.945 0.007 0.005 0.002 0.005 0.003 0.003 0.013 0.004 
553   ZFTS01    (0)   20 :  0.003 0.006 0.008 0.003 0.004 0.933 0.016 0.005 0.004 0.003 0.005 0.007 0.003 
554   ZFTS02    (0)   20 :  0.009 0.009 0.005 0.019 0.013 0.874 0.014 0.008 0.024 0.003 0.005 0.010 0.005 
555   ZFTS03    (0)   20 :  0.005 0.006 0.005 0.012 0.024 0.890 0.010 0.006 0.013 0.003 0.004 0.016 0.006 
556   ZFTS04    (0)   20 :  0.004 0.004 0.004 0.005 0.007 0.941 0.008 0.004 0.006 0.002 0.003 0.008 0.004 
557   ZFTS05    (0)   20 :  0.004 0.007 0.009 0.012 0.015 0.873 0.009 0.006 0.041 0.004 0.005 0.010 0.005 
558   ZFTS07    (0)   20 :  0.003 0.003 0.007 0.007 0.008 0.937 0.007 0.003 0.007 0.003 0.003 0.010 0.004 
559   ZFTS08    (0)   20 :  0.004 0.004 0.007 0.009 0.027 0.892 0.015 0.003 0.005 0.003 0.003 0.023 0.006 
560   ZFTS09    (0)   20 :  0.002 0.004 0.016 0.006 0.030 0.893 0.018 0.003 0.003 0.003 0.004 0.014 0.003 
561   ZFTS10    (0)   20 :  0.003 0.005 0.012 0.010 0.028 0.679 0.016 0.004 0.047 0.004 0.006 0.180 0.004 
562   ZFTS11    (0)   20 :  0.003 0.004 0.015 0.006 0.013 0.902 0.025 0.004 0.006 0.004 0.005 0.010 0.004 
563   ZFTS12    (0)   20 :  0.005 0.004 0.005 0.006 0.011 0.934 0.004 0.004 0.007 0.004 0.003 0.006 0.008 
564   ZFTS14    (0)   20 :  0.005 0.004 0.004 0.008 0.008 0.942 0.005 0.004 0.004 0.003 0.004 0.005 0.004 
565   ZFTS15    (0)   20 :  0.003 0.006 0.015 0.008 0.008 0.904 0.019 0.005 0.012 0.004 0.006 0.008 0.003 
566   ZFTS16    (0)   20 :  0.005 0.010 0.011 0.007 0.013 0.566 0.020 0.007 0.063 0.006 0.007 0.281 0.005 
567   ZFTS17    (9)   20 :  0.003 0.009 0.022 0.010 0.044 0.816 0.013 0.006 0.011 0.019 0.017 0.027 0.005 
568   ZFTS18    (0)   20 :  0.004 0.004 0.005 0.008 0.036 0.894 0.008 0.004 0.007 0.003 0.003 0.017 0.006 
569   ZFTS19    (9)   20 :  0.003 0.003 0.008 0.006 0.333 0.270 0.007 0.003 0.007 0.004 0.003 0.347 0.005 
570   ZFTS20    (0)   20 :  0.004 0.004 0.009 0.016 0.060 0.845 0.009 0.004 0.008 0.005 0.004 0.022 0.009 
571   ZFTS21    (0)   20 :  0.003 0.003 0.006 0.006 0.010 0.936 0.010 0.003 0.004 0.003 0.003 0.009 0.004 
572   ZFTS22    (0)   20 :  0.003 0.003 0.009 0.007 0.017 0.915 0.011 0.003 0.004 0.004 0.003 0.014 0.006 
573   ZFTS23    (0)   20 :  0.006 0.006 0.005 0.010 0.010 0.918 0.007 0.006 0.012 0.003 0.005 0.006 0.006 
574   ZFTS24    (0)   20 :  0.004 0.004 0.005 0.006 0.014 0.922 0.006 0.004 0.010 0.003 0.003 0.011 0.007 
575   ZFTS25    (0)   20 :  0.003 0.011 0.030 0.015 0.045 0.785 0.039 0.006 0.007 0.006 0.013 0.037 0.002 
576   ZFTS26    (0)   20 :  0.003 0.003 0.006 0.005 0.453 0.279 0.007 0.003 0.004 0.003 0.003 0.229 0.003 
577   ZFTS27    (0)   20 :  0.003 0.009 0.007 0.010 0.018 0.877 0.013 0.008 0.019 0.004 0.005 0.023 0.005 
578   ZFTS28    (0)   20 :  0.007 0.022 0.011 0.025 0.022 0.792 0.015 0.019 0.036 0.006 0.009 0.024 0.011 
579   ZFTS29    (0)   20 :  0.002 0.002 0.025 0.009 0.058 0.791 0.011 0.003 0.015 0.003 0.003 0.073 0.006 
580   ZFTS30    (0)   20 :  0.002 0.004 0.020 0.012 0.032 0.830 0.020 0.003 0.022 0.003 0.003 0.044 0.004 
581   ZFTS31    (0)   20 :  0.004 0.005 0.005 0.005 0.009 0.899 0.008 0.005 0.038 0.004 0.004 0.010 0.005 
582   ZFTS32    (0)   20 :  0.003 0.008 0.025 0.009 0.022 0.832 0.045 0.006 0.018 0.005 0.007 0.017 0.005 
583   ZFTS33    (0)   20 :  0.004 0.012 0.017 0.021 0.045 0.826 0.027 0.008 0.010 0.006 0.009 0.010 0.006 
584   ZFTS34    (0)   20 :  0.006 0.008 0.004 0.007 0.014 0.912 0.010 0.008 0.005 0.003 0.004 0.014 0.004 
585   ZFTS35    (0)   20 :  0.005 0.006 0.011 0.022 0.042 0.738 0.034 0.006 0.038 0.003 0.005 0.084 0.006 
586   ZFTS36    (0)   20 :  0.005 0.004 0.004 0.007 0.010 0.938 0.006 0.004 0.005 0.003 0.003 0.006 0.004 
587   ZFTS37    (0)   20 :  0.004 0.007 0.010 0.022 0.131 0.641 0.021 0.006 0.051 0.003 0.005 0.094 0.005 
588   ZFTS38    (0)   20 :  0.003 0.006 0.021 0.022 0.061 0.675 0.047 0.005 0.054 0.003 0.004 0.091 0.007 
589   ZFTS39    (0)   20 :  0.005 0.005 0.007 0.007 0.021 0.891 0.010 0.006 0.005 0.006 0.003 0.027 0.007 
590   ZFTS40    (0)   20 :  0.007 0.015 0.013 0.021 0.010 0.684 0.027 0.018 0.155 0.005 0.009 0.031 0.005 
591 ZFTSP101    (0)   21 :  0.011 0.188 0.004 0.004 0.003 0.003 0.007 0.140 0.009 0.236 0.380 0.004 0.011 
592 ZFTSP102    (0)   21 :  0.007 0.018 0.005 0.021 0.009 0.003 0.006 0.011 0.018 0.781 0.109 0.004 0.007 
593 ZFTSP103    (0)   21 :  0.016 0.023 0.005 0.016 0.004 0.002 0.012 0.011 0.005 0.551 0.298 0.004 0.052 
594 ZFTSP104    (0)   21 :  0.008 0.008 0.003 0.005 0.002 0.002 0.003 0.006 0.004 0.005 0.948 0.002 0.003 
595 ZFTSP105    (0)   21 :  0.005 0.011 0.003 0.010 0.004 0.002 0.003 0.004 0.004 0.078 0.865 0.004 0.006 
596 ZFTSP106    (0)   21 :  0.244 0.458 0.008 0.015 0.004 0.005 0.009 0.043 0.006 0.017 0.179 0.004 0.008 
597 ZFTSP107    (0)   21 :  0.007 0.005 0.004 0.014 0.003 0.003 0.004 0.006 0.004 0.018 0.920 0.003 0.009 
598 ZFTSP108    (0)   21 :  0.488 0.022 0.013 0.027 0.003 0.006 0.007 0.016 0.007 0.060 0.337 0.003 0.011 
599 ZFTSP109    (0)   21 :  0.020 0.013 0.005 0.043 0.004 0.003 0.006 0.011 0.005 0.004 0.876 0.003 0.008 
600 ZFTSP110    (0)   21 :  0.008 0.170 0.006 0.007 0.003 0.003 0.005 0.032 0.004 0.022 0.728 0.003 0.010 
601 ZFTSP111    (0)   21 :  0.005 0.011 0.003 0.004 0.003 0.003 0.003 0.043 0.006 0.034 0.878 0.003 0.004 
602 ZFTSP112    (0)   21 :  0.006 0.015 0.007 0.009 0.004 0.006 0.005 0.013 0.026 0.023 0.869 0.004 0.013 
603 ZFTSP113    (0)   21 :  0.012 0.010 0.005 0.015 0.004 0.003 0.005 0.013 0.005 0.009 0.907 0.003 0.007 
604 ZFTSP114    (0)   21 :  0.006 0.006 0.004 0.005 0.002 0.003 0.003 0.007 0.005 0.034 0.918 0.002 0.006 
605 ZFTSP115    (0)   21 :  0.018 0.025 0.004 0.017 0.004 0.006 0.006 0.013 0.015 0.009 0.863 0.004 0.015 
606 ZFTSP116    (0)   21 :  0.006 0.009 0.006 0.008 0.004 0.003 0.004 0.055 0.014 0.076 0.805 0.003 0.007 
607 ZFTSP117    (0)   21 :  0.005 0.009 0.004 0.003 0.003 0.003 0.003 0.009 0.005 0.016 0.934 0.003 0.003 
608 ZFTSP118    (0)   21 :  0.004 0.007 0.004 0.004 0.004 0.003 0.004 0.007 0.004 0.083 0.865 0.004 0.006 
609 ZFTSP119    (0)   21 :  0.491 0.025 0.014 0.042 0.020 0.009 0.015 0.017 0.006 0.051 0.275 0.031 0.005 
610 ZFTSP120    (0)   21 :  0.004 0.019 0.003 0.003 0.004 0.003 0.004 0.084 0.004 0.112 0.747 0.008 0.006 
611 ZFTSP121    (0)   21 :  0.028 0.005 0.045 0.014 0.009 0.018 0.011 0.015 0.006 0.586 0.249 0.011 0.004 
612 ZFTSP122    (0)   21 :  0.028 0.016 0.003 0.007 0.003 0.003 0.003 0.030 0.006 0.078 0.809 0.003 0.011 
613 ZFTSP123    (0)   21 :  0.010 0.015 0.003 0.005 0.002 0.003 0.003 0.011 0.003 0.006 0.936 0.002 0.003 
614 ZFTSP124    (0)   21 :  0.012 0.042 0.003 0.006 0.002 0.003 0.004 0.017 0.004 0.006 0.892 0.002 0.007 
615 ZFTSP125    (0)   21 :  0.048 0.013 0.003 0.007 0.002 0.003 0.004 0.008 0.002 0.009 0.895 0.002 0.004 
616 ZFTSP126    (0)   21 :  0.014 0.042 0.005 0.011 0.003 0.004 0.004 0.025 0.006 0.025 0.854 0.003 0.005 
617 ZFTSP127    (0)   21 :  0.014 0.010 0.003 0.008 0.002 0.003 0.003 0.009 0.004 0.006 0.930 0.002 0.005 
618 ZFTSP128    (0)   21 :  0.006 0.016 0.004 0.005 0.003 0.003 0.004 0.008 0.003 0.027 0.913 0.002 0.005 
619 ZFTSP129    (0)   21 :  0.011 0.026 0.003 0.004 0.002 0.002 0.005 0.061 0.005 0.010 0.854 0.003 0.015 
620 ZFTSP130    (0)   21 :  0.008 0.006 0.003 0.006 0.003 0.003 0.003 0.005 0.003 0.010 0.945 0.002 0.004 
621 ZFTSP131    (0)   21 :  0.007 0.028 0.002 0.004 0.002 0.002 0.003 0.005 0.003 0.011 0.926 0.003 0.004 
622 ZFTSP132    (0)   21 :  0.008 0.033 0.006 0.004 0.006 0.003 0.004 0.048 0.020 0.083 0.776 0.004 0.007 
623 ZFTSP133    (0)   21 :  0.294 0.033 0.003 0.005 0.003 0.003 0.004 0.024 0.005 0.026 0.575 0.004 0.021 
624 ZFTSP134    (0)   21 :  0.043 0.006 0.004 0.006 0.003 0.002 0.003 0.051 0.007 0.037 0.826 0.002 0.010 
625 ZFTSP135    (0)   21 :  0.006 0.031 0.003 0.006 0.003 0.003 0.003 0.006 0.003 0.034 0.895 0.004 0.005 
626 ZFTSP136    (0)   21 :  0.012 0.149 0.003 0.005 0.004 0.003 0.003 0.029 0.003 0.181 0.600 0.005 0.004 
627 ZFTSP137    (0)   21 :  0.042 0.095 0.024 0.028 0.006 0.034 0.013 0.059 0.005 0.215 0.457 0.011 0.011 
628 ZFTSP138    (0)   21 :  0.008 0.101 0.005 0.007 0.003 0.004 0.004 0.053 0.007 0.061 0.735 0.003 0.009 
629 ZFTSP139    (0)   21 :  0.043 0.071 0.003 0.004 0.002 0.003 0.003 0.033 0.003 0.034 0.794 0.003 0.004 
630 ZFTSP140    (0)   21 :  0.010 0.126 0.008 0.031 0.005 0.011 0.006 0.011 0.023 0.039 0.711 0.004 0.014 
631 ZFTSP141    (0)   21 :  0.122 0.040 0.006 0.026 0.005 0.006 0.007 0.037 0.031 0.564 0.139 0.005 0.013 
632 ZFTSP142    (0)   21 :  0.007 0.030 0.005 0.009 0.005 0.002 0.004 0.014 0.006 0.268 0.640 0.004 0.006 
633 ZFTSP143    (0)   21 :  0.009 0.041 0.003 0.006 0.004 0.003 0.004 0.013 0.005 0.022 0.878 0.004 0.008 
634 ZFTSP144    (0)   21 :  0.005 0.038 0.004 0.009 0.007 0.003 0.004 0.016 0.008 0.076 0.819 0.006 0.006 
635 ZFTSP145    (0)   21 :  0.021 0.020 0.004 0.006 0.003 0.003 0.004 0.018 0.006 0.393 0.513 0.003 0.008 
636 ZFTSP201    (9)   22 :  0.063 0.572 0.006 0.013 0.004 0.005 0.005 0.153 0.044 0.018 0.085 0.003 0.027 
637 ZFTSP202    (0)   22 :  0.128 0.032 0.008 0.004 0.003 0.016 0.003 0.177 0.161 0.293 0.154 0.005 0.016 
638 ZFTSP203    (0)   22 :  0.009 0.584 0.005 0.004 0.005 0.003 0.004 0.180 0.019 0.075 0.094 0.004 0.013 
639 ZFTSP204    (0)   22 :  0.008 0.030 0.004 0.003 0.006 0.002 0.004 0.435 0.005 0.204 0.280 0.004 0.013 
640 ZFTSP205    (0)   22 :  0.009 0.407 0.014 0.004 0.007 0.012 0.005 0.102 0.083 0.181 0.118 0.004 0.052 
641 ZFTSP206    (0)   22 :  0.019 0.827 0.005 0.007 0.007 0.003 0.006 0.022 0.022 0.019 0.027 0.005 0.031 
642 ZFTSP207    (0)   22 :  0.004 0.918 0.005 0.005 0.007 0.003 0.005 0.016 0.006 0.006 0.016 0.005 0.005 
643 ZFTSP208    (0)   22 :  0.004 0.825 0.005 0.005 0.008 0.004 0.005 0.056 0.010 0.047 0.018 0.007 0.007 
644 ZFTSP209    (0)   22 :  0.022 0.127 0.003 0.008 0.004 0.003 0.004 0.053 0.007 0.035 0.715 0.004 0.016 
645 ZFTSP210    (0)   22 :  0.015 0.282 0.006 0.005 0.004 0.003 0.004 0.305 0.006 0.011 0.350 0.004 0.004 
646 ZFTSP211    (0)   22 :  0.004 0.016 0.010 0.004 0.004 0.014 0.004 0.050 0.039 0.014 0.824 0.007 0.010 
647 ZFTSP212    (0)   22 :  0.036 0.105 0.003 0.003 0.008 0.002 0.006 0.117 0.003 0.021 0.685 0.002 0.008 
648 ZFTSP213    (0)   22 :  0.008 0.082 0.007 0.006 0.002 0.005 0.003 0.027 0.003 0.023 0.829 0.002 0.003 
649 ZFTSP214    (0)   22 :  0.026 0.031 0.005 0.019 0.003 0.002 0.011 0.016 0.006 0.503 0.341 0.004 0.034 
650 ZFTSP215    (0)   22 :  0.005 0.143 0.003 0.004 0.003 0.003 0.004 0.167 0.007 0.596 0.055 0.004 0.006 
651 ZFTSP216    (0)   22 :  0.008 0.034 0.038 0.006 0.005 0.042 0.011 0.242 0.019 0.270 0.297 0.014 0.013 
652 ZFTSP217    (0)   22 :  0.010 0.093 0.007 0.007 0.003 0.004 0.004 0.020 0.004 0.009 0.833 0.003 0.003 
653 ZFTSP218    (0)   22 :  0.012 0.495 0.005 0.011 0.004 0.004 0.006 0.041 0.004 0.037 0.370 0.005 0.006 
654 ZFTSP219    (0)   22 :  0.012 0.462 0.007 0.024 0.008 0.005 0.009 0.015 0.020 0.044 0.371 0.008 0.016 
655 ZFTSP220    (0)   22 :  0.027 0.126 0.019 0.009 0.005 0.030 0.009 0.380 0.008 0.223 0.140 0.009 0.015 
656 ZFTSP221    (0)   22 :  0.060 0.193 0.012 0.012 0.004 0.005 0.004 0.372 0.028 0.166 0.132 0.003 0.009 
657 ZFTSP222    (0)   22 :  0.016 0.040 0.088 0.016 0.004 0.043 0.008 0.532 0.021 0.007 0.217 0.004 0.005 
658 ZFTSP223    (0)   22 :  0.004 0.007 0.003 0.004 0.002 0.003 0.003 0.007 0.002 0.032 0.928 0.002 0.003 
659 ZFTSP224    (0)   22 :  0.011 0.005 0.004 0.004 0.002 0.003 0.003 0.007 0.006 0.153 0.794 0.002 0.006 
660 ZFTSP225    (0)   22 :  0.068 0.087 0.005 0.007 0.004 0.003 0.003 0.073 0.004 0.166 0.572 0.004 0.004 
661 ZFTSP226    (0)   22 :  0.008 0.007 0.004 0.005 0.003 0.002 0.003 0.008 0.005 0.085 0.861 0.003 0.005 
662 ZFTSP227    (0)   22 :  0.014 0.103 0.013 0.010 0.004 0.010 0.006 0.711 0.017 0.005 0.093 0.004 0.010 
663 ZFTSP228    (0)   22 :  0.006 0.042 0.012 0.006 0.004 0.010 0.005 0.131 0.088 0.146 0.526 0.006 0.017 
664    ZFW01    (0)   23 :  0.005 0.015 0.004 0.005 0.721 0.004 0.069 0.012 0.002 0.005 0.007 0.147 0.006 
665    ZFW02    (0)   23 :  0.003 0.005 0.004 0.006 0.900 0.005 0.037 0.006 0.004 0.002 0.003 0.021 0.005 
666    ZFW03    (0)   23 :  0.002 0.005 0.006 0.006 0.731 0.003 0.028 0.007 0.003 0.017 0.007 0.183 0.003 
667    ZFW04    (0)   23 :  0.003 0.003 0.006 0.006 0.440 0.008 0.017 0.007 0.004 0.003 0.003 0.485 0.015 
668    ZFW05    (0)   23 :  0.020 0.004 0.087 0.013 0.022 0.004 0.119 0.004 0.006 0.017 0.008 0.686 0.011 
669    ZFW06    (0)   23 :  0.003 0.004 0.031 0.004 0.348 0.024 0.018 0.007 0.009 0.003 0.004 0.538 0.007 
670   ZFWB01    (0)   24 :  0.007 0.006 0.005 0.923 0.006 0.006 0.006 0.005 0.016 0.005 0.006 0.004 0.005 
671   ZFWB02    (0)   24 :  0.004 0.011 0.094 0.559 0.048 0.003 0.052 0.007 0.007 0.023 0.017 0.168 0.007 
672   ZFWB03    (0)   24 :  0.004 0.004 0.004 0.952 0.004 0.002 0.004 0.003 0.003 0.004 0.005 0.005 0.005 
673   ZFWB05    (0)   24 :  0.047 0.015 0.008 0.590 0.013 0.032 0.194 0.024 0.007 0.008 0.015 0.043 0.005 
674   ZFWB06    (0)   24 :  0.006 0.006 0.007 0.903 0.017 0.006 0.008 0.006 0.014 0.008 0.007 0.008 0.005 
675   ZFWB07    (0)   24 :  0.008 0.004 0.009 0.931 0.006 0.006 0.008 0.004 0.005 0.004 0.005 0.004 0.005 
676   ZFWB10    (0)   24 :  0.037 0.007 0.008 0.802 0.015 0.027 0.035 0.012 0.007 0.010 0.014 0.021 0.004 
677   ZFWB11    (0)   24 :  0.005 0.004 0.007 0.943 0.004 0.009 0.005 0.004 0.006 0.003 0.004 0.003 0.004 
678   ZFWB12    (0)   24 :  0.004 0.007 0.005 0.887 0.005 0.002 0.006 0.003 0.003 0.038 0.018 0.017 0.005 
679   ZFWB13    (9)   24 :  0.041 0.010 0.007 0.707 0.005 0.005 0.023 0.021 0.009 0.104 0.040 0.007 0.021 
680   ZFWB14    (0)   24 :  0.006 0.006 0.004 0.943 0.005 0.003 0.005 0.004 0.005 0.004 0.009 0.003 0.004 
681   ZFWB15    (9)   24 :  0.007 0.007 0.007 0.920 0.007 0.005 0.013 0.005 0.005 0.004 0.006 0.010 0.004 
682   ZFWB18    (0)   24 :  0.004 0.005 0.005 0.948 0.003 0.003 0.004 0.004 0.006 0.004 0.007 0.002 0.004 
683   ZFWB19    (0)   24 :  0.003 0.004 0.013 0.924 0.005 0.005 0.013 0.003 0.005 0.003 0.003 0.013 0.004 
684   ZFWB20    (0)   24 :  0.003 0.005 0.006 0.938 0.005 0.004 0.008 0.004 0.007 0.005 0.007 0.005 0.003 
685   ZFWB21    (0)   24 :  0.004 0.006 0.008 0.931 0.005 0.003 0.007 0.004 0.010 0.004 0.006 0.004 0.007 
686   ZFWB22    (0)   24 :  0.003 0.015 0.009 0.795 0.008 0.006 0.019 0.005 0.010 0.051 0.042 0.033 0.004 
687   ZFWB23    (0)   24 :  0.084 0.019 0.007 0.693 0.006 0.005 0.029 0.027 0.035 0.042 0.036 0.005 0.012 
688   ZFWB24    (0)   24 :  0.007 0.004 0.004 0.937 0.002 0.003 0.005 0.003 0.012 0.004 0.007 0.007 0.003 
689   ZFWB25    (0)   24 :  0.005 0.005 0.006 0.916 0.009 0.007 0.009 0.004 0.015 0.005 0.006 0.009 0.004 
690   ZFWB26    (0)   24 :  0.002 0.007 0.010 0.920 0.013 0.004 0.007 0.004 0.005 0.009 0.010 0.006 0.003 
691   ZFWB27    (0)   24 :  0.003 0.006 0.027 0.902 0.015 0.004 0.006 0.005 0.009 0.009 0.006 0.004 0.004 
692   ZFWB29    (0)   24 :  0.004 0.004 0.008 0.854 0.007 0.006 0.026 0.003 0.010 0.003 0.004 0.066 0.005 
693   ZFWB30    (0)   24 :  0.005 0.004 0.010 0.902 0.004 0.007 0.017 0.003 0.025 0.003 0.004 0.007 0.008 
694   ZFWB31    (0)   24 :  0.004 0.004 0.005 0.951 0.003 0.003 0.004 0.004 0.005 0.005 0.006 0.003 0.003 
695   ZFWB32    (9)   24 :  0.005 0.006 0.018 0.872 0.028 0.012 0.019 0.005 0.005 0.004 0.004 0.014 0.008 
696   ZFWB35    (0)   24 :  0.003 0.004 0.006 0.954 0.004 0.003 0.003 0.003 0.004 0.004 0.005 0.002 0.004 
697   ZFWB36    (0)   24 :  0.004 0.005 0.012 0.927 0.010 0.003 0.004 0.004 0.008 0.007 0.006 0.005 0.005 
698   ZFWB37    (0)   24 :  0.003 0.006 0.006 0.937 0.007 0.003 0.005 0.003 0.004 0.010 0.008 0.004 0.004 
699   ZFWB38    (0)   24 :  0.004 0.005 0.006 0.938 0.012 0.003 0.006 0.004 0.004 0.004 0.007 0.005 0.003 
700   ZFWB39    (9)   24 :  0.005 0.005 0.005 0.940 0.004 0.004 0.004 0.004 0.010 0.005 0.005 0.003 0.005 
701   ZFWB40    (0)   24 :  0.007 0.004 0.007 0.925 0.004 0.008 0.011 0.004 0.009 0.003 0.004 0.005 0.009 
702   ZFWB41    (9)   24 :  0.007 0.007 0.007 0.925 0.006 0.006 0.008 0.005 0.006 0.005 0.007 0.006 0.006 
703   ZFWB42    (0)   24 :  0.005 0.004 0.003 0.957 0.004 0.003 0.003 0.003 0.004 0.004 0.004 0.003 0.004 
704   ZFWB43    (0)   24 :  0.003 0.004 0.007 0.956 0.004 0.002 0.003 0.003 0.003 0.004 0.004 0.003 0.003 
705   ZFWB44    (0)   24 :  0.003 0.006 0.263 0.293 0.381 0.005 0.010 0.004 0.005 0.009 0.006 0.010 0.005 
706   ZFWB46    (0)   24 :  0.004 0.003 0.012 0.920 0.005 0.004 0.006 0.003 0.023 0.003 0.004 0.007 0.005 
707   ZFWB47    (9)   24 :  0.005 0.005 0.018 0.858 0.049 0.008 0.015 0.004 0.004 0.005 0.006 0.016 0.007 
708   ZFWB48    (0)   24 :  0.105 0.004 0.032 0.760 0.004 0.005 0.008 0.004 0.058 0.004 0.005 0.006 0.007 
709   ZFWB49    (0)   24 :  0.053 0.014 0.017 0.698 0.005 0.004 0.009 0.046 0.012 0.004 0.127 0.004 0.006 
710    ZCF01    (0)   25 :  0.003 0.004 0.827 0.020 0.007 0.051 0.006 0.004 0.018 0.029 0.007 0.020 0.004 
711    ZCF02    (0)   25 :  0.004 0.003 0.594 0.075 0.011 0.020 0.018 0.002 0.006 0.004 0.004 0.254 0.004 
712    ZCF03    (0)   25 :  0.003 0.010 0.753 0.043 0.010 0.127 0.008 0.006 0.007 0.007 0.012 0.008 0.006 
713    ZCF04    (0)   25 :  0.005 0.006 0.923 0.003 0.003 0.021 0.005 0.008 0.004 0.004 0.005 0.006 0.005 
714    ZCF05    (0)   25 :  0.003 0.002 0.824 0.007 0.014 0.011 0.101 0.002 0.005 0.003 0.003 0.019 0.006 
715    ZCF06    (0)   25 :  0.007 0.006 0.838 0.006 0.004 0.013 0.016 0.008 0.024 0.010 0.014 0.004 0.049 
716    ZCF07    (0)   25 :  0.003 0.003 0.918 0.017 0.007 0.004 0.007 0.003 0.004 0.015 0.006 0.011 0.003 
717    ZCF08    (0)   25 :  0.007 0.003 0.891 0.030 0.004 0.007 0.007 0.006 0.006 0.008 0.005 0.022 0.005 
718    ZCF09    (0)   25 :  0.125 0.029 0.428 0.006 0.002 0.152 0.009 0.032 0.032 0.080 0.074 0.006 0.023 
719    ZCF10    (0)   25 :  0.012 0.008 0.843 0.025 0.017 0.009 0.007 0.009 0.013 0.017 0.025 0.009 0.006 
720    ZCF11    (0)   25 :  0.004 0.012 0.895 0.022 0.011 0.006 0.010 0.009 0.004 0.009 0.008 0.007 0.004 
721    ZCF12    (0)   25 :  0.005 0.003 0.913 0.004 0.004 0.027 0.008 0.003 0.016 0.002 0.003 0.008 0.003 
722    ZCF13    (0)   25 :  0.022 0.004 0.899 0.013 0.017 0.009 0.007 0.004 0.003 0.005 0.003 0.008 0.006 
723    ZCF14    (0)   25 :  0.010 0.014 0.325 0.007 0.011 0.018 0.389 0.022 0.168 0.007 0.010 0.013 0.007 
724    ZCF15    (0)   25 :  0.006 0.004 0.876 0.033 0.008 0.009 0.030 0.003 0.008 0.003 0.006 0.005 0.010 
725    ZCF16    (0)   25 :  0.004 0.003 0.919 0.010 0.007 0.009 0.008 0.003 0.015 0.009 0.005 0.004 0.006 
726    ZCF17    (0)   25 :  0.003 0.004 0.923 0.025 0.007 0.004 0.005 0.003 0.008 0.005 0.004 0.005 0.004 
727    ZCF18    (0)   25 :  0.013 0.005 0.855 0.011 0.016 0.027 0.039 0.005 0.006 0.003 0.004 0.009 0.008 
728    ZCF19    (0)   25 :  0.004 0.004 0.298 0.010 0.011 0.073 0.494 0.004 0.064 0.003 0.004 0.016 0.016 
729    ZCF20    (0)   25 :  0.005 0.018 0.878 0.015 0.012 0.006 0.014 0.009 0.006 0.011 0.010 0.012 0.004 
730    ZCF21    (0)   25 :  0.004 0.003 0.902 0.009 0.012 0.025 0.009 0.003 0.008 0.004 0.008 0.007 0.008 
731    ZCF22    (0)   25 :  0.004 0.007 0.847 0.012 0.019 0.011 0.028 0.006 0.010 0.016 0.013 0.018 0.007 
732    ZCF23    (0)   25 :  0.006 0.003 0.922 0.015 0.013 0.007 0.004 0.003 0.005 0.007 0.004 0.008 0.003 
733    ZCF24    (0)   25 :  0.026 0.005 0.849 0.011 0.002 0.009 0.005 0.005 0.015 0.026 0.032 0.003 0.011 
734    ZCF25    (0)   25 :  0.007 0.005 0.913 0.006 0.003 0.004 0.009 0.016 0.013 0.007 0.007 0.003 0.007 
735    ZCF26    (0)   25 :  0.003 0.003 0.931 0.004 0.004 0.006 0.005 0.003 0.006 0.009 0.008 0.004 0.014 
736    ZCF27    (0)   25 :  0.003 0.003 0.933 0.013 0.007 0.006 0.007 0.003 0.007 0.005 0.004 0.005 0.005 
737    ZCF28    (0)   25 :  0.004 0.003 0.879 0.020 0.018 0.016 0.018 0.005 0.010 0.006 0.003 0.011 0.008 
738    ZCF29    (0)   25 :  0.041 0.009 0.057 0.030 0.005 0.699 0.014 0.022 0.055 0.016 0.036 0.005 0.010 
739    ZCF30    (0)   25 :  0.005 0.003 0.931 0.006 0.006 0.004 0.012 0.004 0.004 0.008 0.004 0.004 0.009 
740    ZCF31    (0)   25 :  0.003 0.004 0.825 0.085 0.005 0.010 0.017 0.004 0.006 0.002 0.003 0.031 0.005 
741    ZCF32    (0)   25 :  0.003 0.006 0.689 0.007 0.014 0.216 0.029 0.007 0.010 0.004 0.003 0.007 0.005 
742    ZCF33    (0)   25 :  0.004 0.003 0.852 0.003 0.017 0.053 0.011 0.003 0.007 0.003 0.003 0.037 0.004 
743    ZCF34    (0)   25 :  0.020 0.033 0.712 0.018 0.005 0.033 0.013 0.088 0.034 0.006 0.028 0.005 0.006 
744    ZCF35    (0)   25 :  0.009 0.015 0.871 0.006 0.004 0.038 0.005 0.010 0.011 0.003 0.015 0.007 0.007 
745    ZCF36    (0)   25 :  0.003 0.008 0.809 0.005 0.066 0.009 0.014 0.004 0.008 0.007 0.005 0.057 0.005 
746    ZCF37    (0)   25 :  0.004 0.005 0.858 0.023 0.011 0.045 0.005 0.004 0.020 0.005 0.009 0.007 0.004 
747    ZCF38    (0)   25 :  0.014 0.007 0.883 0.027 0.006 0.006 0.007 0.011 0.007 0.004 0.006 0.004 0.018 
748    ZCF39    (0)   25 :  0.016 0.036 0.423 0.019 0.010 0.008 0.012 0.035 0.007 0.006 0.419 0.004 0.003 
749    ZCF40    (0)   25 :  0.004 0.008 0.894 0.014 0.007 0.004 0.011 0.009 0.016 0.013 0.009 0.003 0.009 
750    ZCF41    (0)   25 :  0.003 0.004 0.729 0.008 0.018 0.067 0.080 0.004 0.056 0.009 0.004 0.011 0.009 
751    ZCF42    (0)   25 :  0.007 0.006 0.795 0.053 0.004 0.035 0.012 0.005 0.009 0.011 0.021 0.004 0.038 


Estimated Allele Frequencies in each cluster
First column gives estimated ancestral frequencies


Locus 1 : 
11 alleles
0.0% missing data
 206   (0.210) 0.308 0.384 0.059 0.192 0.143 0.002 0.470 0.163 0.005 0.002 0.185 0.208 0.686 
 204   (0.472) 0.431 0.605 0.635 0.800 0.474 0.939 0.161 0.558 0.990 0.996 0.748 0.532 0.211 
 222   (0.067) 0.001 0.001 0.111 0.002 0.001 0.056 0.132 0.001 0.001 0.000 0.001 0.132 0.001 
 218   (0.055) 0.001 0.004 0.002 0.001 0.377 0.001 0.004 0.248 0.001 0.000 0.064 0.001 0.063 
 216   (0.019) 0.000 0.003 0.001 0.000 0.000 0.000 0.001 0.024 0.000 0.000 0.000 0.000 0.000 
 208   (0.024) 0.168 0.002 0.004 0.001 0.000 0.001 0.002 0.002 0.001 0.000 0.001 0.000 0.000 
 224   (0.048) 0.001 0.000 0.007 0.002 0.001 0.001 0.093 0.001 0.001 0.000 0.001 0.125 0.037 
 220   (0.056) 0.089 0.000 0.158 0.001 0.004 0.001 0.123 0.001 0.001 0.000 0.001 0.001 0.001 
 230   (0.016) 0.000 0.000 0.001 0.000 0.000 0.000 0.011 0.000 0.000 0.000 0.000 0.000 0.000 
 210   (0.015) 0.000 0.000 0.015 0.000 0.000 0.000 0.001 0.000 0.000 0.000 0.000 0.000 0.000 
 202   (0.018) 0.000 0.000 0.008 0.000 0.000 0.000 0.002 0.000 0.000 0.000 0.000 0.000 0.000 

Locus 2 : 
5 alleles
0.7% missing data
 179   (0.588) 0.042 0.591 0.773 0.273 0.995 0.643 0.653 0.512 0.784 0.989 0.359 0.992 0.480 
 173   (0.321) 0.957 0.408 0.202 0.724 0.004 0.155 0.318 0.304 0.215 0.010 0.574 0.007 0.518 
 182   (0.039) 0.001 0.001 0.002 0.001 0.000 0.000 0.009 0.183 0.001 0.000 0.066 0.000 0.000 
 170   (0.031) 0.000 0.000 0.001 0.001 0.000 0.201 0.019 0.001 0.000 0.000 0.000 0.000 0.000 
 176   (0.021) 0.000 0.000 0.023 0.000 0.000 0.000 0.001 0.000 0.000 0.000 0.000 0.000 0.000 

Locus 3 : 
7 alleles
0.0% missing data
 198   (0.508) 0.225 0.835 0.316 0.867 0.835 0.149 0.548 0.566 0.752 0.116 0.549 0.686 0.508 
 207   (0.208) 0.044 0.003 0.542 0.114 0.122 0.848 0.284 0.057 0.005 0.003 0.004 0.310 0.003 
 216   (0.084) 0.298 0.030 0.004 0.001 0.001 0.001 0.006 0.006 0.239 0.500 0.129 0.001 0.487 
 195   (0.114) 0.431 0.122 0.005 0.015 0.025 0.002 0.055 0.349 0.002 0.381 0.317 0.002 0.001 
 213   (0.030) 0.001 0.010 0.001 0.001 0.017 0.000 0.003 0.021 0.000 0.000 0.001 0.000 0.000 
 210   (0.036) 0.001 0.000 0.053 0.001 0.000 0.000 0.102 0.001 0.000 0.000 0.000 0.000 0.000 
 219   (0.020) 0.000 0.000 0.078 0.000 0.000 0.000 0.002 0.000 0.001 0.000 0.000 0.000 0.000 

Locus 4 : 
7 alleles
0.0% missing data
 166   (0.356) 0.980 0.420 0.116 0.668 0.657 0.277 0.312 0.509 0.013 0.515 0.294 0.419 0.670 
 182   (0.150) 0.002 0.001 0.212 0.081 0.058 0.079 0.207 0.003 0.429 0.001 0.001 0.509 0.112 
 178   (0.274) 0.005 0.522 0.416 0.246 0.283 0.049 0.344 0.251 0.006 0.482 0.697 0.009 0.100 
 184   (0.112) 0.002 0.002 0.213 0.002 0.001 0.593 0.016 0.102 0.548 0.001 0.006 0.060 0.115 
 180   (0.040) 0.001 0.054 0.003 0.001 0.000 0.000 0.013 0.134 0.001 0.001 0.001 0.000 0.000 
 186   (0.040) 0.001 0.000 0.029 0.001 0.000 0.000 0.102 0.001 0.001 0.000 0.001 0.002 0.002 
 168   (0.028) 0.009 0.000 0.012 0.001 0.000 0.001 0.006 0.001 0.001 0.000 0.000 0.000 0.001 

Locus 5 : 
9 alleles
0.0% missing data
 215   (0.483) 0.010 0.090 0.856 0.692 0.846 0.244 0.407 0.331 0.941 0.941 0.403 0.557 0.839 
 207   (0.200) 0.179 0.845 0.036 0.005 0.007 0.337 0.060 0.499 0.051 0.058 0.593 0.220 0.145 
 225   (0.069) 0.001 0.001 0.003 0.257 0.049 0.001 0.374 0.001 0.001 0.000 0.001 0.145 0.001 
 217   (0.090) 0.001 0.001 0.040 0.002 0.094 0.417 0.118 0.002 0.003 0.001 0.001 0.076 0.013 
 211   (0.021) 0.000 0.001 0.001 0.000 0.000 0.000 0.002 0.007 0.000 0.000 0.000 0.000 0.000 
 205   (0.047) 0.308 0.062 0.002 0.001 0.000 0.000 0.003 0.159 0.001 0.000 0.001 0.000 0.001 
 189   (0.037) 0.499 0.000 0.053 0.002 0.000 0.001 0.004 0.001 0.001 0.000 0.000 0.000 0.001 
 227   (0.034) 0.001 0.000 0.002 0.041 0.002 0.000 0.030 0.001 0.003 0.000 0.000 0.001 0.001 
 223   (0.018) 0.000 0.000 0.008 0.000 0.000 0.000 0.002 0.000 0.000 0.000 0.000 0.000 0.000 

Locus 6 : 
2 alleles
1.1% missing data
 205   (0.067) 0.001 0.001 0.016 0.165 0.001 0.001 0.118 0.001 0.001 0.000 0.001 0.540 0.003 
 203   (0.933) 0.999 0.999 0.984 0.835 0.999 0.999 0.882 0.999 0.999 1.000 0.999 0.460 0.997 

Locus 7 : 
9 alleles
0.3% missing data
 187   (0.196) 0.003 0.003 0.175 0.199 0.634 0.635 0.334 0.004 0.431 0.001 0.002 0.671 0.302 
 199   (0.114) 0.124 0.001 0.317 0.166 0.267 0.010 0.149 0.002 0.002 0.001 0.001 0.006 0.001 
 189   (0.138) 0.003 0.180 0.007 0.004 0.093 0.002 0.231 0.191 0.004 0.004 0.152 0.318 0.047 
 195   (0.275) 0.649 0.318 0.212 0.624 0.003 0.003 0.211 0.247 0.556 0.992 0.711 0.003 0.646 
 191   (0.080) 0.103 0.264 0.008 0.003 0.001 0.001 0.040 0.310 0.001 0.001 0.103 0.001 0.001 
 183   (0.045) 0.001 0.065 0.020 0.001 0.000 0.001 0.003 0.034 0.001 0.000 0.001 0.000 0.001 
 193   (0.092) 0.090 0.170 0.093 0.002 0.001 0.001 0.024 0.211 0.001 0.001 0.030 0.001 0.001 
 201   (0.036) 0.001 0.000 0.164 0.001 0.000 0.347 0.004 0.001 0.001 0.000 0.000 0.000 0.000 
 197   (0.025) 0.026 0.000 0.003 0.001 0.000 0.000 0.003 0.000 0.003 0.000 0.000 0.000 0.000 

Locus 8 : 
8 alleles
0.4% missing data
 213   (0.193) 0.082 0.344 0.107 0.126 0.411 0.031 0.077 0.123 0.004 0.397 0.444 0.638 0.002 
 207   (0.162) 0.003 0.005 0.173 0.075 0.088 0.295 0.273 0.006 0.532 0.001 0.005 0.342 0.161 
 215   (0.095) 0.275 0.002 0.088 0.127 0.001 0.039 0.007 0.003 0.002 0.160 0.119 0.008 0.001 
 209   (0.214) 0.039 0.154 0.462 0.666 0.002 0.558 0.227 0.074 0.005 0.010 0.174 0.009 0.096 
 211   (0.198) 0.454 0.149 0.138 0.005 0.003 0.075 0.143 0.750 0.455 0.432 0.255 0.002 0.639 
 205   (0.092) 0.145 0.344 0.008 0.002 0.494 0.001 0.156 0.044 0.002 0.001 0.002 0.001 0.099 
 217   (0.030) 0.000 0.000 0.016 0.001 0.000 0.000 0.114 0.001 0.000 0.000 0.000 0.000 0.000 
 199   (0.017) 0.000 0.000 0.008 0.000 0.000 0.000 0.001 0.000 0.000 0.000 0.000 0.000 0.000 

Locus 9 : 
7 alleles
0.3% missing data
 184   (0.189) 0.004 0.002 0.425 0.712 0.895 0.218 0.466 0.004 0.004 0.001 0.003 0.574 0.002 
 186   (0.273) 0.635 0.841 0.049 0.007 0.011 0.104 0.259 0.833 0.008 0.266 0.300 0.353 0.072 
 188   (0.349) 0.227 0.152 0.297 0.275 0.092 0.676 0.256 0.111 0.985 0.006 0.019 0.072 0.342 
 176   (0.074) 0.132 0.002 0.068 0.003 0.001 0.001 0.010 0.048 0.001 0.010 0.257 0.001 0.001 
 190   (0.070) 0.001 0.003 0.040 0.001 0.001 0.001 0.006 0.003 0.002 0.716 0.393 0.001 0.582 
 182   (0.025) 0.000 0.000 0.122 0.000 0.000 0.000 0.002 0.000 0.000 0.000 0.000 0.000 0.000 
 192   (0.021) 0.000 0.000 0.001 0.000 0.000 0.000 0.001 0.000 0.000 0.000 0.027 0.000 0.000 

Locus 10 : 
3 alleles
0.0% missing data
 220   (0.187) 0.003 0.002 0.321 0.037 0.376 0.765 0.422 0.004 0.003 0.001 0.002 0.473 0.092 
 217   (0.793) 0.997 0.998 0.678 0.962 0.624 0.235 0.577 0.996 0.997 0.999 0.998 0.527 0.823 
 223   (0.020) 0.000 0.000 0.001 0.000 0.000 0.000 0.001 0.000 0.000 0.000 0.000 0.000 0.084 

Locus 11 : 
6 alleles
0.0% missing data
 205   (0.264) 0.044 0.002 0.461 0.007 0.980 0.652 0.420 0.005 0.111 0.001 0.003 0.716 0.898 
 202   (0.156) 0.006 0.081 0.053 0.023 0.003 0.046 0.080 0.011 0.008 0.908 0.261 0.247 0.002 
 211   (0.461) 0.949 0.916 0.121 0.491 0.016 0.233 0.461 0.982 0.880 0.090 0.735 0.036 0.099 
 208   (0.062) 0.001 0.001 0.314 0.479 0.001 0.001 0.035 0.001 0.001 0.000 0.001 0.001 0.001 
 217   (0.031) 0.000 0.000 0.013 0.001 0.000 0.068 0.002 0.001 0.000 0.000 0.000 0.000 0.000 
 214   (0.025) 0.000 0.000 0.038 0.000 0.000 0.000 0.002 0.000 0.000 0.000 0.000 0.000 0.000 

Values of parameters used in structure:
DATAFILE=C:\Users\eschumacher\Documents\GitHub\GCC_QUAC_ZAIN\Data_Files\Structure_Files\ZAIN\ZAIN_rebinned_wild\project_data,	OUTFILE=C:\Users\eschumacher\Documents\GitHub\GCC_QUAC_ZAIN\Data_Files\Structure_Files\ZAIN\ZAIN_rebinned_wild\50-50\Results\50-50_run_63,	NUMINDS=751,	NUMLOCI=11,	MISSING=-9,	LABEL=1,	POPDATA=1,	POPFLAG=0,	PHENOTYPE=0,	EXTRACOLS=0,	MAXPOPS=13,	BURNIN=50000,	NUMREPS=50000,	USEPOPINFO=0,	INFERALPHA=1,	INFERLAMBDA=0,	POPSPECIFICLAMBDA=0,	POPALPHAS=0,	COMPUTEPROB=1,	NOADMIX=0,	ADMBURNIN=2500,	UPDATEFREQ=1,	PRINTLIKES=0,	INTERMEDSAVE=0,	PRINTKLD=0,	PRINTNET=0,	PRINTLAMBDA=0,	ANCESTDIST=0,	NUMBOXES=1000,	ANCESTPINT=0.90000,	GENSBACK=2,	MIGRPRIOR=0.05000,	PRINTQHAT=0,	PRINTQSUM=0,	ALPHA=1.0000,	FREQSCORR=1,	FPRIORMEAN=0.0100,	FPRIORSD=0.0500,	ONEFST=0,	LAMBDA=1.0000,	UNIFPRIORALPHA=1,	ALPHAMAX=10.0000,	ALPHAPRIORA=1.0000,	ALPHAPRIORB=2.0000,	ALPHAPROPSD=0.0250,	STARTATPOPINFO=0,	RANDOMIZE=1,	LINKAGE=0,	METROFREQ=10,	REPORTHITRATE=0,	MARKOVPHASE=-1,	PHASED=0,	PLOIDY=2,	PHASEINFO=0	LOCPRIOR=0, 	LOCPRIORINIT=1.000000, 	LOCDATA=0, 	LOCISPOP=0, 	LOCPRIORSTEP=0.100000, 	MAXLOCPRIOR=20.000000, 	SEED=1660250325,	
[STRAT parameters]:    NUMSIMSTATS=1000,	PHENOTYPECOL=-9,	POOLFREQ=10,	LOCUSxONLY=0,	EMERROR=0.00100,	MISSINGPHENO=-9,	