

----------------------------------------------------
STRUCTURE by Pritchard, Stephens and Donnelly (2000)
     and Falush, Stephens and Pritchard (2003)
       Code by Pritchard, Falush and Hubisz
             Version 2.3.4 (Jul 2012)
----------------------------------------------------



Command line arguments:   bin\structure -m C:\Users\eschumacher\Documents\GitHub\GCC_QUAC_ZAIN\Data_Files\Structure_Files\ZAIN\ZAIN_rebinned_wild\50-50\mainparams -e C:\Users\eschumacher\Documents\GitHub\GCC_QUAC_ZAIN\Data_Files\Structure_Files\ZAIN\ZAIN_rebinned_wild\50-50\extraparams 
Input File:    C:\Users\eschumacher\Documents\GitHub\GCC_QUAC_ZAIN\Data_Files\Structure_Files\ZAIN\ZAIN_rebinned_wild\project_data

Run parameters:
   751 individuals
   11 loci
   12 populations assumed
   50000 Burn-in period
   50000 Reps


--------------------------------------------
Proportion of membership of each pre-defined
 population in each of the 12 clusters

Given    Inferred Clusters                                                                      Number of
 Pop       1      2      3      4      5      6      7      8      9     10     11     12      Individuals

  1:     0.864  0.052  0.007  0.006  0.009  0.013  0.006  0.005  0.006  0.007  0.011  0.013       35
  2:     0.005  0.007  0.158  0.023  0.007  0.422  0.020  0.021  0.311  0.015  0.006  0.005       36
  3:     0.004  0.006  0.082  0.009  0.012  0.569  0.009  0.027  0.244  0.023  0.007  0.006       33
  4:     0.012  0.010  0.008  0.039  0.008  0.011  0.871  0.009  0.009  0.009  0.007  0.008       40
  5:     0.003  0.004  0.038  0.006  0.005  0.007  0.007  0.008  0.008  0.906  0.004  0.004       39
  6:     0.139  0.075  0.025  0.015  0.311  0.049  0.030  0.031  0.029  0.014  0.261  0.022       40
  7:     0.028  0.063  0.011  0.050  0.053  0.011  0.021  0.022  0.011  0.011  0.676  0.044       37
  8:     0.004  0.005  0.085  0.006  0.005  0.742  0.006  0.017  0.111  0.013  0.003  0.003       40
  9:     0.118  0.785  0.007  0.040  0.006  0.008  0.004  0.003  0.005  0.013  0.006  0.005       28
 10:     0.005  0.005  0.007  0.926  0.004  0.007  0.019  0.006  0.006  0.005  0.004  0.006       14
 11:     0.009  0.012  0.013  0.020  0.014  0.011  0.006  0.005  0.008  0.029  0.021  0.851       13
 12:     0.003  0.007  0.890  0.007  0.006  0.012  0.020  0.008  0.016  0.026  0.004  0.002       14
 13:     0.004  0.005  0.015  0.008  0.005  0.034  0.007  0.020  0.885  0.007  0.005  0.007       25
 14:     0.005  0.006  0.009  0.006  0.005  0.017  0.008  0.916  0.011  0.006  0.005  0.006       40
 15:     0.028  0.010  0.052  0.027  0.019  0.022  0.779  0.008  0.019  0.016  0.012  0.008       32
 16:     0.003  0.003  0.003  0.004  0.003  0.003  0.003  0.003  0.003  0.003  0.004  0.967       20
 17:     0.475  0.106  0.009  0.009  0.304  0.014  0.011  0.004  0.007  0.005  0.053  0.003        4
 18:     0.175  0.615  0.011  0.012  0.040  0.077  0.012  0.013  0.017  0.005  0.017  0.005       23
 19:     0.012  0.933  0.004  0.005  0.007  0.005  0.006  0.004  0.004  0.005  0.009  0.005       39
 20:     0.913  0.011  0.004  0.017  0.008  0.005  0.005  0.004  0.005  0.004  0.011  0.014       38
 21:     0.004  0.005  0.720  0.007  0.010  0.044  0.008  0.048  0.027  0.115  0.006  0.005       45
 22:     0.004  0.005  0.387  0.023  0.007  0.228  0.013  0.022  0.163  0.124  0.009  0.014       28
 23:     0.187  0.710  0.005  0.004  0.017  0.005  0.007  0.004  0.005  0.008  0.041  0.007        6
 24:     0.009  0.021  0.013  0.011  0.874  0.007  0.006  0.014  0.007  0.011  0.024  0.004       40
 25:     0.020  0.013  0.022  0.021  0.025  0.008  0.010  0.011  0.009  0.010  0.810  0.041       42
--------------------------------------------

Allele-freq. divergence among pops (Net nucleotide distance),
computed using point estimates of P.

      1       2       3       4       5       6       7       8       9      10      11      12      
 1      -    0.0986  0.2733  0.2371  0.1876  0.2650  0.2213  0.3445  0.2630  0.3371  0.1141  0.2283  
 2   0.0986     -    0.2466  0.2469  0.1620  0.2487  0.1740  0.3568  0.2531  0.2692  0.0954  0.3380  
 3   0.2733  0.2466     -    0.1931  0.1200  0.0657  0.1715  0.1303  0.0773  0.1357  0.1634  0.3695  
 4   0.2371  0.2469  0.1931     -    0.1812  0.2340  0.1955  0.2808  0.1884  0.2451  0.1589  0.3184  
 5   0.1876  0.1620  0.1200  0.1812     -    0.1662  0.1689  0.1739  0.1699  0.2458  0.0988  0.3459  
 6   0.2650  0.2487  0.0657  0.2340  0.1662     -    0.2348  0.1430  0.0498  0.2655  0.2119  0.3888  
 7   0.2213  0.1740  0.1715  0.1955  0.1689  0.2348     -    0.2049  0.1981  0.2009  0.1449  0.3495  
 8   0.3445  0.3568  0.1303  0.2808  0.1739  0.1430  0.2049     -    0.1035  0.2949  0.2722  0.4572  
 9   0.2630  0.2531  0.0773  0.1884  0.1699  0.0498  0.1981  0.1035     -    0.2309  0.1921  0.3762  
10   0.3371  0.2692  0.1357  0.2451  0.2458  0.2655  0.2009  0.2949  0.2309     -    0.2039  0.4493  
11   0.1141  0.0954  0.1634  0.1589  0.0988  0.2119  0.1449  0.2722  0.1921  0.2039     -    0.1826  
12   0.2283  0.3380  0.3695  0.3184  0.3459  0.3888  0.3495  0.4572  0.3762  0.4493  0.1826     -    

Average distances (expected heterozygosity) between individuals in same cluster:
cluster  1  : 0.4998 
cluster  2  : 0.3860 
cluster  3  : 0.4259 
cluster  4  : 0.2440 
cluster  5  : 0.4626 
cluster  6  : 0.3615 
cluster  7  : 0.3965 
cluster  8  : 0.3620 
cluster  9  : 0.4142 
cluster 10  : 0.2265 
cluster 11  : 0.5479 
cluster 12  : 0.2547 

--------------------------------------------
Estimated Ln Prob of Data   = -13369.1
Mean value of ln likelihood = -12897.1
Variance of ln likelihood   = 944.0
Mean value of alpha         = 0.0326

Mean value of Fst_1         = 0.4093
Mean value of Fst_2         = 0.4288
Mean value of Fst_3         = 0.4100
Mean value of Fst_4         = 0.6353
Mean value of Fst_5         = 0.3070
Mean value of Fst_6         = 0.4360
Mean value of Fst_7         = 0.4060
Mean value of Fst_8         = 0.4336
Mean value of Fst_9         = 0.3349
Mean value of Fst_10         = 0.6532
Mean value of Fst_11         = 0.1425
Mean value of Fst_12         = 0.6251


Inferred ancestry of individuals:
        Label (%Miss) Pop:  Inferred clusters
  1    ZFB01    (0)    1 :  0.948 0.012 0.004 0.003 0.004 0.006 0.005 0.003 0.004 0.003 0.004 0.005 
  2    ZFB02    (0)    1 :  0.946 0.012 0.003 0.004 0.004 0.004 0.008 0.003 0.003 0.003 0.005 0.007 
  3    ZFB03    (0)    1 :  0.786 0.086 0.016 0.006 0.013 0.012 0.006 0.003 0.005 0.044 0.019 0.003 
  4    ZFB04    (0)    1 :  0.952 0.007 0.003 0.004 0.003 0.005 0.004 0.002 0.003 0.002 0.004 0.008 
  5    ZFB05    (0)    1 :  0.857 0.010 0.007 0.023 0.017 0.003 0.006 0.010 0.003 0.015 0.025 0.025 
  6    ZFB06    (0)    1 :  0.873 0.010 0.007 0.011 0.015 0.003 0.006 0.010 0.003 0.015 0.027 0.021 
  7    ZFB07    (9)    1 :  0.207 0.657 0.013 0.009 0.007 0.025 0.006 0.006 0.013 0.006 0.030 0.021 
  8    ZFB08    (0)    1 :  0.836 0.083 0.006 0.007 0.026 0.007 0.008 0.004 0.006 0.006 0.007 0.003 
  9    ZFB09    (0)    1 :  0.943 0.019 0.003 0.003 0.006 0.004 0.005 0.003 0.003 0.004 0.004 0.003 
 10    ZFB10    (0)    1 :  0.932 0.006 0.007 0.004 0.005 0.020 0.006 0.004 0.007 0.002 0.003 0.005 
 11    ZFB11    (0)    1 :  0.943 0.008 0.004 0.003 0.003 0.011 0.005 0.003 0.006 0.003 0.003 0.007 
 12    ZFB12    (0)    1 :  0.925 0.016 0.006 0.003 0.008 0.006 0.003 0.003 0.004 0.015 0.005 0.006 
 13    ZFB13    (0)    1 :  0.890 0.043 0.006 0.009 0.011 0.009 0.004 0.005 0.009 0.005 0.006 0.003 
 14    ZFB14    (0)    1 :  0.897 0.050 0.005 0.006 0.006 0.009 0.006 0.003 0.007 0.003 0.005 0.003 
 15    ZFB15    (0)    1 :  0.962 0.009 0.003 0.003 0.004 0.003 0.003 0.002 0.002 0.002 0.003 0.005 
 16    ZFB16    (0)    1 :  0.953 0.008 0.004 0.005 0.006 0.005 0.002 0.003 0.004 0.003 0.004 0.004 
 17    ZFB17    (0)    1 :  0.873 0.009 0.012 0.017 0.026 0.012 0.012 0.009 0.006 0.002 0.008 0.012 
 18    ZFB18    (0)    1 :  0.946 0.012 0.004 0.003 0.005 0.006 0.007 0.003 0.004 0.003 0.004 0.003 
 19    ZFB19    (0)    1 :  0.615 0.143 0.023 0.005 0.048 0.058 0.004 0.011 0.024 0.006 0.058 0.006 
 20    ZFB20    (0)    1 :  0.956 0.006 0.004 0.005 0.004 0.005 0.002 0.002 0.003 0.002 0.003 0.007 
 21    ZFB21    (0)    1 :  0.944 0.016 0.003 0.005 0.004 0.003 0.004 0.002 0.003 0.005 0.007 0.004 
 22    ZFB22    (0)    1 :  0.904 0.006 0.012 0.005 0.010 0.012 0.007 0.009 0.007 0.002 0.007 0.017 
 23    ZFB23    (0)    1 :  0.924 0.008 0.008 0.005 0.004 0.013 0.004 0.003 0.005 0.010 0.004 0.013 
 24    ZFB24    (0)    1 :  0.951 0.005 0.004 0.004 0.003 0.006 0.003 0.003 0.004 0.003 0.003 0.010 
 25    ZFB25    (0)    1 :  0.874 0.012 0.012 0.004 0.003 0.057 0.005 0.005 0.015 0.004 0.004 0.005 
 26    ZFB26    (0)    1 :  0.911 0.005 0.007 0.008 0.003 0.019 0.005 0.004 0.011 0.004 0.004 0.019 
 27    ZFB27    (0)    1 :  0.925 0.008 0.005 0.002 0.003 0.011 0.004 0.003 0.005 0.002 0.003 0.029 
 28    ZFB28    (0)    1 :  0.841 0.047 0.011 0.010 0.007 0.011 0.007 0.003 0.008 0.017 0.013 0.027 
 29    ZFB29    (0)    1 :  0.956 0.006 0.002 0.006 0.003 0.004 0.005 0.002 0.003 0.002 0.004 0.005 
 30    ZFB30    (0)    1 :  0.685 0.024 0.006 0.004 0.019 0.005 0.003 0.017 0.004 0.009 0.081 0.142 
 31    ZFB31    (0)    1 :  0.623 0.253 0.012 0.004 0.004 0.057 0.006 0.005 0.019 0.004 0.005 0.009 
 32    ZFB32    (0)    1 :  0.785 0.059 0.018 0.018 0.017 0.018 0.016 0.004 0.009 0.029 0.012 0.015 
 33    ZFB33    (0)    1 :  0.959 0.008 0.003 0.003 0.003 0.004 0.003 0.002 0.003 0.003 0.005 0.005 
 34    ZFB34    (0)    1 :  0.812 0.136 0.004 0.005 0.007 0.005 0.009 0.003 0.004 0.005 0.007 0.002 
 35    ZFB35    (0)    1 :  0.914 0.028 0.006 0.008 0.005 0.008 0.005 0.003 0.006 0.005 0.006 0.004 
 36  ZFBP101    (0)    2 :  0.009 0.007 0.342 0.108 0.012 0.220 0.065 0.039 0.170 0.017 0.009 0.003 
 37  ZFBP102    (0)    2 :  0.017 0.010 0.319 0.042 0.009 0.168 0.011 0.014 0.391 0.005 0.012 0.003 
 38  ZFBP103    (0)    2 :  0.010 0.006 0.644 0.050 0.007 0.118 0.101 0.010 0.024 0.022 0.007 0.003 
 39  ZFBP104    (0)    2 :  0.013 0.034 0.500 0.005 0.035 0.244 0.004 0.008 0.129 0.010 0.015 0.003 
 40  ZFBP105    (0)    2 :  0.005 0.006 0.105 0.007 0.007 0.255 0.005 0.006 0.581 0.012 0.006 0.005 
 41  ZFBP106    (0)    2 :  0.003 0.004 0.100 0.013 0.006 0.336 0.007 0.011 0.494 0.020 0.004 0.003 
 42  ZFBP107    (0)    2 :  0.008 0.006 0.238 0.045 0.008 0.288 0.007 0.005 0.329 0.021 0.014 0.031 
 43  ZFBP108    (0)    2 :  0.003 0.003 0.012 0.004 0.003 0.835 0.003 0.006 0.118 0.008 0.003 0.003 
 44  ZFBP109    (0)    2 :  0.003 0.005 0.030 0.003 0.004 0.087 0.003 0.006 0.847 0.005 0.004 0.002 
 45  ZFBP110    (0)    2 :  0.013 0.043 0.272 0.048 0.013 0.309 0.031 0.005 0.132 0.100 0.029 0.003 
 46  ZFBP111    (0)    2 :  0.003 0.003 0.417 0.005 0.010 0.275 0.004 0.133 0.133 0.010 0.004 0.004 
 47  ZFBP112    (0)    2 :  0.003 0.003 0.017 0.014 0.006 0.824 0.013 0.051 0.048 0.010 0.004 0.006 
 48  ZFBP113    (0)    2 :  0.003 0.003 0.010 0.004 0.005 0.950 0.003 0.004 0.009 0.003 0.004 0.003 
 49  ZFBP114    (0)    2 :  0.003 0.003 0.027 0.009 0.003 0.014 0.004 0.005 0.917 0.004 0.005 0.006 
 50  ZFBP115    (0)    2 :  0.003 0.003 0.820 0.009 0.006 0.024 0.008 0.011 0.091 0.018 0.004 0.004 
 51  ZFBP116    (0)    2 :  0.003 0.002 0.028 0.006 0.006 0.854 0.005 0.006 0.075 0.007 0.004 0.005 
 52  ZFBP117    (0)    2 :  0.003 0.003 0.022 0.005 0.005 0.362 0.011 0.009 0.567 0.007 0.004 0.002 
 53  ZFBP118    (0)    2 :  0.004 0.004 0.039 0.012 0.003 0.112 0.003 0.008 0.797 0.004 0.006 0.009 
 54  ZFBP119    (0)    2 :  0.003 0.004 0.147 0.013 0.014 0.022 0.026 0.017 0.731 0.016 0.006 0.002 
 55  ZFBP120    (0)    2 :  0.005 0.007 0.105 0.006 0.008 0.589 0.004 0.005 0.244 0.015 0.006 0.005 
 56  ZFBP121    (0)    2 :  0.004 0.006 0.015 0.008 0.004 0.201 0.009 0.005 0.734 0.007 0.004 0.003 
 57  ZFBP122    (9)    2 :  0.003 0.003 0.028 0.006 0.006 0.832 0.004 0.011 0.094 0.007 0.003 0.003 
 58  ZFBP123    (0)    2 :  0.003 0.004 0.012 0.047 0.008 0.800 0.011 0.019 0.079 0.006 0.004 0.007 
 59  ZFBP124    (0)    2 :  0.005 0.012 0.019 0.008 0.005 0.203 0.004 0.005 0.725 0.006 0.004 0.005 
 60  ZFBP125    (0)    2 :  0.002 0.002 0.043 0.006 0.006 0.218 0.008 0.018 0.681 0.009 0.003 0.003 
 61  ZFBP126    (0)    2 :  0.014 0.007 0.020 0.024 0.018 0.858 0.016 0.005 0.017 0.003 0.015 0.003 
 62  ZFBP127    (0)    2 :  0.003 0.003 0.173 0.007 0.003 0.181 0.016 0.005 0.512 0.089 0.005 0.003 
 63  ZFBP128    (0)    2 :  0.003 0.004 0.017 0.008 0.004 0.870 0.015 0.026 0.035 0.014 0.002 0.002 
 64  ZFBP129    (0)    2 :  0.003 0.007 0.008 0.009 0.005 0.470 0.010 0.132 0.338 0.009 0.005 0.003 
 65  ZFBP130    (0)    2 :  0.002 0.002 0.055 0.010 0.008 0.480 0.030 0.082 0.310 0.012 0.003 0.004 
 66  ZFBP131    (0)    2 :  0.003 0.003 0.004 0.003 0.004 0.925 0.003 0.004 0.040 0.003 0.003 0.003 
 67  ZFBP132    (0)    2 :  0.003 0.005 0.020 0.005 0.003 0.508 0.005 0.005 0.418 0.020 0.004 0.004 
 68  ZFBP133    (0)    2 :  0.002 0.003 0.006 0.003 0.005 0.930 0.006 0.026 0.012 0.003 0.002 0.002 
 69  ZFBP134    (0)    2 :  0.003 0.004 0.801 0.003 0.009 0.119 0.017 0.011 0.018 0.009 0.003 0.003 
 70  ZFBP135    (0)    2 :  0.010 0.009 0.066 0.063 0.006 0.440 0.213 0.015 0.148 0.020 0.008 0.002 
 71  ZFBP136    (0)    2 :  0.004 0.004 0.192 0.192 0.007 0.259 0.049 0.043 0.220 0.018 0.005 0.008 
 72  ZFBP201    (0)    3 :  0.003 0.004 0.007 0.005 0.004 0.939 0.004 0.004 0.010 0.007 0.005 0.006 
 73  ZFBP202    (0)    3 :  0.003 0.008 0.024 0.006 0.006 0.802 0.004 0.007 0.120 0.013 0.004 0.003 
 74  ZFBP203    (0)    3 :  0.014 0.005 0.012 0.008 0.023 0.771 0.004 0.016 0.055 0.005 0.026 0.061 
 75  ZFBP204    (0)    3 :  0.004 0.005 0.101 0.027 0.009 0.089 0.012 0.017 0.709 0.016 0.006 0.005 
 76  ZFBP205    (0)    3 :  0.003 0.004 0.019 0.012 0.006 0.362 0.010 0.014 0.557 0.003 0.004 0.005 
 77  ZFBP206    (0)    3 :  0.004 0.004 0.006 0.022 0.009 0.901 0.007 0.019 0.012 0.005 0.004 0.007 
 78  ZFBP207    (0)    3 :  0.003 0.006 0.112 0.006 0.005 0.017 0.010 0.007 0.691 0.133 0.004 0.004 
 79  ZFBP208    (0)    3 :  0.004 0.003 0.006 0.013 0.008 0.913 0.005 0.006 0.021 0.003 0.005 0.011 
 80  ZFBP209    (0)    3 :  0.002 0.005 0.010 0.003 0.005 0.460 0.010 0.124 0.372 0.003 0.003 0.002 
 81  ZFBP210    (0)    3 :  0.004 0.004 0.009 0.006 0.008 0.924 0.004 0.008 0.014 0.007 0.004 0.008 
 82  ZFBP211    (0)    3 :  0.004 0.007 0.012 0.008 0.004 0.184 0.004 0.005 0.755 0.009 0.004 0.003 
 83  ZFBP212    (0)    3 :  0.004 0.005 0.043 0.003 0.003 0.854 0.002 0.005 0.045 0.029 0.003 0.003 
 84  ZFBP213    (0)    3 :  0.005 0.010 0.009 0.028 0.009 0.864 0.011 0.009 0.032 0.012 0.006 0.004 
 85  ZFBP214    (0)    3 :  0.004 0.021 0.028 0.025 0.038 0.704 0.049 0.054 0.030 0.033 0.009 0.004 
 86  ZFBP215    (0)    3 :  0.003 0.004 0.010 0.006 0.003 0.882 0.006 0.008 0.066 0.006 0.003 0.002 
 87  ZFBP216    (0)    3 :  0.005 0.005 0.071 0.006 0.021 0.715 0.005 0.005 0.142 0.007 0.009 0.007 
 88  ZFBP217    (0)    3 :  0.004 0.006 0.079 0.005 0.022 0.645 0.007 0.140 0.042 0.040 0.007 0.004 
 89  ZFBP218    (0)    3 :  0.002 0.006 0.039 0.003 0.007 0.448 0.005 0.014 0.467 0.003 0.003 0.004 
 90  ZFBP219    (0)    3 :  0.003 0.003 0.009 0.004 0.005 0.948 0.003 0.004 0.013 0.003 0.003 0.004 
 91  ZFBP220    (0)    3 :  0.003 0.003 0.171 0.010 0.006 0.637 0.023 0.042 0.081 0.017 0.004 0.004 
 92  ZFBP221    (0)    3 :  0.003 0.006 0.573 0.002 0.006 0.234 0.004 0.008 0.149 0.007 0.003 0.004 
 93  ZFBP222    (0)    3 :  0.004 0.004 0.005 0.005 0.005 0.938 0.005 0.007 0.017 0.003 0.004 0.004 
 94  ZFBP223    (0)    3 :  0.004 0.008 0.072 0.010 0.006 0.465 0.009 0.007 0.179 0.229 0.007 0.006 
 95  ZFBP224    (0)    3 :  0.003 0.006 0.010 0.015 0.007 0.913 0.005 0.004 0.019 0.006 0.006 0.004 
 96  ZFBP225    (0)    3 :  0.004 0.003 0.305 0.010 0.012 0.324 0.011 0.248 0.043 0.022 0.007 0.010 
 97  ZFBP226    (0)    3 :  0.004 0.003 0.013 0.006 0.004 0.719 0.004 0.006 0.228 0.006 0.004 0.004 
 98  ZFBP227    (0)    3 :  0.010 0.021 0.249 0.012 0.126 0.303 0.006 0.007 0.212 0.009 0.042 0.004 
 99  ZFBP228    (0)    3 :  0.004 0.005 0.354 0.005 0.004 0.219 0.019 0.008 0.296 0.080 0.004 0.003 
100  ZFBP229    (0)    3 :  0.003 0.003 0.037 0.004 0.007 0.733 0.008 0.025 0.169 0.006 0.004 0.003 
101  ZFBP230    (0)    3 :  0.003 0.004 0.267 0.010 0.010 0.406 0.031 0.041 0.207 0.014 0.004 0.004 
102  ZFBP231    (0)    3 :  0.004 0.007 0.012 0.014 0.006 0.028 0.004 0.004 0.905 0.006 0.006 0.004 
103  ZFBP232    (0)    3 :  0.003 0.003 0.009 0.004 0.004 0.133 0.004 0.006 0.823 0.004 0.003 0.003 
104  ZFBP233    (0)    3 :  0.004 0.010 0.036 0.009 0.012 0.315 0.005 0.017 0.577 0.007 0.005 0.004 
105   ZFCC01    (0)    4 :  0.006 0.013 0.004 0.008 0.004 0.005 0.940 0.004 0.004 0.005 0.004 0.004 
106   ZFCC03    (0)    4 :  0.003 0.007 0.003 0.005 0.003 0.004 0.953 0.005 0.003 0.009 0.003 0.003 
107   ZFCC04    (0)    4 :  0.004 0.006 0.004 0.013 0.005 0.004 0.942 0.006 0.003 0.006 0.004 0.003 
108   ZFCC05    (0)    4 :  0.005 0.013 0.007 0.049 0.007 0.007 0.872 0.007 0.005 0.016 0.007 0.005 
109   ZFCC08    (0)    4 :  0.002 0.007 0.008 0.009 0.007 0.009 0.916 0.020 0.012 0.004 0.003 0.002 
110   ZFCC09    (0)    4 :  0.004 0.008 0.004 0.007 0.003 0.003 0.949 0.004 0.005 0.008 0.004 0.003 
111   ZFCC10    (0)    4 :  0.004 0.018 0.003 0.008 0.004 0.004 0.940 0.003 0.005 0.004 0.004 0.004 
112   ZFCC11    (0)    4 :  0.004 0.008 0.005 0.009 0.004 0.005 0.937 0.004 0.004 0.012 0.004 0.004 
113   ZFCC12    (0)    4 :  0.065 0.025 0.008 0.039 0.009 0.007 0.805 0.005 0.006 0.008 0.020 0.005 
114   ZFCC13    (0)    4 :  0.005 0.004 0.012 0.008 0.010 0.010 0.912 0.007 0.007 0.009 0.005 0.012 
115   ZFCC14    (0)    4 :  0.007 0.009 0.004 0.025 0.004 0.010 0.909 0.007 0.007 0.005 0.006 0.007 
116   ZFCC15    (0)    4 :  0.004 0.005 0.004 0.006 0.009 0.004 0.947 0.004 0.004 0.004 0.005 0.005 
117   ZFCC16    (0)    4 :  0.005 0.006 0.003 0.014 0.005 0.004 0.945 0.004 0.003 0.004 0.004 0.004 
118   ZFCC17    (0)    4 :  0.007 0.006 0.003 0.049 0.004 0.003 0.900 0.003 0.003 0.006 0.005 0.009 
119   ZFCC18    (0)    4 :  0.004 0.007 0.004 0.008 0.004 0.004 0.944 0.005 0.004 0.008 0.004 0.004 
120   ZFCC19    (0)    4 :  0.005 0.005 0.003 0.009 0.008 0.003 0.945 0.003 0.002 0.003 0.005 0.009 
121   ZFCC20    (0)    4 :  0.004 0.004 0.005 0.011 0.006 0.004 0.942 0.005 0.004 0.007 0.004 0.003 
122   ZFCC21    (0)    4 :  0.004 0.011 0.013 0.012 0.067 0.069 0.760 0.035 0.012 0.003 0.005 0.008 
123   ZFCC22    (0)    4 :  0.003 0.011 0.079 0.012 0.009 0.106 0.637 0.053 0.074 0.006 0.003 0.005 
124   ZFCC26    (0)    4 :  0.004 0.005 0.003 0.009 0.004 0.003 0.954 0.004 0.003 0.004 0.004 0.003 
125   ZFCC27    (0)    4 :  0.003 0.004 0.004 0.006 0.004 0.003 0.958 0.003 0.003 0.007 0.004 0.002 
126   ZFCC29    (0)    4 :  0.006 0.011 0.005 0.018 0.011 0.004 0.924 0.005 0.004 0.005 0.005 0.004 
127   ZFCC30    (0)    4 :  0.003 0.004 0.004 0.007 0.003 0.003 0.949 0.005 0.004 0.010 0.004 0.004 
128   ZFCC32    (0)    4 :  0.005 0.006 0.006 0.009 0.009 0.003 0.933 0.005 0.005 0.005 0.006 0.007 
129   ZFCC33    (0)    4 :  0.007 0.009 0.004 0.344 0.005 0.004 0.596 0.005 0.005 0.007 0.009 0.005 
130   ZFCC34    (0)    4 :  0.037 0.021 0.031 0.051 0.007 0.046 0.635 0.017 0.076 0.064 0.006 0.008 
131   ZFCC35    (0)    4 :  0.002 0.004 0.004 0.007 0.003 0.003 0.957 0.004 0.005 0.003 0.003 0.005 
132   ZFCC36    (0)    4 :  0.006 0.004 0.009 0.014 0.015 0.009 0.897 0.011 0.007 0.004 0.006 0.019 
133   ZFCC37    (0)    4 :  0.047 0.027 0.010 0.033 0.010 0.009 0.809 0.007 0.009 0.008 0.026 0.005 
134   ZFCC40    (0)    4 :  0.005 0.007 0.003 0.014 0.003 0.008 0.933 0.003 0.004 0.004 0.004 0.012 
135   ZFCC42    (0)    4 :  0.160 0.035 0.008 0.567 0.005 0.004 0.052 0.006 0.004 0.033 0.048 0.078 
136   ZFCC44    (0)    4 :  0.003 0.003 0.004 0.016 0.003 0.003 0.942 0.003 0.003 0.009 0.004 0.008 
137   ZFCC45    (9)    4 :  0.011 0.018 0.005 0.050 0.008 0.006 0.846 0.004 0.004 0.010 0.018 0.021 
138   ZFCC46    (0)    4 :  0.003 0.003 0.017 0.014 0.007 0.011 0.877 0.036 0.014 0.011 0.004 0.004 
139   ZFCC47    (0)    4 :  0.025 0.022 0.006 0.010 0.005 0.004 0.900 0.007 0.007 0.005 0.006 0.004 
140   ZFCC48    (0)    4 :  0.003 0.010 0.010 0.016 0.015 0.038 0.842 0.042 0.014 0.003 0.004 0.004 
141   ZFCC50    (0)    4 :  0.005 0.004 0.004 0.011 0.004 0.003 0.954 0.003 0.003 0.003 0.004 0.004 
142   ZFCC51    (0)    4 :  0.003 0.005 0.003 0.004 0.003 0.003 0.957 0.003 0.003 0.010 0.003 0.002 
143   ZFCC52    (0)    4 :  0.006 0.004 0.010 0.041 0.007 0.013 0.873 0.013 0.016 0.006 0.004 0.007 
144   ZFCC53    (0)    4 :  0.004 0.004 0.003 0.005 0.003 0.003 0.960 0.003 0.003 0.007 0.003 0.003 
145  ZFCNS01    (0)    5 :  0.005 0.003 0.041 0.004 0.042 0.007 0.007 0.003 0.004 0.825 0.030 0.029 
146  ZFCNS02    (0)    5 :  0.002 0.003 0.005 0.004 0.003 0.003 0.005 0.004 0.004 0.962 0.003 0.002 
147  ZFCNS05    (0)    5 :  0.003 0.006 0.008 0.005 0.005 0.007 0.007 0.005 0.006 0.942 0.003 0.002 
148  ZFCNS06    (0)    5 :  0.003 0.003 0.004 0.004 0.003 0.004 0.005 0.004 0.004 0.962 0.003 0.002 
149  ZFCNS07    (0)    5 :  0.002 0.003 0.005 0.003 0.003 0.005 0.004 0.009 0.008 0.953 0.003 0.002 
150  ZFCNS10    (0)    5 :  0.002 0.002 0.018 0.003 0.003 0.008 0.005 0.005 0.008 0.938 0.003 0.005 
151  ZFCNS11    (0)    5 :  0.005 0.003 0.015 0.003 0.019 0.006 0.007 0.004 0.005 0.908 0.013 0.013 
152  ZFCNS15    (0)    5 :  0.003 0.003 0.041 0.006 0.004 0.018 0.003 0.007 0.013 0.896 0.004 0.002 
153  ZFCNS17    (0)    5 :  0.002 0.003 0.006 0.004 0.003 0.003 0.005 0.004 0.005 0.961 0.003 0.002 
154  ZFCNS18    (0)    5 :  0.003 0.003 0.016 0.003 0.003 0.008 0.005 0.004 0.007 0.940 0.003 0.005 
155  ZFCNS19    (0)    5 :  0.002 0.003 0.004 0.003 0.003 0.003 0.004 0.004 0.003 0.966 0.003 0.002 
156  ZFCNS20    (0)    5 :  0.003 0.003 0.012 0.008 0.005 0.011 0.004 0.014 0.014 0.922 0.003 0.002 
157  ZFCNS21    (0)    5 :  0.002 0.003 0.005 0.003 0.003 0.003 0.004 0.002 0.003 0.966 0.003 0.002 
158  ZFCNS22    (0)    5 :  0.004 0.005 0.008 0.006 0.005 0.011 0.005 0.005 0.010 0.935 0.004 0.002 
159  ZFCNS23    (0)    5 :  0.006 0.005 0.005 0.024 0.008 0.006 0.014 0.012 0.005 0.895 0.008 0.012 
160  ZFCNS24    (0)    5 :  0.003 0.003 0.009 0.011 0.004 0.005 0.007 0.006 0.007 0.940 0.003 0.002 
161  ZFCNS25    (0)    5 :  0.003 0.003 0.013 0.008 0.004 0.007 0.005 0.010 0.014 0.928 0.004 0.002 
162  ZFCNS26    (0)    5 :  0.003 0.003 0.007 0.003 0.003 0.004 0.003 0.003 0.004 0.962 0.003 0.002 
163  ZFCNS27    (0)    5 :  0.003 0.003 0.045 0.006 0.004 0.017 0.003 0.009 0.025 0.880 0.004 0.002 
164  ZFCNS28    (0)    5 :  0.003 0.004 0.004 0.003 0.003 0.004 0.004 0.004 0.004 0.963 0.003 0.002 
165  ZFCNS29    (0)    5 :  0.003 0.004 0.008 0.007 0.004 0.006 0.008 0.005 0.008 0.941 0.004 0.002 
166  ZFCNS30    (0)    5 :  0.003 0.005 0.008 0.006 0.004 0.005 0.007 0.003 0.004 0.950 0.004 0.002 
167  ZFCNS31    (0)    5 :  0.002 0.003 0.006 0.003 0.003 0.004 0.003 0.004 0.004 0.964 0.003 0.002 
168  ZFCNS32    (0)    5 :  0.003 0.004 0.014 0.006 0.005 0.006 0.004 0.006 0.006 0.942 0.003 0.002 
169  ZFCNS33    (0)    5 :  0.003 0.003 0.005 0.003 0.003 0.003 0.003 0.004 0.003 0.964 0.003 0.002 
170  ZFCNS34    (0)    5 :  0.003 0.005 0.007 0.007 0.004 0.004 0.011 0.004 0.005 0.945 0.003 0.002 
171  ZFCNS35    (0)    5 :  0.006 0.026 0.027 0.003 0.004 0.013 0.009 0.004 0.014 0.889 0.003 0.002 
172  ZFCNS36    (0)    5 :  0.003 0.003 0.007 0.009 0.004 0.005 0.011 0.008 0.007 0.938 0.003 0.002 
173  ZFCNS37    (0)    5 :  0.003 0.004 0.124 0.007 0.004 0.005 0.005 0.008 0.008 0.821 0.009 0.002 
174  ZFCNS39    (0)    5 :  0.002 0.002 0.027 0.007 0.011 0.007 0.017 0.020 0.008 0.888 0.005 0.005 
175  ZFCNS40    (0)    5 :  0.002 0.003 0.162 0.011 0.008 0.007 0.034 0.109 0.016 0.641 0.005 0.003 
176  ZFCNS41    (0)    5 :  0.005 0.008 0.666 0.011 0.010 0.014 0.016 0.006 0.019 0.233 0.008 0.004 
177  ZFCNS42    (0)    5 :  0.002 0.003 0.009 0.003 0.003 0.004 0.003 0.003 0.004 0.960 0.003 0.002 
178  ZFCNS43    (0)    5 :  0.002 0.003 0.008 0.004 0.003 0.003 0.005 0.003 0.003 0.962 0.003 0.002 
179  ZFCNS44    (0)    5 :  0.003 0.003 0.017 0.004 0.002 0.009 0.005 0.003 0.005 0.941 0.003 0.005 
180  ZFCNS46    (0)    5 :  0.003 0.004 0.010 0.006 0.004 0.006 0.005 0.004 0.005 0.946 0.004 0.002 
181  ZFCNS47    (0)    5 :  0.002 0.003 0.004 0.003 0.003 0.003 0.004 0.003 0.003 0.966 0.003 0.002 
182  ZFCNS48    (0)    5 :  0.003 0.004 0.042 0.005 0.004 0.014 0.007 0.006 0.010 0.896 0.003 0.004 
183  ZFCNS49    (0)    5 :  0.003 0.003 0.056 0.003 0.003 0.014 0.003 0.004 0.010 0.893 0.003 0.004 
184   ZFCR01    (0)    6 :  0.046 0.074 0.005 0.003 0.007 0.055 0.028 0.018 0.010 0.003 0.746 0.005 
185   ZFCR02    (0)    6 :  0.569 0.007 0.015 0.031 0.041 0.017 0.038 0.038 0.118 0.009 0.108 0.010 
186   ZFCR03    (0)    6 :  0.188 0.175 0.009 0.064 0.302 0.070 0.044 0.025 0.028 0.003 0.046 0.045 
187   ZFCR04    (0)    6 :  0.018 0.695 0.035 0.009 0.021 0.022 0.020 0.029 0.023 0.007 0.052 0.070 
188   ZFCR05    (0)    6 :  0.099 0.155 0.006 0.007 0.382 0.006 0.085 0.009 0.007 0.004 0.215 0.027 
189   ZFCR06    (0)    6 :  0.042 0.089 0.063 0.007 0.051 0.095 0.036 0.038 0.059 0.058 0.459 0.003 
190   ZFCR07    (0)    6 :  0.011 0.080 0.031 0.047 0.550 0.012 0.013 0.003 0.005 0.047 0.193 0.008 
191   ZFCR08    (0)    6 :  0.045 0.046 0.013 0.033 0.008 0.026 0.085 0.025 0.014 0.005 0.670 0.030 
192   ZFCR09    (0)    6 :  0.410 0.079 0.066 0.022 0.037 0.059 0.037 0.026 0.102 0.018 0.071 0.072 
193   ZFCR11    (0)    6 :  0.177 0.185 0.130 0.005 0.255 0.007 0.014 0.003 0.031 0.011 0.171 0.010 
194   ZFCR12    (0)    6 :  0.007 0.019 0.061 0.009 0.545 0.011 0.014 0.021 0.020 0.142 0.145 0.005 
195   ZFCR13    (0)    6 :  0.007 0.015 0.010 0.006 0.576 0.067 0.007 0.005 0.069 0.008 0.226 0.003 
196   ZFCR14    (0)    6 :  0.071 0.027 0.009 0.006 0.514 0.008 0.022 0.037 0.009 0.006 0.281 0.011 
197   ZFCR15    (0)    6 :  0.018 0.315 0.018 0.016 0.134 0.025 0.018 0.132 0.029 0.004 0.271 0.020 
198   ZFCR16    (0)    6 :  0.225 0.026 0.011 0.005 0.114 0.028 0.013 0.064 0.028 0.003 0.479 0.004 
199   ZFCR18    (0)    6 :  0.721 0.021 0.009 0.064 0.027 0.006 0.030 0.009 0.057 0.012 0.040 0.003 
200   ZFCR19    (0)    6 :  0.533 0.009 0.009 0.006 0.023 0.013 0.013 0.356 0.016 0.004 0.015 0.004 
201   ZFCR20    (0)    6 :  0.320 0.107 0.011 0.027 0.130 0.231 0.012 0.016 0.023 0.004 0.113 0.006 
202   ZFCR21    (0)    6 :  0.013 0.041 0.009 0.007 0.631 0.010 0.028 0.016 0.008 0.003 0.231 0.004 
203   ZFCR22    (0)    6 :  0.058 0.003 0.006 0.006 0.798 0.010 0.004 0.015 0.009 0.003 0.086 0.003 
204   ZFCR23    (0)    6 :  0.052 0.011 0.041 0.003 0.446 0.170 0.003 0.005 0.057 0.004 0.166 0.042 
205   ZFCR24    (9)    6 :  0.074 0.045 0.009 0.011 0.236 0.486 0.007 0.006 0.051 0.004 0.066 0.005 
206   ZFCR25    (0)    6 :  0.064 0.028 0.005 0.008 0.660 0.004 0.011 0.004 0.003 0.003 0.208 0.004 
207   ZFCR26    (0)    6 :  0.101 0.008 0.013 0.011 0.754 0.011 0.025 0.022 0.023 0.007 0.021 0.005 
208   ZFCR27    (9)    6 :  0.046 0.033 0.003 0.003 0.048 0.004 0.006 0.004 0.003 0.003 0.843 0.003 
209   ZFCR28    (0)    6 :  0.004 0.011 0.023 0.006 0.014 0.147 0.012 0.117 0.066 0.024 0.570 0.007 
210   ZFCR29    (0)    6 :  0.075 0.063 0.007 0.004 0.793 0.011 0.007 0.005 0.009 0.002 0.019 0.005 
211   ZFCR30    (0)    6 :  0.011 0.021 0.005 0.005 0.864 0.005 0.005 0.004 0.004 0.004 0.062 0.010 
212   ZFCR31    (0)    6 :  0.444 0.052 0.110 0.025 0.068 0.063 0.017 0.025 0.088 0.067 0.026 0.016 
213   ZFCR33    (0)    6 :  0.011 0.027 0.014 0.009 0.019 0.009 0.032 0.011 0.008 0.006 0.842 0.012 
214   ZFCR34    (0)    6 :  0.041 0.037 0.042 0.005 0.632 0.049 0.021 0.014 0.017 0.014 0.093 0.034 
215   ZFCR35    (0)    6 :  0.420 0.299 0.012 0.009 0.083 0.012 0.048 0.007 0.007 0.007 0.085 0.012 
216   ZFCR36    (0)    6 :  0.309 0.026 0.009 0.005 0.493 0.013 0.011 0.005 0.006 0.022 0.063 0.038 
217   ZFCR37    (0)    6 :  0.049 0.061 0.004 0.018 0.667 0.005 0.057 0.004 0.003 0.004 0.106 0.021 
218   ZFCR38    (0)    6 :  0.019 0.026 0.009 0.011 0.027 0.007 0.039 0.011 0.008 0.006 0.829 0.007 
219   ZFCR39    (0)    6 :  0.051 0.016 0.015 0.055 0.010 0.053 0.118 0.031 0.048 0.003 0.389 0.211 
220   ZFCR40    (0)    6 :  0.052 0.017 0.016 0.006 0.131 0.018 0.044 0.005 0.007 0.004 0.656 0.043 
221   ZFCR41    (0)    6 :  0.011 0.020 0.095 0.008 0.530 0.007 0.101 0.023 0.011 0.015 0.174 0.005 
222   ZFCR42    (0)    6 :  0.029 0.016 0.026 0.013 0.437 0.036 0.051 0.028 0.017 0.011 0.291 0.044 
223   ZFCR43    (0)    6 :  0.104 0.017 0.007 0.005 0.394 0.082 0.006 0.006 0.068 0.005 0.301 0.008 
224  ZFENP25    (0)    7 :  0.005 0.030 0.005 0.006 0.006 0.014 0.018 0.012 0.004 0.003 0.893 0.004 
225  ZFENP26    (0)    7 :  0.006 0.006 0.004 0.004 0.004 0.002 0.004 0.003 0.003 0.003 0.954 0.007 
226  ZFENP27    (0)    7 :  0.036 0.051 0.036 0.037 0.008 0.034 0.215 0.014 0.008 0.045 0.503 0.015 
227  ZFENP28    (0)    7 :  0.011 0.019 0.005 0.005 0.011 0.004 0.010 0.005 0.005 0.009 0.911 0.007 
228  ZFENP29    (0)    7 :  0.005 0.004 0.004 0.007 0.009 0.004 0.008 0.003 0.004 0.005 0.943 0.005 
229  ZFENP30    (0)    7 :  0.008 0.008 0.005 0.094 0.011 0.005 0.029 0.007 0.007 0.009 0.808 0.011 
230  ZFENP31    (0)    7 :  0.043 0.053 0.004 0.382 0.017 0.004 0.010 0.004 0.007 0.006 0.253 0.217 
231  ZFENP32    (0)    7 :  0.070 0.302 0.017 0.136 0.015 0.011 0.011 0.007 0.025 0.021 0.252 0.133 
232  ZFENP33    (0)    7 :  0.012 0.048 0.007 0.037 0.033 0.008 0.005 0.004 0.007 0.005 0.826 0.010 
233  ZFENP34    (0)    7 :  0.023 0.595 0.007 0.049 0.009 0.005 0.020 0.005 0.011 0.012 0.257 0.007 
234  ZFENP35    (0)    7 :  0.012 0.010 0.019 0.007 0.008 0.011 0.005 0.005 0.006 0.014 0.837 0.068 
235  ZFENP36    (0)    7 :  0.007 0.011 0.004 0.007 0.008 0.003 0.003 0.002 0.003 0.010 0.929 0.012 
236  ZFENP37    (0)    7 :  0.012 0.282 0.009 0.010 0.030 0.010 0.010 0.004 0.006 0.010 0.550 0.068 
237  ZFENP38    (0)    7 :  0.012 0.019 0.009 0.018 0.362 0.006 0.018 0.005 0.006 0.020 0.498 0.026 
238  ZFENP39    (0)    7 :  0.012 0.018 0.004 0.006 0.013 0.005 0.010 0.003 0.003 0.004 0.914 0.009 
239  ZFENP40    (0)    7 :  0.019 0.019 0.005 0.012 0.006 0.009 0.007 0.004 0.008 0.006 0.882 0.023 
240  ZFENP41    (0)    7 :  0.010 0.016 0.007 0.048 0.006 0.007 0.055 0.007 0.006 0.009 0.803 0.026 
241  ZFENP42    (0)    7 :  0.005 0.005 0.005 0.009 0.056 0.003 0.005 0.005 0.003 0.003 0.680 0.221 
242  ZFENP43    (0)    7 :  0.016 0.022 0.035 0.008 0.093 0.009 0.031 0.006 0.007 0.057 0.702 0.014 
243  ZFENP44    (0)    7 :  0.007 0.013 0.024 0.026 0.036 0.009 0.016 0.003 0.006 0.014 0.729 0.117 
244  ZFENP45    (0)    7 :  0.013 0.011 0.016 0.023 0.047 0.027 0.021 0.329 0.028 0.010 0.313 0.162 
245  ZFENP46    (0)    7 :  0.012 0.022 0.020 0.011 0.073 0.018 0.003 0.005 0.012 0.008 0.796 0.021 
246  ZFENP47    (0)    7 :  0.115 0.026 0.005 0.026 0.008 0.016 0.074 0.114 0.016 0.004 0.435 0.161 
247  ZFENP48    (0)    7 :  0.015 0.549 0.007 0.233 0.014 0.010 0.018 0.014 0.021 0.009 0.096 0.012 
248  ZFENP49    (0)    7 :  0.074 0.009 0.009 0.175 0.024 0.019 0.011 0.016 0.018 0.006 0.632 0.005 
249  ZFENP50    (0)    7 :  0.014 0.007 0.015 0.006 0.112 0.042 0.004 0.007 0.029 0.005 0.716 0.045 
250  ZFENP51    (0)    7 :  0.234 0.021 0.004 0.032 0.016 0.004 0.006 0.044 0.004 0.005 0.587 0.043 
251  ZFENP52    (0)    7 :  0.004 0.003 0.017 0.006 0.014 0.005 0.010 0.004 0.005 0.012 0.912 0.009 
252  ZFENP53    (0)    7 :  0.008 0.008 0.020 0.009 0.024 0.023 0.008 0.024 0.044 0.011 0.805 0.017 
253  ZFENP54    (0)    7 :  0.055 0.008 0.015 0.026 0.039 0.046 0.022 0.010 0.059 0.005 0.708 0.008 
254  ZFENP55    (0)    7 :  0.056 0.024 0.004 0.010 0.649 0.005 0.004 0.004 0.005 0.004 0.225 0.010 
255  ZFENP56    (0)    7 :  0.016 0.011 0.009 0.011 0.089 0.004 0.007 0.005 0.004 0.011 0.827 0.006 
256  ZFENP57    (0)    7 :  0.011 0.032 0.008 0.015 0.021 0.005 0.004 0.002 0.004 0.014 0.813 0.071 
257  ZFENP58    (0)    7 :  0.016 0.013 0.016 0.309 0.042 0.007 0.020 0.117 0.009 0.015 0.432 0.005 
258  ZFENP59    (0)    7 :  0.013 0.013 0.004 0.029 0.009 0.004 0.048 0.004 0.005 0.005 0.839 0.026 
259  ZFENP60    (0)    7 :  0.022 0.042 0.008 0.007 0.014 0.012 0.012 0.012 0.009 0.007 0.839 0.016 
260  ZFENP61    (0)    7 :  0.013 0.019 0.003 0.007 0.010 0.004 0.011 0.003 0.003 0.004 0.916 0.006 
261 ZFFDSP01    (0)    8 :  0.003 0.005 0.038 0.004 0.007 0.898 0.004 0.015 0.010 0.012 0.003 0.003 
262 ZFFDSP02    (0)    8 :  0.002 0.003 0.008 0.003 0.004 0.957 0.004 0.004 0.006 0.003 0.003 0.002 
263 ZFFDSP04    (0)    8 :  0.003 0.005 0.009 0.003 0.004 0.934 0.004 0.010 0.020 0.003 0.002 0.002 
264 ZFFDSP05    (0)    8 :  0.003 0.004 0.147 0.003 0.006 0.773 0.004 0.012 0.037 0.006 0.003 0.003 
265 ZFFDSP06    (0)    8 :  0.002 0.009 0.050 0.004 0.005 0.468 0.013 0.021 0.421 0.003 0.003 0.002 
266 ZFFDSP07    (0)    8 :  0.003 0.004 0.008 0.024 0.006 0.808 0.015 0.040 0.077 0.005 0.004 0.005 
267 ZFFDSP08    (0)    8 :  0.004 0.003 0.042 0.035 0.010 0.214 0.012 0.083 0.574 0.013 0.005 0.004 
268 ZFFDSP10    (0)    8 :  0.003 0.003 0.019 0.006 0.006 0.913 0.004 0.011 0.023 0.004 0.003 0.003 
269 ZFFDSP11    (0)    8 :  0.003 0.004 0.013 0.003 0.006 0.915 0.004 0.007 0.036 0.003 0.003 0.003 
270 ZFFDSP12    (0)    8 :  0.002 0.003 0.013 0.005 0.004 0.191 0.003 0.008 0.759 0.005 0.003 0.003 
271 ZFFDSP13    (0)    8 :  0.003 0.004 0.859 0.007 0.007 0.053 0.009 0.004 0.029 0.016 0.005 0.003 
272 ZFFDSP14    (0)    8 :  0.003 0.003 0.006 0.007 0.005 0.932 0.005 0.019 0.010 0.003 0.003 0.003 
273 ZFFDSP16    (0)    8 :  0.004 0.008 0.011 0.004 0.007 0.918 0.007 0.004 0.014 0.013 0.006 0.004 
274 ZFFDSP17    (0)    8 :  0.003 0.005 0.017 0.005 0.007 0.898 0.006 0.007 0.042 0.005 0.004 0.002 
275 ZFFDSP18    (0)    8 :  0.003 0.006 0.006 0.003 0.004 0.927 0.005 0.014 0.023 0.004 0.003 0.002 
276 ZFFDSP19    (0)    8 :  0.003 0.005 0.033 0.004 0.004 0.764 0.026 0.017 0.021 0.117 0.003 0.002 
277 ZFFDSP21    (0)    8 :  0.003 0.005 0.225 0.004 0.004 0.625 0.025 0.006 0.021 0.077 0.003 0.003 
278 ZFFDSP22    (0)    8 :  0.002 0.003 0.012 0.005 0.005 0.725 0.006 0.094 0.138 0.004 0.003 0.002 
279 ZFFDSP23    (0)    8 :  0.002 0.003 0.092 0.003 0.005 0.734 0.005 0.107 0.035 0.009 0.003 0.002 
280 ZFFDSP24    (0)    8 :  0.004 0.004 0.063 0.004 0.005 0.874 0.005 0.006 0.019 0.011 0.003 0.002 
281 ZFFDSP26    (9)    8 :  0.003 0.004 0.084 0.004 0.005 0.780 0.005 0.014 0.087 0.007 0.003 0.003 
282 ZFFDSP27    (0)    8 :  0.003 0.004 0.015 0.003 0.003 0.927 0.003 0.008 0.020 0.007 0.003 0.002 
283 ZFFDSP28    (0)    8 :  0.027 0.029 0.022 0.018 0.013 0.805 0.009 0.008 0.049 0.005 0.008 0.007 
284 ZFFDSP30    (0)    8 :  0.006 0.016 0.129 0.007 0.005 0.759 0.004 0.006 0.020 0.039 0.004 0.006 
285 ZFFDSP31    (0)    8 :  0.003 0.006 0.027 0.005 0.006 0.060 0.005 0.006 0.866 0.010 0.005 0.002 
286 ZFFDSP32    (0)    8 :  0.003 0.003 0.010 0.004 0.004 0.950 0.003 0.005 0.009 0.004 0.003 0.003 
287 ZFFDSP33    (0)    8 :  0.002 0.003 0.012 0.003 0.003 0.933 0.003 0.006 0.026 0.005 0.003 0.003 
288 ZFFDSP34    (0)    8 :  0.003 0.005 0.042 0.005 0.007 0.185 0.010 0.014 0.718 0.007 0.003 0.002 
289 ZFFDSP35    (0)    8 :  0.003 0.004 0.056 0.003 0.005 0.898 0.004 0.006 0.011 0.005 0.003 0.003 
290 ZFFDSP37    (0)    8 :  0.003 0.004 0.010 0.004 0.004 0.948 0.003 0.004 0.010 0.005 0.003 0.002 
291 ZFFDSP38    (0)    8 :  0.003 0.004 0.007 0.004 0.004 0.927 0.003 0.005 0.032 0.005 0.003 0.002 
292 ZFFDSP39    (0)    8 :  0.003 0.003 0.340 0.003 0.004 0.584 0.003 0.009 0.036 0.009 0.003 0.003 
293 ZFFDSP40    (0)    8 :  0.003 0.004 0.112 0.004 0.003 0.831 0.003 0.005 0.020 0.009 0.003 0.002 
294 ZFFDSP42    (0)    8 :  0.003 0.004 0.050 0.003 0.005 0.784 0.005 0.060 0.073 0.008 0.003 0.002 
295 ZFFDSP43    (0)    8 :  0.003 0.003 0.020 0.003 0.003 0.892 0.004 0.010 0.046 0.012 0.003 0.002 
296 ZFFDSP44    (0)    8 :  0.004 0.004 0.033 0.005 0.004 0.905 0.003 0.005 0.023 0.008 0.003 0.003 
297 ZFFDSP45    (0)    8 :  0.003 0.003 0.011 0.004 0.004 0.938 0.004 0.005 0.017 0.006 0.003 0.002 
298 ZFFDSP46    (0)    8 :  0.003 0.004 0.018 0.004 0.005 0.926 0.004 0.008 0.017 0.007 0.003 0.002 
299 ZFFDSP47    (0)    8 :  0.003 0.004 0.463 0.004 0.005 0.452 0.003 0.013 0.033 0.014 0.003 0.003 
300 ZFFDSP48    (0)    8 :  0.003 0.003 0.255 0.005 0.003 0.681 0.004 0.006 0.020 0.014 0.003 0.002 
301    ZFI01    (0)    9 :  0.045 0.895 0.004 0.012 0.006 0.004 0.006 0.003 0.004 0.006 0.008 0.007 
302    ZFI02    (0)    9 :  0.596 0.327 0.007 0.004 0.009 0.008 0.004 0.005 0.006 0.024 0.006 0.004 
303    ZFI03    (0)    9 :  0.007 0.955 0.003 0.004 0.005 0.003 0.004 0.002 0.003 0.006 0.004 0.003 
304    ZFI04    (0)    9 :  0.136 0.818 0.004 0.005 0.006 0.004 0.004 0.003 0.003 0.006 0.007 0.005 
305    ZFI05    (0)    9 :  0.023 0.903 0.006 0.009 0.005 0.007 0.004 0.003 0.006 0.021 0.008 0.005 
306    ZFI06    (0)    9 :  0.094 0.763 0.021 0.006 0.005 0.015 0.003 0.003 0.009 0.064 0.011 0.005 
307    ZFI07    (0)    9 :  0.019 0.942 0.004 0.006 0.005 0.003 0.004 0.002 0.003 0.004 0.005 0.003 
308    ZFI08    (0)    9 :  0.369 0.576 0.003 0.005 0.013 0.003 0.006 0.003 0.003 0.004 0.009 0.004 
309    ZFI09    (0)    9 :  0.155 0.795 0.004 0.004 0.005 0.004 0.003 0.003 0.003 0.008 0.012 0.004 
310    ZFI10    (0)    9 :  0.097 0.763 0.008 0.004 0.006 0.008 0.004 0.004 0.006 0.083 0.008 0.008 
311    ZFI11    (0)    9 :  0.181 0.771 0.004 0.008 0.005 0.003 0.004 0.003 0.003 0.009 0.006 0.003 
312    ZFI12    (0)    9 :  0.006 0.950 0.004 0.005 0.006 0.004 0.004 0.003 0.003 0.009 0.004 0.003 
313    ZFI13    (0)    9 :  0.008 0.942 0.004 0.012 0.005 0.004 0.004 0.002 0.003 0.005 0.006 0.006 
314    ZFI14    (0)    9 :  0.027 0.858 0.016 0.006 0.004 0.038 0.005 0.005 0.019 0.008 0.005 0.010 
315    ZFI15    (0)    9 :  0.074 0.876 0.004 0.006 0.005 0.005 0.004 0.003 0.004 0.006 0.011 0.003 
316    ZFI16    (0)    9 :  0.004 0.964 0.003 0.003 0.003 0.003 0.003 0.002 0.003 0.005 0.004 0.003 
317    ZFI17    (0)    9 :  0.021 0.932 0.004 0.005 0.005 0.003 0.003 0.002 0.003 0.009 0.007 0.007 
318    ZFI18    (0)    9 :  0.019 0.940 0.003 0.004 0.004 0.003 0.002 0.002 0.003 0.006 0.007 0.008 
319    ZFI19    (9)    9 :  0.108 0.846 0.003 0.009 0.007 0.003 0.003 0.002 0.003 0.006 0.006 0.003 
320    ZFI20    (0)    9 :  0.016 0.915 0.011 0.004 0.005 0.014 0.005 0.003 0.007 0.005 0.005 0.011 
321    ZFI21    (0)    9 :  0.186 0.654 0.039 0.005 0.019 0.048 0.004 0.003 0.013 0.014 0.005 0.009 
322    ZFI22    (0)    9 :  0.839 0.099 0.006 0.005 0.007 0.009 0.010 0.005 0.008 0.005 0.005 0.003 
323    ZFI23    (0)    9 :  0.006 0.958 0.004 0.004 0.004 0.003 0.004 0.002 0.003 0.006 0.004 0.003 
324    ZFI24    (0)    9 :  0.007 0.950 0.004 0.006 0.005 0.004 0.005 0.003 0.003 0.008 0.004 0.002 
325    ZFI25    (0)    9 :  0.234 0.706 0.005 0.004 0.007 0.006 0.007 0.004 0.006 0.007 0.010 0.002 
326    ZFI26    (0)    9 :  0.008 0.953 0.003 0.007 0.004 0.003 0.005 0.002 0.003 0.004 0.005 0.002 
327    ZFI27    (0)    9 :  0.008 0.925 0.006 0.011 0.006 0.004 0.004 0.003 0.004 0.023 0.005 0.003 
328    ZFK01    (0)    9 :  0.003 0.003 0.004 0.958 0.003 0.003 0.005 0.003 0.004 0.007 0.004 0.003 
329    ZFK02    (0)   10 :  0.003 0.003 0.004 0.958 0.004 0.003 0.005 0.003 0.004 0.007 0.003 0.002 
330    ZFK03    (0)   10 :  0.004 0.003 0.004 0.960 0.003 0.003 0.004 0.003 0.004 0.005 0.003 0.003 
331    ZFK04    (0)   10 :  0.005 0.004 0.003 0.963 0.003 0.003 0.004 0.003 0.003 0.004 0.003 0.003 
332    ZFK05    (0)   10 :  0.011 0.008 0.003 0.942 0.003 0.003 0.009 0.002 0.003 0.003 0.006 0.008 
333    ZFK06    (0)   10 :  0.009 0.010 0.003 0.939 0.003 0.003 0.011 0.003 0.003 0.004 0.007 0.005 
334    ZFK07    (0)   10 :  0.003 0.003 0.004 0.958 0.005 0.004 0.005 0.005 0.003 0.005 0.003 0.004 
335    ZFK08    (0)   10 :  0.005 0.004 0.003 0.960 0.005 0.003 0.004 0.003 0.003 0.003 0.003 0.003 
336    ZFK10    (0)   10 :  0.005 0.004 0.003 0.962 0.003 0.003 0.004 0.003 0.003 0.004 0.003 0.003 
337    ZFK11    (0)   10 :  0.007 0.008 0.003 0.940 0.003 0.003 0.011 0.003 0.003 0.004 0.006 0.008 
338    ZFK12    (0)   10 :  0.002 0.003 0.007 0.945 0.007 0.005 0.007 0.008 0.005 0.004 0.004 0.003 
339    ZFK13    (0)   10 :  0.004 0.003 0.018 0.900 0.005 0.018 0.008 0.009 0.014 0.004 0.004 0.012 
340    ZFK14    (0)   10 :  0.008 0.007 0.022 0.668 0.008 0.022 0.184 0.031 0.018 0.014 0.006 0.013 
341    ZFK15    (0)   10 :  0.005 0.004 0.010 0.919 0.003 0.015 0.005 0.005 0.012 0.004 0.003 0.014 
342    ZFK16    (0)   10 :  0.002 0.002 0.005 0.952 0.005 0.004 0.006 0.005 0.007 0.004 0.004 0.004 
343   ZFLB01    (0)   11 :  0.011 0.007 0.021 0.015 0.008 0.031 0.003 0.008 0.013 0.007 0.007 0.870 
344   ZFLB02    (0)   11 :  0.007 0.022 0.004 0.003 0.005 0.005 0.002 0.003 0.003 0.004 0.031 0.911 
345   ZFLB03    (0)   11 :  0.004 0.008 0.006 0.008 0.006 0.004 0.004 0.004 0.005 0.032 0.018 0.902 
346   ZFLB04    (0)   11 :  0.014 0.018 0.029 0.010 0.006 0.020 0.009 0.008 0.013 0.222 0.008 0.645 
347   ZFLB05    (0)   11 :  0.019 0.010 0.018 0.016 0.008 0.016 0.003 0.005 0.009 0.014 0.008 0.873 
348   ZFLB06    (0)   11 :  0.008 0.005 0.009 0.070 0.007 0.010 0.007 0.008 0.016 0.006 0.008 0.846 
349   ZFLB07    (0)   11 :  0.012 0.020 0.032 0.080 0.096 0.012 0.009 0.010 0.020 0.053 0.091 0.566 
350   ZFLB08    (0)   11 :  0.011 0.031 0.007 0.008 0.007 0.005 0.004 0.004 0.004 0.009 0.025 0.886 
351   ZFLB09    (9)   11 :  0.013 0.007 0.005 0.015 0.006 0.005 0.007 0.004 0.005 0.005 0.007 0.921 
352   ZFLB10    (0)   11 :  0.008 0.006 0.004 0.007 0.003 0.004 0.004 0.003 0.003 0.006 0.004 0.949 
353   ZFLB11    (0)   11 :  0.004 0.004 0.004 0.014 0.005 0.004 0.008 0.005 0.005 0.004 0.005 0.939 
354   ZFLB12    (0)   11 :  0.006 0.006 0.003 0.009 0.004 0.003 0.005 0.002 0.003 0.004 0.007 0.948 
355   ZFLB13    (0)   11 :  0.007 0.014 0.027 0.012 0.023 0.019 0.013 0.004 0.011 0.018 0.051 0.802 
356  ZFLTI01    (0)   12 :  0.003 0.005 0.879 0.006 0.008 0.024 0.035 0.011 0.014 0.009 0.004 0.002 
357  ZFLTI02    (0)   12 :  0.003 0.007 0.840 0.009 0.006 0.007 0.059 0.010 0.022 0.032 0.004 0.002 
358  ZFLTI03    (0)   12 :  0.002 0.004 0.937 0.005 0.005 0.006 0.008 0.008 0.008 0.011 0.003 0.002 
359  ZFLTI04    (0)   12 :  0.004 0.007 0.898 0.015 0.007 0.011 0.010 0.006 0.016 0.019 0.005 0.002 
360  ZFLTI05    (0)   12 :  0.003 0.005 0.934 0.006 0.004 0.007 0.006 0.004 0.008 0.017 0.004 0.002 
361  ZFLTI06    (0)   12 :  0.003 0.005 0.929 0.004 0.004 0.022 0.006 0.008 0.007 0.007 0.003 0.002 
362  ZFLTI07    (0)   12 :  0.003 0.005 0.932 0.005 0.005 0.020 0.006 0.004 0.007 0.007 0.004 0.002 
363  ZFLTI08    (0)   12 :  0.003 0.012 0.921 0.006 0.007 0.006 0.006 0.004 0.009 0.019 0.004 0.002 
364  ZFLTI09    (0)   12 :  0.003 0.010 0.926 0.005 0.005 0.012 0.006 0.004 0.016 0.007 0.003 0.002 
365  ZFLTI10    (0)   12 :  0.003 0.007 0.922 0.005 0.004 0.012 0.010 0.004 0.022 0.005 0.003 0.002 
366  ZFLTI11    (0)   12 :  0.003 0.006 0.918 0.005 0.005 0.012 0.006 0.015 0.017 0.008 0.003 0.002 
367  ZFLTI12    (0)   12 :  0.003 0.005 0.903 0.007 0.005 0.008 0.019 0.014 0.020 0.011 0.003 0.002 
368  ZFLTI13    (0)   12 :  0.003 0.005 0.875 0.008 0.009 0.011 0.020 0.010 0.006 0.046 0.004 0.002 
369  ZFLTI14    (0)   12 :  0.003 0.010 0.644 0.012 0.006 0.017 0.081 0.005 0.045 0.171 0.005 0.002 
370 ZFONF101    (0)   13 :  0.003 0.003 0.006 0.002 0.004 0.010 0.002 0.005 0.954 0.003 0.003 0.003 
371 ZFONF102    (0)   13 :  0.004 0.003 0.004 0.002 0.003 0.009 0.003 0.011 0.949 0.003 0.004 0.006 
372 ZFONF103    (0)   13 :  0.003 0.005 0.013 0.010 0.005 0.010 0.006 0.009 0.910 0.021 0.004 0.003 
373 ZFONF104    (0)   13 :  0.002 0.002 0.005 0.002 0.003 0.010 0.004 0.016 0.948 0.003 0.002 0.002 
374 ZFONF105    (0)   13 :  0.002 0.003 0.006 0.004 0.004 0.007 0.004 0.024 0.936 0.006 0.003 0.002 
375 ZFONF106    (0)   13 :  0.002 0.004 0.004 0.003 0.002 0.008 0.003 0.005 0.960 0.003 0.002 0.002 
376 ZFONF107    (0)   13 :  0.007 0.008 0.005 0.013 0.004 0.006 0.005 0.004 0.907 0.008 0.014 0.020 
377 ZFONF108    (0)   13 :  0.003 0.005 0.005 0.013 0.003 0.005 0.005 0.005 0.937 0.010 0.005 0.005 
378 ZFONF109    (9)   13 :  0.002 0.004 0.006 0.007 0.004 0.004 0.005 0.010 0.945 0.006 0.003 0.004 
379 ZFONF110    (0)   13 :  0.002 0.002 0.008 0.003 0.003 0.018 0.006 0.014 0.934 0.005 0.002 0.002 
380 ZFONF111    (0)   13 :  0.006 0.005 0.011 0.003 0.015 0.008 0.008 0.011 0.907 0.004 0.010 0.011 
381 ZFONF112    (0)   13 :  0.003 0.003 0.005 0.004 0.003 0.006 0.004 0.032 0.928 0.008 0.003 0.002 
382 ZFONF113    (9)   13 :  0.003 0.003 0.009 0.007 0.008 0.007 0.005 0.008 0.932 0.005 0.005 0.007 
383 ZFONF115    (0)   13 :  0.003 0.004 0.005 0.004 0.004 0.008 0.004 0.007 0.950 0.006 0.003 0.002 
384 ZFONF116    (0)   13 :  0.004 0.009 0.006 0.006 0.004 0.131 0.005 0.026 0.793 0.009 0.004 0.003 
385 ZFONF117    (0)   13 :  0.003 0.004 0.124 0.010 0.005 0.019 0.006 0.023 0.778 0.020 0.004 0.003 
386 ZFONF118    (0)   13 :  0.003 0.007 0.012 0.005 0.006 0.011 0.007 0.010 0.920 0.012 0.003 0.002 
387 ZFONF119    (0)   13 :  0.004 0.004 0.008 0.016 0.005 0.038 0.007 0.015 0.889 0.003 0.004 0.008 
388 ZFONF120    (0)   13 :  0.003 0.003 0.016 0.034 0.010 0.056 0.016 0.053 0.794 0.004 0.004 0.007 
389 ZFONF121    (0)   13 :  0.004 0.004 0.010 0.008 0.005 0.167 0.004 0.071 0.712 0.006 0.004 0.005 
390 ZFONF122    (0)   13 :  0.003 0.007 0.064 0.013 0.008 0.018 0.010 0.007 0.850 0.012 0.005 0.002 
391 ZFONF123    (0)   13 :  0.007 0.005 0.006 0.006 0.004 0.209 0.006 0.035 0.671 0.003 0.008 0.040 
392 ZFONF124    (0)   13 :  0.002 0.002 0.005 0.006 0.003 0.004 0.003 0.010 0.954 0.004 0.003 0.004 
393 ZFONF125    (0)   13 :  0.006 0.004 0.017 0.015 0.010 0.023 0.016 0.063 0.807 0.005 0.010 0.025 
394 ZFONF126    (0)   13 :  0.003 0.011 0.012 0.006 0.007 0.046 0.018 0.016 0.868 0.007 0.003 0.002 
395 ZFONF201    (0)   14 :  0.048 0.070 0.035 0.004 0.010 0.110 0.040 0.580 0.041 0.004 0.014 0.043 
396 ZFONF202    (0)   14 :  0.003 0.003 0.009 0.004 0.006 0.074 0.011 0.867 0.015 0.003 0.002 0.002 
397 ZFONF203    (0)   14 :  0.003 0.004 0.006 0.008 0.009 0.010 0.006 0.938 0.007 0.003 0.004 0.003 
398 ZFONF204    (0)   14 :  0.006 0.007 0.009 0.009 0.006 0.007 0.030 0.899 0.005 0.004 0.009 0.010 
399 ZFONF206    (0)   14 :  0.012 0.010 0.006 0.003 0.006 0.007 0.010 0.899 0.006 0.003 0.021 0.018 
400 ZFONF207    (0)   14 :  0.003 0.004 0.006 0.005 0.005 0.007 0.004 0.948 0.006 0.004 0.004 0.004 
401 ZFONF208    (0)   14 :  0.004 0.005 0.035 0.007 0.009 0.081 0.010 0.814 0.020 0.006 0.005 0.005 
402 ZFONF209    (0)   14 :  0.009 0.013 0.011 0.014 0.006 0.009 0.024 0.881 0.007 0.010 0.007 0.008 
403 ZFONF210    (0)   14 :  0.003 0.003 0.009 0.004 0.003 0.009 0.004 0.945 0.008 0.007 0.002 0.003 
404 ZFONF211    (0)   14 :  0.006 0.004 0.024 0.012 0.015 0.029 0.011 0.829 0.028 0.015 0.009 0.019 
405 ZFONF212    (0)   14 :  0.003 0.003 0.011 0.003 0.003 0.012 0.003 0.942 0.010 0.006 0.002 0.003 
406 ZFONF214    (0)   14 :  0.004 0.002 0.010 0.006 0.013 0.036 0.007 0.874 0.033 0.003 0.006 0.007 
407 ZFONF215    (0)   14 :  0.002 0.003 0.006 0.004 0.004 0.012 0.004 0.930 0.026 0.004 0.003 0.002 
408 ZFONF216    (0)   14 :  0.003 0.002 0.005 0.006 0.004 0.004 0.003 0.956 0.006 0.006 0.003 0.003 
409 ZFONF217    (0)   14 :  0.003 0.003 0.006 0.005 0.004 0.057 0.004 0.893 0.015 0.004 0.003 0.004 
410 ZFONF218    (0)   14 :  0.005 0.003 0.005 0.004 0.004 0.004 0.003 0.945 0.009 0.004 0.007 0.007 
411 ZFONF219    (0)   14 :  0.002 0.002 0.003 0.003 0.002 0.004 0.003 0.967 0.007 0.003 0.003 0.002 
412 ZFONF220    (0)   14 :  0.003 0.004 0.005 0.007 0.004 0.049 0.005 0.901 0.013 0.004 0.003 0.003 
413 ZFONF222    (0)   14 :  0.004 0.002 0.004 0.005 0.005 0.004 0.003 0.951 0.004 0.004 0.005 0.008 
414 ZFONF223    (0)   14 :  0.005 0.004 0.004 0.005 0.006 0.009 0.003 0.939 0.007 0.003 0.007 0.008 
415 ZFONF224    (0)   14 :  0.002 0.002 0.004 0.003 0.003 0.004 0.003 0.965 0.005 0.004 0.003 0.002 
416 ZFONF225    (0)   14 :  0.002 0.002 0.004 0.003 0.003 0.006 0.003 0.958 0.010 0.004 0.002 0.002 
417 ZFONF226    (0)   14 :  0.003 0.003 0.006 0.011 0.006 0.007 0.005 0.941 0.008 0.004 0.003 0.003 
418 ZFONF227    (0)   14 :  0.002 0.002 0.004 0.002 0.003 0.004 0.003 0.967 0.005 0.004 0.002 0.002 
419 ZFONF228    (0)   14 :  0.004 0.006 0.011 0.006 0.004 0.010 0.005 0.925 0.010 0.011 0.005 0.004 
420 ZFONF230    (0)   14 :  0.002 0.002 0.009 0.003 0.003 0.011 0.005 0.939 0.017 0.003 0.003 0.002 
421 ZFONF231    (0)   14 :  0.003 0.002 0.008 0.003 0.010 0.012 0.008 0.935 0.005 0.005 0.005 0.005 
422 ZFONF232    (0)   14 :  0.002 0.002 0.005 0.003 0.003 0.008 0.003 0.958 0.009 0.004 0.002 0.002 
423 ZFONF233    (0)   14 :  0.002 0.002 0.004 0.005 0.003 0.004 0.004 0.962 0.005 0.004 0.003 0.002 
424 ZFONF234    (0)   14 :  0.004 0.005 0.020 0.019 0.007 0.014 0.009 0.862 0.019 0.013 0.022 0.004 
425 ZFONF235    (0)   14 :  0.002 0.002 0.004 0.003 0.003 0.005 0.004 0.967 0.004 0.004 0.002 0.002 
426 ZFONF236    (0)   14 :  0.016 0.027 0.013 0.011 0.004 0.013 0.019 0.818 0.016 0.030 0.022 0.011 
427 ZFONF238    (0)   14 :  0.003 0.003 0.007 0.004 0.007 0.008 0.006 0.947 0.008 0.003 0.003 0.002 
428 ZFONF239    (0)   14 :  0.005 0.008 0.004 0.003 0.003 0.005 0.013 0.941 0.004 0.003 0.005 0.005 
429 ZFONF240    (0)   14 :  0.002 0.002 0.005 0.003 0.003 0.004 0.005 0.961 0.007 0.004 0.002 0.002 
430 ZFONF241    (0)   14 :  0.005 0.010 0.009 0.005 0.005 0.022 0.005 0.897 0.010 0.021 0.008 0.003 
431 ZFONF242    (0)   14 :  0.002 0.002 0.005 0.003 0.003 0.008 0.006 0.953 0.010 0.003 0.002 0.002 
432 ZFONF243    (0)   14 :  0.003 0.003 0.010 0.006 0.005 0.006 0.004 0.942 0.005 0.010 0.003 0.003 
433 ZFONF244    (0)   14 :  0.002 0.002 0.005 0.005 0.003 0.006 0.004 0.954 0.011 0.003 0.002 0.003 
434 ZFONF245    (0)   14 :  0.002 0.002 0.012 0.003 0.003 0.004 0.005 0.955 0.006 0.004 0.002 0.002 
435   ZFOS01    (0)   15 :  0.004 0.004 0.045 0.007 0.008 0.024 0.871 0.010 0.014 0.005 0.004 0.003 
436   ZFOS02    (0)   15 :  0.012 0.023 0.029 0.009 0.010 0.022 0.799 0.009 0.063 0.010 0.009 0.005 
437   ZFOS03    (0)   15 :  0.009 0.008 0.013 0.007 0.008 0.012 0.846 0.004 0.009 0.003 0.007 0.073 
438   ZFOS04    (0)   15 :  0.008 0.018 0.073 0.013 0.006 0.076 0.722 0.006 0.056 0.011 0.008 0.004 
439   ZFOS05    (0)   15 :  0.005 0.007 0.033 0.012 0.010 0.038 0.827 0.012 0.038 0.010 0.005 0.003 
440   ZFOS06    (0)   15 :  0.005 0.004 0.014 0.006 0.010 0.012 0.890 0.011 0.011 0.023 0.007 0.006 
441   ZFOS07    (0)   15 :  0.014 0.019 0.007 0.064 0.006 0.010 0.853 0.004 0.010 0.005 0.005 0.003 
442   ZFOS08    (0)   15 :  0.010 0.032 0.016 0.022 0.004 0.011 0.851 0.006 0.029 0.011 0.006 0.003 
443   ZFOS09    (0)   15 :  0.011 0.011 0.055 0.003 0.011 0.072 0.778 0.007 0.024 0.005 0.010 0.013 
444   ZFOS10    (0)   15 :  0.017 0.018 0.005 0.005 0.004 0.003 0.913 0.002 0.003 0.008 0.013 0.009 
445   ZFOS11    (0)   15 :  0.023 0.007 0.224 0.078 0.027 0.020 0.442 0.008 0.016 0.073 0.077 0.005 
446   ZFOS12    (0)   15 :  0.054 0.014 0.053 0.347 0.125 0.018 0.224 0.008 0.023 0.051 0.065 0.020 
447   ZFOS13    (0)   15 :  0.010 0.015 0.020 0.013 0.016 0.021 0.868 0.005 0.012 0.009 0.007 0.003 
448   ZFOS14    (0)   15 :  0.226 0.006 0.122 0.023 0.037 0.016 0.466 0.009 0.011 0.063 0.012 0.008 
449   ZFOS15    (0)   15 :  0.006 0.006 0.004 0.034 0.004 0.003 0.921 0.003 0.003 0.006 0.006 0.004 
450   ZFOS16    (0)   15 :  0.014 0.008 0.038 0.009 0.007 0.057 0.798 0.010 0.026 0.017 0.011 0.006 
451   ZFOS17    (0)   15 :  0.006 0.007 0.005 0.006 0.006 0.004 0.941 0.005 0.004 0.006 0.005 0.005 
452   ZFOS18    (0)   15 :  0.006 0.008 0.006 0.008 0.005 0.005 0.927 0.002 0.004 0.011 0.011 0.007 
453   ZFOS19    (0)   15 :  0.004 0.004 0.004 0.005 0.007 0.003 0.954 0.004 0.003 0.004 0.005 0.003 
454   ZFOS20    (0)   15 :  0.008 0.006 0.005 0.005 0.004 0.006 0.937 0.006 0.006 0.006 0.005 0.004 
455   ZFOS21    (0)   15 :  0.009 0.006 0.026 0.010 0.004 0.027 0.879 0.006 0.014 0.009 0.005 0.005 
456   ZFOS22    (0)   15 :  0.003 0.003 0.012 0.016 0.011 0.007 0.914 0.007 0.007 0.006 0.006 0.006 
457   ZFOS23    (0)   15 :  0.280 0.011 0.003 0.005 0.011 0.002 0.654 0.002 0.002 0.009 0.014 0.007 
458   ZFOS24    (0)   15 :  0.004 0.004 0.006 0.013 0.004 0.004 0.941 0.003 0.003 0.010 0.006 0.004 
459   ZFOS25    (0)   15 :  0.006 0.020 0.384 0.010 0.020 0.019 0.422 0.020 0.016 0.067 0.011 0.004 
460   ZFOS26    (0)   15 :  0.007 0.016 0.314 0.014 0.008 0.099 0.398 0.007 0.097 0.026 0.011 0.004 
461   ZFOS27    (0)   15 :  0.006 0.007 0.018 0.021 0.004 0.028 0.839 0.008 0.031 0.020 0.006 0.012 
462   ZFOS28    (0)   15 :  0.016 0.012 0.016 0.008 0.008 0.012 0.890 0.003 0.007 0.009 0.010 0.009 
463   ZFOS29    (0)   15 :  0.016 0.007 0.009 0.010 0.004 0.010 0.900 0.008 0.008 0.013 0.006 0.010 
464   ZFOS30    (0)   15 :  0.008 0.005 0.013 0.011 0.008 0.011 0.914 0.011 0.009 0.003 0.003 0.003 
465   ZFOS31    (0)   15 :  0.070 0.004 0.088 0.067 0.220 0.027 0.449 0.034 0.023 0.008 0.006 0.004 
466   ZFOS32    (0)   15 :  0.006 0.010 0.017 0.003 0.005 0.015 0.906 0.007 0.015 0.007 0.006 0.004 
467   ZFPB01    (0)   16 :  0.004 0.004 0.002 0.004 0.003 0.002 0.003 0.002 0.002 0.003 0.005 0.964 
468   ZFPB02    (0)   16 :  0.003 0.002 0.003 0.003 0.003 0.003 0.003 0.005 0.003 0.003 0.004 0.965 
469   ZFPB03    (0)   16 :  0.004 0.003 0.003 0.006 0.002 0.003 0.004 0.003 0.004 0.006 0.003 0.958 
470   ZFPB05    (0)   16 :  0.003 0.002 0.002 0.003 0.002 0.002 0.002 0.003 0.002 0.002 0.003 0.973 
471   ZFPB06    (0)   16 :  0.004 0.004 0.002 0.007 0.002 0.002 0.004 0.002 0.003 0.003 0.005 0.961 
472   ZFPB07    (0)   16 :  0.003 0.002 0.003 0.002 0.003 0.004 0.003 0.003 0.003 0.002 0.003 0.969 
473   ZFPB08    (0)   16 :  0.003 0.003 0.003 0.004 0.003 0.003 0.005 0.004 0.004 0.003 0.004 0.960 
474   ZFPB10    (0)   16 :  0.003 0.003 0.003 0.003 0.003 0.002 0.003 0.002 0.002 0.004 0.004 0.968 
475   ZFPB11    (0)   16 :  0.003 0.003 0.003 0.003 0.003 0.002 0.003 0.003 0.002 0.002 0.004 0.969 
476   ZFPB12    (0)   16 :  0.003 0.003 0.002 0.004 0.003 0.002 0.003 0.003 0.002 0.003 0.004 0.968 
477   ZFPB13    (0)   16 :  0.004 0.003 0.003 0.002 0.002 0.004 0.002 0.003 0.003 0.003 0.003 0.969 
478   ZFPB14    (0)   16 :  0.003 0.002 0.003 0.002 0.003 0.004 0.003 0.003 0.003 0.002 0.003 0.969 
479   ZFPB15    (0)   16 :  0.003 0.002 0.003 0.003 0.002 0.004 0.004 0.004 0.004 0.003 0.003 0.965 
480   ZFPB17    (0)   16 :  0.003 0.003 0.002 0.003 0.003 0.002 0.003 0.002 0.002 0.002 0.004 0.970 
481   ZFPB18    (0)   16 :  0.003 0.002 0.002 0.002 0.003 0.002 0.003 0.002 0.002 0.002 0.003 0.973 
482   ZFPB19    (0)   16 :  0.006 0.004 0.003 0.005 0.002 0.003 0.005 0.003 0.005 0.004 0.005 0.955 
483   ZFPB20    (0)   16 :  0.003 0.002 0.002 0.003 0.002 0.002 0.002 0.002 0.002 0.002 0.003 0.975 
484   ZFPB21    (0)   16 :  0.003 0.003 0.003 0.003 0.002 0.004 0.003 0.003 0.004 0.003 0.004 0.966 
485   ZFPB22    (0)   16 :  0.003 0.003 0.002 0.004 0.002 0.002 0.002 0.002 0.002 0.003 0.004 0.971 
486   ZFPB23    (0)   16 :  0.003 0.003 0.003 0.003 0.003 0.003 0.003 0.003 0.003 0.003 0.004 0.966 
487   ZFSF01    (0)   17 :  0.521 0.093 0.005 0.005 0.266 0.005 0.008 0.002 0.004 0.005 0.082 0.002 
488   ZFSF02    (0)   17 :  0.266 0.017 0.020 0.007 0.585 0.035 0.012 0.005 0.011 0.007 0.029 0.006 
489   ZFSF03    (0)   17 :  0.681 0.038 0.005 0.004 0.151 0.007 0.005 0.003 0.005 0.004 0.093 0.002 
490   ZFSF04    (0)   17 :  0.432 0.274 0.005 0.021 0.214 0.007 0.020 0.006 0.007 0.003 0.009 0.002 
491  ZFSW101    (0)   18 :  0.054 0.583 0.018 0.011 0.009 0.254 0.005 0.010 0.042 0.004 0.008 0.003 
492  ZFSW102    (0)   18 :  0.210 0.626 0.005 0.057 0.023 0.034 0.013 0.009 0.010 0.003 0.007 0.003 
493  ZFSW103    (0)   18 :  0.011 0.848 0.029 0.011 0.010 0.029 0.006 0.013 0.021 0.011 0.008 0.003 
494  ZFSW104    (9)   18 :  0.316 0.484 0.021 0.019 0.051 0.030 0.031 0.017 0.014 0.003 0.012 0.003 
495  ZFSW105    (0)   18 :  0.031 0.699 0.010 0.006 0.009 0.160 0.007 0.017 0.047 0.004 0.005 0.003 
496  ZFSW106    (0)   18 :  0.051 0.662 0.013 0.003 0.029 0.022 0.007 0.059 0.024 0.013 0.098 0.020 
497  ZFSW107    (0)   18 :  0.161 0.731 0.005 0.033 0.008 0.024 0.006 0.007 0.008 0.003 0.007 0.006 
498  ZFSW108    (0)   18 :  0.026 0.934 0.003 0.003 0.004 0.003 0.005 0.003 0.003 0.003 0.009 0.005 
499  ZFSW109    (0)   18 :  0.052 0.895 0.004 0.003 0.004 0.006 0.010 0.008 0.005 0.005 0.004 0.003 
500  ZFSW110    (0)   18 :  0.083 0.740 0.016 0.016 0.018 0.065 0.006 0.018 0.020 0.006 0.007 0.005 
501  ZFSW111    (0)   18 :  0.148 0.287 0.008 0.012 0.009 0.467 0.020 0.010 0.021 0.004 0.010 0.005 
502  ZFSW112    (0)   18 :  0.007 0.866 0.006 0.008 0.005 0.033 0.039 0.006 0.013 0.005 0.007 0.004 
503  ZFSW113    (0)   18 :  0.072 0.525 0.035 0.005 0.087 0.200 0.014 0.007 0.029 0.005 0.018 0.005 
504  ZFSW114    (0)   18 :  0.015 0.891 0.008 0.006 0.014 0.022 0.010 0.011 0.011 0.003 0.006 0.002 
505  ZFSW115    (0)   18 :  0.023 0.726 0.006 0.012 0.067 0.015 0.008 0.015 0.010 0.003 0.114 0.002 
506  ZFSW116    (0)   18 :  0.340 0.304 0.011 0.018 0.035 0.218 0.009 0.011 0.030 0.004 0.010 0.009 
507  ZFSW117    (0)   18 :  0.142 0.536 0.024 0.012 0.077 0.109 0.010 0.026 0.035 0.006 0.015 0.010 
508  ZFSW119    (0)   18 :  0.064 0.822 0.003 0.009 0.054 0.005 0.023 0.003 0.003 0.002 0.008 0.003 
509  ZFSW120    (0)   18 :  0.871 0.031 0.002 0.006 0.059 0.003 0.005 0.002 0.002 0.002 0.012 0.003 
510  ZFSW121    (0)   18 :  0.212 0.322 0.005 0.012 0.346 0.041 0.018 0.024 0.008 0.002 0.006 0.003 
511  ZFSW122    (0)   18 :  0.599 0.290 0.015 0.005 0.005 0.013 0.009 0.016 0.022 0.015 0.006 0.003 
512  ZFSW123    (0)   18 :  0.165 0.792 0.003 0.004 0.003 0.004 0.005 0.003 0.006 0.003 0.009 0.004 
513  ZFSW124    (0)   18 :  0.384 0.554 0.004 0.008 0.006 0.006 0.014 0.003 0.005 0.004 0.010 0.003 
514  ZFSW201    (0)   19 :  0.140 0.810 0.003 0.006 0.006 0.003 0.005 0.003 0.003 0.005 0.010 0.007 
515  ZFSW202    (0)   19 :  0.014 0.938 0.003 0.007 0.007 0.004 0.007 0.003 0.004 0.003 0.005 0.006 
516  ZFSW203    (0)   19 :  0.032 0.921 0.003 0.004 0.006 0.003 0.009 0.003 0.003 0.003 0.008 0.005 
517  ZFSW204    (0)   19 :  0.013 0.924 0.003 0.015 0.006 0.004 0.010 0.003 0.004 0.004 0.009 0.006 
518  ZFSW205    (0)   19 :  0.005 0.958 0.004 0.003 0.004 0.004 0.004 0.002 0.003 0.004 0.005 0.003 
519  ZFSW206    (0)   19 :  0.004 0.958 0.003 0.003 0.005 0.003 0.004 0.002 0.003 0.004 0.008 0.003 
520  ZFSW207    (0)   19 :  0.005 0.953 0.005 0.003 0.003 0.003 0.003 0.005 0.006 0.006 0.005 0.002 
521  ZFSW208    (0)   19 :  0.007 0.951 0.004 0.004 0.006 0.004 0.004 0.004 0.003 0.004 0.007 0.003 
522  ZFSW209    (0)   19 :  0.005 0.892 0.004 0.003 0.006 0.003 0.004 0.007 0.003 0.004 0.065 0.003 
523  ZFSW210    (0)   19 :  0.006 0.920 0.010 0.005 0.006 0.008 0.005 0.006 0.008 0.019 0.005 0.003 
524  ZFSW211    (0)   19 :  0.005 0.933 0.007 0.005 0.009 0.006 0.004 0.003 0.004 0.008 0.013 0.003 
525  ZFSW212    (0)   19 :  0.005 0.953 0.004 0.004 0.005 0.005 0.004 0.002 0.004 0.005 0.006 0.003 
526  ZFSW213    (0)   19 :  0.004 0.959 0.003 0.004 0.004 0.004 0.006 0.003 0.004 0.004 0.004 0.003 
527  ZFSW214    (0)   19 :  0.004 0.955 0.004 0.003 0.005 0.005 0.008 0.003 0.003 0.003 0.004 0.002 
528  ZFSW215    (0)   19 :  0.007 0.957 0.002 0.003 0.004 0.004 0.006 0.003 0.003 0.003 0.004 0.004 
529  ZFSW216    (0)   19 :  0.005 0.950 0.005 0.004 0.005 0.005 0.004 0.002 0.004 0.006 0.007 0.002 
530  ZFSW217    (0)   19 :  0.009 0.951 0.003 0.004 0.004 0.004 0.008 0.003 0.003 0.003 0.005 0.003 
531  ZFSW218    (0)   19 :  0.005 0.959 0.004 0.004 0.004 0.004 0.005 0.002 0.004 0.004 0.004 0.002 
532  ZFSW219    (0)   19 :  0.007 0.910 0.005 0.016 0.006 0.007 0.009 0.003 0.005 0.005 0.023 0.005 
533  ZFSW220    (0)   19 :  0.008 0.926 0.003 0.006 0.005 0.004 0.007 0.003 0.003 0.004 0.017 0.014 
534  ZFSW221    (0)   19 :  0.005 0.948 0.005 0.005 0.006 0.005 0.004 0.003 0.004 0.006 0.007 0.003 
535  ZFSW222    (0)   19 :  0.008 0.961 0.002 0.003 0.005 0.003 0.003 0.002 0.002 0.003 0.004 0.004 
536  ZFSW223    (0)   19 :  0.007 0.931 0.003 0.006 0.005 0.003 0.006 0.004 0.003 0.003 0.017 0.011 
537  ZFSW224    (0)   19 :  0.004 0.948 0.004 0.005 0.006 0.005 0.004 0.003 0.004 0.006 0.008 0.003 
538  ZFSW225    (0)   19 :  0.010 0.947 0.004 0.004 0.006 0.004 0.004 0.002 0.003 0.005 0.007 0.005 
539  ZFSW226    (0)   19 :  0.023 0.927 0.004 0.003 0.004 0.006 0.005 0.004 0.007 0.005 0.005 0.007 
540  ZFSW227    (0)   19 :  0.006 0.957 0.004 0.004 0.004 0.004 0.004 0.002 0.003 0.004 0.005 0.003 
541  ZFSW229    (0)   19 :  0.005 0.958 0.004 0.003 0.005 0.004 0.003 0.002 0.003 0.005 0.006 0.003 
542  ZFSW230    (0)   19 :  0.006 0.917 0.011 0.004 0.004 0.020 0.007 0.004 0.012 0.004 0.004 0.007 
543  ZFSW231    (0)   19 :  0.007 0.949 0.004 0.004 0.006 0.004 0.004 0.003 0.003 0.005 0.008 0.003 
544  ZFSW232    (0)   19 :  0.006 0.956 0.003 0.003 0.007 0.004 0.003 0.003 0.003 0.004 0.005 0.003 
545  ZFSW233    (0)   19 :  0.019 0.880 0.008 0.008 0.018 0.015 0.006 0.007 0.009 0.004 0.020 0.007 
546  ZFSW234    (0)   19 :  0.007 0.961 0.003 0.003 0.003 0.002 0.004 0.002 0.003 0.003 0.004 0.004 
547  ZFSW235    (0)   19 :  0.008 0.934 0.004 0.010 0.008 0.004 0.008 0.004 0.004 0.005 0.008 0.005 
548  ZFSW236    (0)   19 :  0.004 0.963 0.003 0.003 0.004 0.003 0.005 0.003 0.003 0.003 0.003 0.002 
549  ZFSW237    (0)   19 :  0.008 0.944 0.003 0.006 0.007 0.004 0.009 0.003 0.004 0.004 0.006 0.003 
550  ZFSW238    (0)   19 :  0.007 0.766 0.012 0.015 0.061 0.007 0.049 0.033 0.009 0.002 0.030 0.009 
551  ZFSW239    (0)   19 :  0.019 0.917 0.010 0.003 0.003 0.015 0.005 0.003 0.009 0.003 0.004 0.008 
552  ZFSW240    (0)   19 :  0.014 0.949 0.003 0.004 0.004 0.003 0.004 0.002 0.003 0.003 0.007 0.004 
553   ZFTS01    (0)   20 :  0.947 0.004 0.005 0.004 0.005 0.005 0.003 0.003 0.004 0.003 0.010 0.008 
554   ZFTS02    (0)   20 :  0.925 0.006 0.005 0.020 0.008 0.007 0.004 0.006 0.006 0.003 0.005 0.004 
555   ZFTS03    (0)   20 :  0.942 0.008 0.004 0.010 0.006 0.004 0.004 0.004 0.004 0.003 0.005 0.004 
556   ZFTS04    (0)   20 :  0.948 0.004 0.003 0.007 0.005 0.004 0.004 0.004 0.003 0.002 0.005 0.010 
557   ZFTS05    (0)   20 :  0.783 0.008 0.005 0.095 0.008 0.005 0.005 0.004 0.005 0.003 0.019 0.059 
558   ZFTS07    (0)   20 :  0.906 0.006 0.003 0.007 0.011 0.004 0.004 0.003 0.003 0.003 0.012 0.038 
559   ZFTS08    (0)   20 :  0.950 0.008 0.003 0.004 0.006 0.003 0.005 0.003 0.003 0.003 0.006 0.006 
560   ZFTS09    (0)   20 :  0.936 0.009 0.004 0.004 0.006 0.004 0.003 0.002 0.003 0.003 0.015 0.012 
561   ZFTS10    (0)   20 :  0.934 0.009 0.004 0.018 0.006 0.004 0.004 0.003 0.004 0.003 0.006 0.005 
562   ZFTS11    (0)   20 :  0.933 0.009 0.005 0.007 0.007 0.004 0.004 0.003 0.004 0.004 0.015 0.006 
563   ZFTS12    (0)   20 :  0.922 0.007 0.003 0.009 0.007 0.004 0.007 0.005 0.004 0.004 0.008 0.019 
564   ZFTS14    (0)   20 :  0.921 0.007 0.004 0.005 0.011 0.004 0.004 0.005 0.004 0.003 0.011 0.020 
565   ZFTS15    (0)   20 :  0.912 0.006 0.007 0.010 0.010 0.008 0.003 0.003 0.006 0.004 0.018 0.013 
566   ZFTS16    (0)   20 :  0.920 0.008 0.005 0.025 0.005 0.006 0.004 0.004 0.006 0.004 0.007 0.006 
567   ZFTS17    (9)   20 :  0.895 0.012 0.007 0.016 0.009 0.005 0.005 0.003 0.005 0.008 0.020 0.015 
568   ZFTS18    (0)   20 :  0.948 0.010 0.003 0.007 0.004 0.003 0.005 0.003 0.003 0.003 0.005 0.005 
569   ZFTS19    (9)   20 :  0.930 0.028 0.003 0.006 0.004 0.003 0.005 0.002 0.003 0.004 0.006 0.007 
570   ZFTS20    (0)   20 :  0.924 0.013 0.003 0.007 0.010 0.004 0.007 0.003 0.004 0.004 0.011 0.010 
571   ZFTS21    (0)   20 :  0.943 0.006 0.003 0.005 0.006 0.003 0.004 0.004 0.003 0.003 0.008 0.011 
572   ZFTS22    (0)   20 :  0.934 0.010 0.003 0.005 0.007 0.003 0.006 0.003 0.003 0.004 0.011 0.011 
573   ZFTS23    (0)   20 :  0.927 0.005 0.004 0.013 0.009 0.005 0.006 0.005 0.005 0.003 0.006 0.011 
574   ZFTS24    (0)   20 :  0.941 0.008 0.003 0.011 0.004 0.003 0.007 0.004 0.003 0.003 0.005 0.008 
575   ZFTS25    (0)   20 :  0.915 0.009 0.009 0.005 0.013 0.008 0.002 0.003 0.006 0.004 0.017 0.007 
576   ZFTS26    (0)   20 :  0.922 0.045 0.003 0.003 0.004 0.003 0.003 0.002 0.003 0.003 0.004 0.005 
577   ZFTS27    (0)   20 :  0.891 0.007 0.004 0.028 0.007 0.005 0.004 0.003 0.005 0.003 0.008 0.035 
578   ZFTS28    (0)   20 :  0.788 0.015 0.007 0.042 0.020 0.013 0.010 0.005 0.011 0.005 0.023 0.061 
579   ZFTS29    (0)   20 :  0.898 0.019 0.003 0.012 0.007 0.002 0.005 0.002 0.003 0.004 0.021 0.025 
580   ZFTS30    (0)   20 :  0.907 0.013 0.003 0.015 0.007 0.003 0.004 0.002 0.003 0.003 0.020 0.019 
581   ZFTS31    (0)   20 :  0.866 0.007 0.004 0.072 0.005 0.005 0.005 0.004 0.004 0.003 0.006 0.019 
582   ZFTS32    (0)   20 :  0.904 0.010 0.006 0.019 0.007 0.007 0.005 0.003 0.006 0.005 0.019 0.009 
583   ZFTS33    (0)   20 :  0.894 0.013 0.008 0.010 0.015 0.011 0.005 0.004 0.006 0.006 0.018 0.008 
584   ZFTS34    (0)   20 :  0.951 0.006 0.003 0.004 0.006 0.005 0.003 0.004 0.005 0.003 0.005 0.006 
585   ZFTS35    (0)   20 :  0.930 0.014 0.004 0.012 0.008 0.005 0.004 0.005 0.005 0.004 0.006 0.003 
586   ZFTS36    (0)   20 :  0.938 0.006 0.004 0.007 0.008 0.004 0.004 0.004 0.004 0.003 0.008 0.010 
587   ZFTS37    (0)   20 :  0.908 0.024 0.004 0.023 0.006 0.005 0.004 0.003 0.005 0.004 0.006 0.006 
588   ZFTS38    (0)   20 :  0.911 0.016 0.004 0.019 0.011 0.004 0.005 0.003 0.004 0.004 0.010 0.009 
589   ZFTS39    (0)   20 :  0.935 0.010 0.003 0.004 0.007 0.004 0.005 0.004 0.004 0.005 0.008 0.010 
590   ZFTS40    (0)   20 :  0.826 0.008 0.008 0.080 0.016 0.011 0.005 0.006 0.013 0.005 0.013 0.010 
591 ZFTSP101    (0)   21 :  0.003 0.004 0.420 0.008 0.005 0.161 0.011 0.012 0.152 0.216 0.005 0.003 
592 ZFTSP102    (0)   21 :  0.005 0.008 0.102 0.018 0.014 0.018 0.007 0.006 0.011 0.803 0.005 0.002 
593 ZFTSP103    (0)   21 :  0.003 0.005 0.321 0.005 0.018 0.024 0.048 0.015 0.012 0.539 0.007 0.002 
594 ZFTSP104    (0)   21 :  0.002 0.003 0.950 0.004 0.004 0.008 0.003 0.008 0.007 0.005 0.003 0.002 
595 ZFTSP105    (0)   21 :  0.003 0.004 0.841 0.004 0.008 0.014 0.008 0.006 0.005 0.100 0.003 0.003 
596 ZFTSP106    (0)   21 :  0.003 0.005 0.125 0.007 0.016 0.529 0.007 0.220 0.056 0.017 0.010 0.006 
597 ZFTSP107    (0)   21 :  0.002 0.004 0.924 0.004 0.011 0.005 0.008 0.008 0.007 0.020 0.004 0.003 
598 ZFTSP108    (0)   21 :  0.003 0.004 0.314 0.007 0.026 0.021 0.010 0.503 0.018 0.071 0.015 0.008 
599 ZFTSP109    (0)   21 :  0.003 0.004 0.896 0.005 0.027 0.012 0.009 0.019 0.012 0.005 0.005 0.003 
600 ZFTSP110    (0)   21 :  0.003 0.004 0.772 0.004 0.007 0.134 0.008 0.008 0.033 0.017 0.007 0.003 
601 ZFTSP111    (0)   21 :  0.003 0.003 0.865 0.007 0.004 0.012 0.005 0.005 0.050 0.040 0.004 0.003 
602 ZFTSP112    (0)   21 :  0.004 0.005 0.870 0.028 0.008 0.015 0.012 0.007 0.014 0.023 0.006 0.008 
603 ZFTSP113    (0)   21 :  0.003 0.004 0.915 0.006 0.014 0.011 0.007 0.011 0.013 0.008 0.005 0.003 
604 ZFTSP114    (0)   21 :  0.002 0.002 0.919 0.005 0.005 0.006 0.006 0.006 0.006 0.036 0.003 0.003 
605 ZFTSP115    (0)   21 :  0.005 0.004 0.860 0.015 0.012 0.027 0.016 0.022 0.015 0.011 0.005 0.008 
606 ZFTSP116    (0)   21 :  0.003 0.004 0.810 0.015 0.007 0.010 0.006 0.006 0.050 0.081 0.005 0.003 
607 ZFTSP117    (0)   21 :  0.003 0.003 0.937 0.004 0.003 0.010 0.003 0.004 0.009 0.018 0.003 0.003 
608 ZFTSP118    (0)   21 :  0.003 0.005 0.857 0.004 0.004 0.008 0.006 0.004 0.008 0.095 0.003 0.003 
609 ZFTSP119    (0)   21 :  0.013 0.045 0.274 0.005 0.047 0.024 0.005 0.496 0.019 0.047 0.019 0.005 
610 ZFTSP120    (0)   21 :  0.003 0.006 0.754 0.004 0.003 0.024 0.006 0.005 0.079 0.111 0.003 0.003 
611 ZFTSP121    (0)   21 :  0.013 0.009 0.191 0.006 0.013 0.005 0.004 0.028 0.013 0.656 0.046 0.018 
612 ZFTSP122    (0)   21 :  0.002 0.003 0.803 0.007 0.006 0.016 0.013 0.032 0.030 0.082 0.004 0.003 
613 ZFTSP123    (0)   21 :  0.002 0.002 0.938 0.003 0.005 0.014 0.003 0.011 0.010 0.007 0.003 0.003 
614 ZFTSP124    (0)   21 :  0.002 0.002 0.910 0.003 0.006 0.031 0.007 0.013 0.014 0.005 0.003 0.003 
615 ZFTSP125    (0)   21 :  0.002 0.002 0.901 0.003 0.006 0.014 0.004 0.042 0.009 0.010 0.003 0.003 
616 ZFTSP126    (0)   21 :  0.003 0.003 0.857 0.005 0.009 0.037 0.005 0.016 0.030 0.025 0.005 0.004 
617 ZFTSP127    (0)   21 :  0.002 0.002 0.931 0.004 0.007 0.010 0.006 0.015 0.011 0.007 0.003 0.004 
618 ZFTSP128    (0)   21 :  0.003 0.003 0.911 0.004 0.005 0.020 0.005 0.006 0.008 0.027 0.004 0.004 
619 ZFTSP129    (0)   21 :  0.002 0.003 0.866 0.006 0.004 0.028 0.013 0.013 0.049 0.010 0.004 0.002 
620 ZFTSP130    (0)   21 :  0.002 0.002 0.944 0.003 0.005 0.007 0.003 0.009 0.005 0.013 0.003 0.004 
621 ZFTSP131    (0)   21 :  0.002 0.003 0.935 0.003 0.004 0.020 0.004 0.007 0.007 0.010 0.002 0.002 
622 ZFTSP132    (0)   21 :  0.003 0.005 0.759 0.020 0.004 0.028 0.007 0.008 0.057 0.101 0.005 0.003 
623 ZFTSP133    (0)   21 :  0.003 0.004 0.571 0.005 0.005 0.030 0.023 0.300 0.027 0.026 0.003 0.003 
624 ZFTSP134    (0)   21 :  0.002 0.003 0.849 0.008 0.004 0.006 0.009 0.033 0.048 0.031 0.004 0.002 
625 ZFTSP135    (0)   21 :  0.003 0.004 0.881 0.003 0.005 0.042 0.004 0.006 0.006 0.040 0.003 0.003 
626 ZFTSP136    (0)   21 :  0.003 0.005 0.660 0.003 0.004 0.125 0.004 0.010 0.024 0.156 0.003 0.003 
627 ZFTSP137    (0)   21 :  0.016 0.008 0.484 0.005 0.022 0.078 0.012 0.042 0.065 0.204 0.021 0.043 
628 ZFTSP138    (0)   21 :  0.004 0.003 0.788 0.007 0.006 0.061 0.008 0.009 0.057 0.048 0.004 0.005 
629 ZFTSP139    (0)   21 :  0.003 0.002 0.808 0.003 0.004 0.056 0.003 0.039 0.042 0.034 0.003 0.003 
630 ZFTSP140    (0)   21 :  0.006 0.005 0.738 0.021 0.021 0.117 0.014 0.008 0.011 0.036 0.007 0.016 
631 ZFTSP141    (0)   21 :  0.005 0.005 0.138 0.031 0.022 0.037 0.013 0.117 0.043 0.573 0.007 0.008 
632 ZFTSP142    (0)   21 :  0.003 0.005 0.590 0.006 0.008 0.035 0.006 0.008 0.017 0.314 0.006 0.003 
633 ZFTSP143    (0)   21 :  0.003 0.004 0.868 0.005 0.006 0.046 0.009 0.011 0.015 0.028 0.003 0.002 
634 ZFTSP144    (0)   21 :  0.004 0.008 0.855 0.008 0.007 0.028 0.007 0.005 0.012 0.059 0.004 0.003 
635 ZFTSP145    (0)   21 :  0.002 0.003 0.490 0.006 0.007 0.018 0.008 0.022 0.023 0.414 0.004 0.004 
636 ZFTSP201    (9)   22 :  0.004 0.004 0.101 0.048 0.010 0.485 0.026 0.077 0.214 0.020 0.006 0.005 
637 ZFTSP202    (0)   22 :  0.004 0.003 0.141 0.145 0.005 0.027 0.014 0.132 0.179 0.312 0.006 0.033 
638 ZFTSP203    (0)   22 :  0.004 0.005 0.121 0.019 0.004 0.487 0.011 0.009 0.245 0.087 0.006 0.003 
639 ZFTSP204    (0)   22 :  0.003 0.006 0.268 0.005 0.003 0.031 0.017 0.008 0.449 0.203 0.004 0.003 
640 ZFTSP205    (0)   22 :  0.005 0.006 0.112 0.081 0.003 0.421 0.054 0.009 0.097 0.185 0.009 0.018 
641 ZFTSP206    (0)   22 :  0.004 0.007 0.032 0.027 0.007 0.827 0.031 0.017 0.019 0.021 0.005 0.004 
642 ZFTSP207    (0)   22 :  0.003 0.007 0.013 0.006 0.005 0.922 0.005 0.004 0.021 0.006 0.005 0.003 
643 ZFTSP208    (0)   22 :  0.004 0.015 0.018 0.010 0.006 0.778 0.007 0.005 0.096 0.053 0.006 0.004 
644 ZFTSP209    (0)   22 :  0.004 0.004 0.716 0.007 0.007 0.124 0.015 0.020 0.062 0.035 0.003 0.003 
645 ZFTSP210    (0)   22 :  0.004 0.005 0.403 0.007 0.004 0.220 0.004 0.014 0.318 0.012 0.005 0.003 
646 ZFTSP211    (0)   22 :  0.006 0.004 0.814 0.035 0.004 0.023 0.010 0.004 0.047 0.020 0.009 0.025 
647 ZFTSP212    (0)   22 :  0.002 0.008 0.655 0.004 0.003 0.104 0.009 0.036 0.149 0.025 0.003 0.003 
648 ZFTSP213    (0)   22 :  0.003 0.002 0.819 0.003 0.006 0.086 0.003 0.008 0.027 0.031 0.006 0.006 
649 ZFTSP214    (0)   22 :  0.003 0.004 0.359 0.005 0.017 0.032 0.033 0.027 0.015 0.496 0.006 0.003 
650 ZFTSP215    (0)   22 :  0.003 0.004 0.041 0.008 0.004 0.140 0.005 0.005 0.169 0.616 0.004 0.003 
651 ZFTSP216    (0)   22 :  0.010 0.006 0.330 0.020 0.006 0.046 0.013 0.007 0.199 0.257 0.025 0.081 
652 ZFTSP217    (0)   22 :  0.003 0.003 0.854 0.004 0.007 0.076 0.003 0.009 0.021 0.009 0.007 0.004 
653 ZFTSP218    (0)   22 :  0.004 0.005 0.373 0.004 0.010 0.497 0.006 0.012 0.040 0.039 0.006 0.004 
654 ZFTSP219    (0)   22 :  0.006 0.009 0.357 0.019 0.020 0.482 0.016 0.013 0.017 0.050 0.006 0.006 
655 ZFTSP220    (0)   22 :  0.009 0.005 0.167 0.009 0.008 0.105 0.014 0.031 0.367 0.209 0.017 0.059 
656 ZFTSP221    (0)   22 :  0.003 0.004 0.121 0.027 0.011 0.163 0.008 0.054 0.411 0.182 0.011 0.007 
657 ZFTSP222    (0)   22 :  0.007 0.004 0.273 0.022 0.013 0.037 0.006 0.016 0.471 0.007 0.059 0.085 
658 ZFTSP223    (0)   22 :  0.002 0.002 0.934 0.003 0.004 0.007 0.003 0.004 0.008 0.027 0.003 0.003 
659 ZFTSP224    (0)   22 :  0.002 0.003 0.786 0.006 0.004 0.005 0.007 0.011 0.007 0.163 0.004 0.003 
660 ZFTSP225    (0)   22 :  0.003 0.004 0.582 0.004 0.007 0.093 0.004 0.053 0.087 0.155 0.005 0.003 
661 ZFTSP226    (0)   22 :  0.002 0.003 0.848 0.006 0.006 0.008 0.005 0.010 0.009 0.096 0.004 0.003 
662 ZFTSP227    (0)   22 :  0.005 0.004 0.091 0.020 0.009 0.119 0.009 0.019 0.690 0.005 0.013 0.016 
663 ZFTSP228    (0)   22 :  0.005 0.005 0.512 0.093 0.006 0.046 0.015 0.008 0.126 0.157 0.011 0.016 
664    ZFW01    (0)   23 :  0.014 0.939 0.005 0.002 0.005 0.009 0.005 0.004 0.006 0.004 0.004 0.003 
665    ZFW02    (0)   23 :  0.010 0.946 0.003 0.004 0.006 0.004 0.007 0.003 0.005 0.003 0.005 0.006 
666    ZFW03    (0)   23 :  0.004 0.964 0.003 0.003 0.004 0.003 0.003 0.002 0.004 0.004 0.004 0.002 
667    ZFW04    (0)   23 :  0.292 0.651 0.003 0.004 0.012 0.003 0.010 0.003 0.005 0.003 0.008 0.007 
668    ZFW05    (0)   23 :  0.241 0.422 0.010 0.006 0.066 0.005 0.011 0.012 0.004 0.032 0.188 0.004 
669    ZFW06    (0)   23 :  0.558 0.338 0.006 0.005 0.007 0.004 0.010 0.002 0.008 0.004 0.037 0.021 
670   ZFWB01    (0)   24 :  0.006 0.006 0.007 0.018 0.919 0.007 0.005 0.009 0.006 0.006 0.005 0.004 
671   ZFWB02    (0)   24 :  0.009 0.300 0.012 0.006 0.509 0.010 0.006 0.005 0.006 0.020 0.112 0.004 
672   ZFWB03    (0)   24 :  0.004 0.005 0.006 0.004 0.953 0.004 0.005 0.005 0.003 0.006 0.004 0.002 
673   ZFWB05    (0)   24 :  0.057 0.015 0.015 0.007 0.788 0.015 0.005 0.048 0.028 0.011 0.006 0.006 
674   ZFWB06    (0)   24 :  0.009 0.012 0.008 0.014 0.908 0.008 0.005 0.006 0.007 0.012 0.007 0.004 
675   ZFWB07    (0)   24 :  0.005 0.005 0.005 0.005 0.932 0.005 0.005 0.009 0.004 0.005 0.012 0.007 
676   ZFWB10    (0)   24 :  0.034 0.008 0.014 0.008 0.847 0.007 0.004 0.047 0.011 0.009 0.005 0.008 
677   ZFWB11    (0)   24 :  0.006 0.004 0.004 0.009 0.942 0.004 0.004 0.006 0.004 0.004 0.007 0.007 
678   ZFWB12    (0)   24 :  0.004 0.009 0.016 0.004 0.917 0.005 0.006 0.005 0.003 0.024 0.005 0.002 
679   ZFWB13    (9)   24 :  0.005 0.006 0.036 0.010 0.756 0.008 0.019 0.043 0.020 0.087 0.006 0.005 
680   ZFWB14    (0)   24 :  0.004 0.005 0.009 0.007 0.942 0.006 0.004 0.008 0.005 0.005 0.004 0.003 
681   ZFWB15    (9)   24 :  0.011 0.007 0.006 0.006 0.929 0.007 0.004 0.007 0.006 0.005 0.007 0.005 
682   ZFWB18    (0)   24 :  0.003 0.003 0.008 0.008 0.945 0.006 0.005 0.005 0.004 0.005 0.005 0.003 
683   ZFWB19    (0)   24 :  0.009 0.006 0.003 0.005 0.943 0.004 0.004 0.003 0.003 0.003 0.012 0.004 
684   ZFWB20    (0)   24 :  0.006 0.004 0.007 0.007 0.944 0.006 0.003 0.004 0.004 0.005 0.006 0.004 
685   ZFWB21    (0)   24 :  0.005 0.005 0.005 0.013 0.929 0.007 0.007 0.005 0.004 0.005 0.011 0.005 
686   ZFWB22    (0)   24 :  0.014 0.014 0.030 0.011 0.855 0.012 0.004 0.003 0.005 0.038 0.010 0.005 
687   ZFWB23    (0)   24 :  0.007 0.007 0.033 0.038 0.703 0.026 0.013 0.083 0.030 0.046 0.007 0.006 
688   ZFWB24    (0)   24 :  0.005 0.003 0.009 0.013 0.938 0.004 0.003 0.008 0.004 0.005 0.005 0.002 
689   ZFWB25    (0)   24 :  0.014 0.007 0.007 0.015 0.924 0.005 0.005 0.005 0.005 0.004 0.006 0.004 
690   ZFWB26    (0)   24 :  0.005 0.014 0.011 0.005 0.926 0.007 0.004 0.003 0.004 0.010 0.009 0.003 
691   ZFWB27    (0)   24 :  0.005 0.013 0.008 0.010 0.879 0.007 0.005 0.003 0.005 0.012 0.049 0.004 
692   ZFWB29    (0)   24 :  0.036 0.011 0.004 0.009 0.910 0.004 0.005 0.004 0.003 0.003 0.007 0.003 
693   ZFWB30    (0)   24 :  0.008 0.005 0.004 0.025 0.917 0.004 0.009 0.006 0.004 0.003 0.011 0.004 
694   ZFWB31    (0)   24 :  0.003 0.004 0.009 0.006 0.945 0.005 0.004 0.005 0.005 0.006 0.005 0.003 
695   ZFWB32    (9)   24 :  0.008 0.013 0.005 0.005 0.926 0.006 0.007 0.004 0.005 0.005 0.010 0.006 
696   ZFWB35    (0)   24 :  0.003 0.004 0.007 0.004 0.952 0.004 0.005 0.004 0.004 0.006 0.006 0.002 
697   ZFWB36    (0)   24 :  0.005 0.013 0.007 0.008 0.919 0.005 0.005 0.005 0.004 0.010 0.015 0.004 
698   ZFWB37    (0)   24 :  0.004 0.008 0.009 0.005 0.934 0.007 0.003 0.004 0.004 0.011 0.008 0.003 
699   ZFWB38    (0)   24 :  0.005 0.009 0.007 0.004 0.942 0.006 0.003 0.004 0.004 0.004 0.007 0.003 
700   ZFWB39    (9)   24 :  0.004 0.005 0.007 0.015 0.927 0.005 0.007 0.007 0.005 0.007 0.007 0.004 
701   ZFWB40    (0)   24 :  0.006 0.004 0.004 0.011 0.936 0.004 0.008 0.008 0.004 0.004 0.008 0.004 
702   ZFWB41    (9)   24 :  0.007 0.007 0.008 0.007 0.926 0.007 0.007 0.008 0.006 0.007 0.007 0.006 
703   ZFWB42    (0)   24 :  0.003 0.004 0.006 0.004 0.954 0.005 0.005 0.005 0.004 0.004 0.004 0.003 
704   ZFWB43    (0)   24 :  0.003 0.005 0.006 0.004 0.951 0.004 0.003 0.004 0.003 0.005 0.010 0.003 
705   ZFWB44    (0)   24 :  0.010 0.231 0.008 0.006 0.243 0.008 0.006 0.003 0.005 0.010 0.465 0.004 
706   ZFWB46    (0)   24 :  0.006 0.009 0.005 0.021 0.921 0.004 0.006 0.004 0.003 0.004 0.014 0.003 
707   ZFWB47    (9)   24 :  0.008 0.023 0.006 0.004 0.918 0.006 0.006 0.005 0.005 0.005 0.010 0.004 
708   ZFWB48    (0)   24 :  0.007 0.005 0.006 0.073 0.732 0.004 0.007 0.114 0.004 0.004 0.042 0.003 
709   ZFWB49    (0)   24 :  0.005 0.006 0.141 0.015 0.675 0.018 0.007 0.059 0.042 0.005 0.024 0.003 
710    ZCF01    (0)   25 :  0.021 0.015 0.007 0.024 0.048 0.004 0.005 0.003 0.004 0.027 0.765 0.078 
711    ZCF02    (0)   25 :  0.256 0.014 0.005 0.006 0.103 0.003 0.004 0.004 0.003 0.005 0.583 0.013 
712    ZCF03    (0)   25 :  0.014 0.007 0.012 0.008 0.071 0.009 0.006 0.003 0.006 0.008 0.702 0.154 
713    ZCF04    (0)   25 :  0.005 0.004 0.005 0.005 0.003 0.005 0.004 0.005 0.007 0.004 0.879 0.074 
714    ZCF05    (0)   25 :  0.022 0.015 0.003 0.005 0.010 0.002 0.005 0.003 0.003 0.003 0.925 0.005 
715    ZCF06    (0)   25 :  0.006 0.004 0.014 0.024 0.006 0.005 0.054 0.007 0.008 0.011 0.842 0.019 
716    ZCF07    (0)   25 :  0.005 0.018 0.006 0.005 0.049 0.004 0.003 0.003 0.003 0.016 0.885 0.004 
717    ZCF08    (0)   25 :  0.014 0.004 0.007 0.006 0.019 0.003 0.005 0.008 0.006 0.009 0.905 0.014 
718    ZCF09    (0)   25 :  0.013 0.004 0.057 0.055 0.008 0.029 0.043 0.126 0.034 0.076 0.359 0.195 
719    ZCF10    (0)   25 :  0.009 0.016 0.031 0.014 0.019 0.008 0.007 0.014 0.010 0.019 0.844 0.009 
720    ZCF11    (0)   25 :  0.008 0.011 0.007 0.005 0.025 0.010 0.004 0.004 0.007 0.008 0.904 0.006 
721    ZCF12    (0)   25 :  0.009 0.005 0.003 0.013 0.004 0.004 0.003 0.006 0.003 0.002 0.926 0.021 
722    ZCF13    (0)   25 :  0.011 0.012 0.003 0.003 0.011 0.004 0.006 0.023 0.004 0.006 0.912 0.005 
723    ZCF14    (0)   25 :  0.027 0.015 0.011 0.179 0.008 0.019 0.006 0.012 0.031 0.007 0.678 0.007 
724    ZCF15    (0)   25 :  0.005 0.006 0.006 0.008 0.031 0.004 0.010 0.005 0.004 0.003 0.906 0.012 
725    ZCF16    (0)   25 :  0.005 0.006 0.006 0.021 0.017 0.003 0.006 0.004 0.003 0.010 0.909 0.011 
726    ZCF17    (0)   25 :  0.005 0.006 0.004 0.008 0.019 0.004 0.005 0.002 0.003 0.005 0.936 0.003 
727    ZCF18    (0)   25 :  0.014 0.013 0.004 0.007 0.016 0.004 0.008 0.013 0.005 0.004 0.893 0.019 
728    ZCF19    (0)   25 :  0.016 0.055 0.004 0.056 0.059 0.006 0.020 0.004 0.004 0.003 0.740 0.032 
729    ZCF20    (0)   25 :  0.011 0.014 0.010 0.007 0.021 0.015 0.004 0.005 0.009 0.010 0.890 0.005 
730    ZCF21    (0)   25 :  0.009 0.008 0.009 0.009 0.009 0.003 0.007 0.004 0.003 0.004 0.908 0.027 
731    ZCF22    (0)   25 :  0.012 0.027 0.014 0.012 0.013 0.007 0.006 0.005 0.006 0.015 0.878 0.004 
732    ZCF23    (0)   25 :  0.008 0.012 0.005 0.006 0.015 0.004 0.003 0.007 0.003 0.007 0.921 0.009 
733    ZCF24    (0)   25 :  0.004 0.003 0.032 0.017 0.011 0.005 0.012 0.028 0.005 0.032 0.835 0.017 
734    ZCF25    (0)   25 :  0.004 0.004 0.007 0.014 0.007 0.005 0.006 0.006 0.014 0.007 0.922 0.004 
735    ZCF26    (0)   25 :  0.005 0.004 0.010 0.006 0.004 0.003 0.016 0.003 0.003 0.010 0.931 0.004 
736    ZCF27    (0)   25 :  0.005 0.006 0.004 0.007 0.014 0.003 0.004 0.003 0.003 0.007 0.936 0.006 
737    ZCF28    (0)   25 :  0.019 0.015 0.003 0.016 0.084 0.003 0.009 0.003 0.006 0.006 0.823 0.012 
738    ZCF29    (0)   25 :  0.015 0.014 0.029 0.163 0.045 0.010 0.012 0.038 0.025 0.013 0.039 0.598 
739    ZCF30    (0)   25 :  0.004 0.006 0.004 0.004 0.008 0.003 0.007 0.004 0.005 0.007 0.944 0.004 
740    ZCF31    (0)   25 :  0.025 0.005 0.003 0.007 0.073 0.004 0.005 0.004 0.004 0.002 0.855 0.014 
741    ZCF32    (0)   25 :  0.075 0.011 0.004 0.013 0.008 0.004 0.006 0.003 0.006 0.004 0.853 0.013 
742    ZCF33    (0)   25 :  0.091 0.016 0.003 0.007 0.004 0.003 0.004 0.004 0.003 0.003 0.853 0.009 
743    ZCF34    (0)   25 :  0.013 0.006 0.035 0.032 0.016 0.032 0.005 0.020 0.077 0.007 0.744 0.011 
744    ZCF35    (0)   25 :  0.006 0.004 0.012 0.011 0.005 0.014 0.007 0.009 0.009 0.004 0.762 0.158 
745    ZCF36    (0)   25 :  0.030 0.113 0.005 0.007 0.006 0.010 0.005 0.003 0.005 0.007 0.801 0.008 
746    ZCF37    (0)   25 :  0.012 0.010 0.010 0.022 0.015 0.005 0.004 0.003 0.005 0.006 0.875 0.033 
747    ZCF38    (0)   25 :  0.004 0.006 0.007 0.008 0.023 0.006 0.014 0.014 0.011 0.004 0.896 0.008 
748    ZCF39    (0)   25 :  0.005 0.009 0.485 0.007 0.019 0.030 0.003 0.016 0.025 0.008 0.377 0.017 
749    ZCF40    (0)   25 :  0.004 0.007 0.009 0.016 0.020 0.008 0.010 0.004 0.010 0.014 0.894 0.004 
750    ZCF41    (0)   25 :  0.019 0.014 0.004 0.043 0.015 0.003 0.010 0.003 0.003 0.007 0.858 0.021 
751    ZCF42    (0)   25 :  0.006 0.004 0.022 0.010 0.078 0.006 0.036 0.006 0.005 0.016 0.742 0.070 


Estimated Allele Frequencies in each cluster
First column gives estimated ancestral frequencies


Locus 1 : 
11 alleles
0.0% missing data
 206   (0.215) 0.171 0.159 0.188 0.006 0.273 0.404 0.689 0.309 0.171 0.002 0.110 0.002 
 204   (0.455) 0.675 0.446 0.745 0.987 0.629 0.587 0.206 0.421 0.558 0.996 0.548 0.995 
 222   (0.061) 0.148 0.033 0.001 0.002 0.041 0.001 0.001 0.001 0.001 0.000 0.113 0.001 
 218   (0.060) 0.001 0.236 0.064 0.001 0.001 0.004 0.063 0.001 0.238 0.000 0.003 0.001 
 216   (0.020) 0.000 0.000 0.000 0.000 0.000 0.001 0.000 0.000 0.026 0.000 0.001 0.000 
 208   (0.031) 0.001 0.000 0.001 0.001 0.001 0.003 0.000 0.162 0.002 0.000 0.005 0.000 
 224   (0.049) 0.002 0.112 0.001 0.001 0.044 0.000 0.039 0.001 0.001 0.000 0.012 0.001 
 220   (0.053) 0.001 0.013 0.001 0.001 0.008 0.000 0.001 0.104 0.001 0.000 0.183 0.001 
 230   (0.018) 0.001 0.000 0.000 0.000 0.001 0.000 0.000 0.001 0.001 0.000 0.005 0.000 
 210   (0.019) 0.000 0.000 0.000 0.000 0.000 0.000 0.000 0.000 0.000 0.000 0.013 0.000 
 202   (0.019) 0.000 0.000 0.000 0.000 0.000 0.000 0.000 0.000 0.000 0.000 0.007 0.000 

Locus 2 : 
5 alleles
0.7% missing data
 179   (0.593) 0.821 0.995 0.363 0.775 0.302 0.601 0.483 0.043 0.509 0.987 0.768 0.672 
 173   (0.319) 0.008 0.004 0.570 0.224 0.692 0.398 0.516 0.956 0.315 0.012 0.209 0.327 
 182   (0.039) 0.000 0.000 0.066 0.001 0.002 0.001 0.000 0.001 0.175 0.000 0.002 0.000 
 170   (0.026) 0.171 0.000 0.000 0.000 0.003 0.000 0.000 0.000 0.001 0.000 0.001 0.000 
 176   (0.022) 0.000 0.000 0.000 0.000 0.001 0.000 0.000 0.000 0.000 0.000 0.020 0.000 

Locus 3 : 
7 alleles
0.0% missing data
 198   (0.491) 0.504 0.811 0.555 0.744 0.783 0.839 0.513 0.233 0.577 0.122 0.337 0.005 
 207   (0.184) 0.492 0.146 0.004 0.006 0.141 0.003 0.002 0.045 0.050 0.003 0.517 0.992 
 216   (0.099) 0.001 0.001 0.127 0.244 0.002 0.025 0.482 0.293 0.008 0.497 0.004 0.001 
 195   (0.125) 0.002 0.030 0.313 0.003 0.020 0.126 0.002 0.426 0.338 0.378 0.006 0.002 
 213   (0.035) 0.000 0.011 0.001 0.001 0.001 0.006 0.000 0.001 0.026 0.000 0.001 0.000 
 210   (0.040) 0.000 0.000 0.000 0.001 0.053 0.000 0.000 0.001 0.001 0.000 0.066 0.000 
 219   (0.025) 0.000 0.000 0.000 0.001 0.001 0.000 0.000 0.000 0.000 0.000 0.069 0.000 

Locus 4 : 
7 alleles
0.0% missing data
 166   (0.349) 0.464 0.573 0.298 0.013 0.588 0.420 0.666 0.980 0.504 0.516 0.125 0.004 
 182   (0.127) 0.341 0.234 0.001 0.416 0.095 0.001 0.114 0.002 0.003 0.001 0.208 0.002 
 178   (0.279) 0.060 0.189 0.693 0.006 0.286 0.523 0.104 0.006 0.269 0.480 0.437 0.005 
 184   (0.121) 0.115 0.001 0.005 0.556 0.003 0.002 0.110 0.002 0.090 0.001 0.169 0.987 
 180   (0.040) 0.000 0.000 0.001 0.001 0.006 0.053 0.000 0.001 0.133 0.001 0.003 0.000 
 186   (0.054) 0.019 0.003 0.001 0.004 0.021 0.001 0.003 0.001 0.002 0.001 0.047 0.001 
 168   (0.030) 0.000 0.000 0.000 0.004 0.001 0.000 0.001 0.009 0.001 0.000 0.011 0.002 

Locus 5 : 
9 alleles
0.0% missing data
 215   (0.485) 0.301 0.783 0.401 0.938 0.605 0.095 0.839 0.011 0.325 0.944 0.841 0.301 
 207   (0.223) 0.140 0.021 0.595 0.049 0.009 0.842 0.143 0.182 0.507 0.054 0.032 0.696 
 225   (0.056) 0.146 0.096 0.001 0.001 0.338 0.001 0.001 0.001 0.001 0.000 0.011 0.000 
 217   (0.070) 0.407 0.095 0.001 0.004 0.002 0.001 0.015 0.001 0.001 0.000 0.054 0.001 
 211   (0.020) 0.000 0.000 0.000 0.000 0.000 0.000 0.000 0.000 0.008 0.000 0.001 0.000 
 205   (0.051) 0.000 0.000 0.001 0.001 0.001 0.060 0.001 0.308 0.155 0.000 0.002 0.000 
 189   (0.037) 0.000 0.000 0.000 0.001 0.002 0.000 0.001 0.495 0.001 0.000 0.049 0.001 
 227   (0.039) 0.004 0.003 0.001 0.006 0.043 0.000 0.001 0.001 0.001 0.000 0.003 0.000 
 223   (0.019) 0.000 0.000 0.000 0.000 0.000 0.000 0.000 0.000 0.000 0.000 0.007 0.000 

Locus 6 : 
2 alleles
1.1% missing data
 205   (0.064) 0.448 0.004 0.001 0.001 0.171 0.001 0.002 0.001 0.001 0.000 0.027 0.001 
 203   (0.936) 0.552 0.996 0.999 0.999 0.829 0.999 0.998 0.999 0.999 1.000 0.973 0.999 

Locus 7 : 
9 alleles
0.3% missing data
 187   (0.166) 0.893 0.527 0.002 0.429 0.249 0.002 0.304 0.003 0.003 0.001 0.184 0.252 
 199   (0.104) 0.004 0.173 0.001 0.002 0.156 0.001 0.001 0.127 0.002 0.001 0.320 0.056 
 189   (0.127) 0.096 0.295 0.155 0.003 0.016 0.194 0.050 0.003 0.192 0.005 0.008 0.001 
 195   (0.305) 0.003 0.003 0.703 0.556 0.570 0.314 0.641 0.647 0.251 0.991 0.220 0.003 
 191   (0.085) 0.001 0.001 0.104 0.002 0.004 0.260 0.001 0.104 0.309 0.001 0.015 0.001 
 183   (0.050) 0.000 0.000 0.001 0.001 0.001 0.064 0.001 0.001 0.034 0.000 0.018 0.001 
 193   (0.092) 0.001 0.001 0.033 0.002 0.002 0.164 0.001 0.089 0.208 0.001 0.092 0.001 
 201   (0.044) 0.000 0.000 0.000 0.001 0.001 0.000 0.001 0.001 0.001 0.000 0.141 0.684 
 197   (0.025) 0.000 0.000 0.000 0.003 0.001 0.000 0.000 0.026 0.000 0.000 0.003 0.000 

Locus 8 : 
8 alleles
0.4% missing data
 213   (0.208) 0.321 0.470 0.439 0.004 0.123 0.347 0.003 0.082 0.126 0.400 0.098 0.043 
 207   (0.130) 0.480 0.165 0.006 0.516 0.094 0.005 0.165 0.003 0.005 0.001 0.207 0.002 
 215   (0.107) 0.008 0.001 0.118 0.002 0.097 0.003 0.002 0.268 0.003 0.162 0.073 0.076 
 209   (0.211) 0.185 0.003 0.178 0.006 0.602 0.158 0.092 0.039 0.071 0.011 0.418 0.716 
 211   (0.206) 0.003 0.002 0.257 0.471 0.015 0.124 0.636 0.459 0.745 0.425 0.149 0.162 
 205   (0.084) 0.001 0.358 0.002 0.002 0.003 0.363 0.102 0.148 0.048 0.001 0.013 0.001 
 217   (0.035) 0.001 0.000 0.000 0.000 0.065 0.000 0.000 0.001 0.001 0.000 0.035 0.000 
 199   (0.021) 0.000 0.000 0.000 0.000 0.000 0.000 0.000 0.000 0.000 0.000 0.007 0.000 

Locus 9 : 
7 alleles
0.3% missing data
 184   (0.127) 0.447 0.854 0.003 0.004 0.703 0.001 0.002 0.003 0.003 0.001 0.432 0.002 
 186   (0.313) 0.284 0.069 0.308 0.009 0.031 0.846 0.076 0.641 0.829 0.269 0.071 0.136 
 188   (0.341) 0.268 0.076 0.019 0.982 0.257 0.148 0.341 0.225 0.119 0.006 0.298 0.860 
 176   (0.085) 0.001 0.001 0.256 0.002 0.006 0.002 0.001 0.130 0.043 0.013 0.059 0.001 
 190   (0.082) 0.001 0.001 0.388 0.003 0.002 0.003 0.580 0.001 0.004 0.710 0.033 0.001 
 182   (0.029) 0.000 0.000 0.000 0.000 0.001 0.000 0.000 0.000 0.001 0.000 0.106 0.000 
 192   (0.024) 0.000 0.000 0.027 0.000 0.000 0.000 0.000 0.000 0.000 0.000 0.001 0.000 

Locus 10 : 
3 alleles
0.0% missing data
 220   (0.161) 0.636 0.349 0.002 0.003 0.124 0.002 0.092 0.003 0.003 0.001 0.344 0.840 
 217   (0.817) 0.364 0.651 0.998 0.997 0.875 0.998 0.825 0.997 0.996 0.999 0.655 0.160 
 223   (0.021) 0.000 0.000 0.000 0.000 0.000 0.000 0.083 0.000 0.000 0.000 0.001 0.000 

Locus 11 : 
6 alleles
0.0% missing data
 205   (0.226) 0.722 0.817 0.003 0.114 0.021 0.002 0.895 0.045 0.004 0.001 0.486 0.719 
 202   (0.183) 0.035 0.156 0.258 0.011 0.050 0.083 0.002 0.007 0.016 0.902 0.055 0.118 
 211   (0.472) 0.241 0.027 0.738 0.874 0.528 0.914 0.101 0.946 0.978 0.096 0.142 0.025 
 208   (0.058) 0.001 0.001 0.001 0.001 0.399 0.001 0.001 0.001 0.001 0.000 0.276 0.001 
 217   (0.031) 0.000 0.000 0.000 0.000 0.001 0.000 0.000 0.000 0.001 0.000 0.007 0.137 
 214   (0.030) 0.000 0.000 0.000 0.000 0.001 0.000 0.000 0.000 0.001 0.000 0.033 0.000 

Values of parameters used in structure:
DATAFILE=C:\Users\eschumacher\Documents\GitHub\GCC_QUAC_ZAIN\Data_Files\Structure_Files\ZAIN\ZAIN_rebinned_wild\project_data,	OUTFILE=C:\Users\eschumacher\Documents\GitHub\GCC_QUAC_ZAIN\Data_Files\Structure_Files\ZAIN\ZAIN_rebinned_wild\50-50\Results\50-50_run_57,	NUMINDS=751,	NUMLOCI=11,	MISSING=-9,	LABEL=1,	POPDATA=1,	POPFLAG=0,	PHENOTYPE=0,	EXTRACOLS=0,	MAXPOPS=12,	BURNIN=50000,	NUMREPS=50000,	USEPOPINFO=0,	INFERALPHA=1,	INFERLAMBDA=0,	POPSPECIFICLAMBDA=0,	POPALPHAS=0,	COMPUTEPROB=1,	NOADMIX=0,	ADMBURNIN=2500,	UPDATEFREQ=1,	PRINTLIKES=0,	INTERMEDSAVE=0,	PRINTKLD=0,	PRINTNET=0,	PRINTLAMBDA=0,	ANCESTDIST=0,	NUMBOXES=1000,	ANCESTPINT=0.90000,	GENSBACK=2,	MIGRPRIOR=0.05000,	PRINTQHAT=0,	PRINTQSUM=0,	ALPHA=1.0000,	FREQSCORR=1,	FPRIORMEAN=0.0100,	FPRIORSD=0.0500,	ONEFST=0,	LAMBDA=1.0000,	UNIFPRIORALPHA=1,	ALPHAMAX=10.0000,	ALPHAPRIORA=1.0000,	ALPHAPRIORB=2.0000,	ALPHAPROPSD=0.0250,	STARTATPOPINFO=0,	RANDOMIZE=1,	LINKAGE=0,	METROFREQ=10,	REPORTHITRATE=0,	MARKOVPHASE=-1,	PHASED=0,	PLOIDY=2,	PHASEINFO=0	LOCPRIOR=0, 	LOCPRIORINIT=1.000000, 	LOCDATA=0, 	LOCISPOP=0, 	LOCPRIORSTEP=0.100000, 	MAXLOCPRIOR=20.000000, 	SEED=1660249028,	
[STRAT parameters]:    NUMSIMSTATS=1000,	PHENOTYPECOL=-9,	POOLFREQ=10,	LOCUSxONLY=0,	EMERROR=0.00100,	MISSINGPHENO=-9,	