

----------------------------------------------------
STRUCTURE by Pritchard, Stephens and Donnelly (2000)
     and Falush, Stephens and Pritchard (2003)
       Code by Pritchard, Falush and Hubisz
             Version 2.3.4 (Jul 2012)
----------------------------------------------------



Command line arguments:   bin\structure -m C:\Users\eschumacher\Documents\GitHub\GCC_QUAC_ZAIN\Data_Files\Structure_Files\ZAIN\ZAIN_rebinned_wild\50-50\mainparams -e C:\Users\eschumacher\Documents\GitHub\GCC_QUAC_ZAIN\Data_Files\Structure_Files\ZAIN\ZAIN_rebinned_wild\50-50\extraparams 
Input File:    C:\Users\eschumacher\Documents\GitHub\GCC_QUAC_ZAIN\Data_Files\Structure_Files\ZAIN\ZAIN_rebinned_wild\project_data

Run parameters:
   751 individuals
   11 loci
   13 populations assumed
   50000 Burn-in period
   50000 Reps


--------------------------------------------
Proportion of membership of each pre-defined
 population in each of the 13 clusters

Given    Inferred Clusters                                                                             Number of
 Pop       1      2      3      4      5      6      7      8      9     10     11     12     13      Individuals

  1:     0.006  0.014  0.006  0.004  0.019  0.008  0.876  0.011  0.012  0.010  0.005  0.024  0.004       35
  2:     0.223  0.005  0.664  0.021  0.010  0.019  0.006  0.005  0.006  0.007  0.017  0.005  0.013       36
  3:     0.128  0.004  0.764  0.026  0.006  0.009  0.004  0.005  0.006  0.013  0.008  0.006  0.019       33
  4:     0.008  0.016  0.012  0.009  0.008  0.037  0.006  0.010  0.006  0.007  0.865  0.007  0.009       40
  5:     0.036  0.003  0.007  0.009  0.004  0.006  0.004  0.003  0.005  0.006  0.006  0.004  0.909       39
  6:     0.019  0.024  0.032  0.013  0.644  0.013  0.039  0.017  0.094  0.055  0.018  0.018  0.013       40
  7:     0.011  0.026  0.011  0.022  0.077  0.050  0.023  0.056  0.599  0.049  0.022  0.046  0.010       37
  8:     0.173  0.003  0.754  0.018  0.005  0.005  0.006  0.005  0.003  0.006  0.006  0.003  0.013       40
  9:     0.006  0.027  0.005  0.003  0.011  0.040  0.799  0.075  0.007  0.006  0.005  0.004  0.012       28
 10:     0.007  0.005  0.007  0.006  0.004  0.922  0.004  0.004  0.004  0.005  0.020  0.006  0.005       14
 11:     0.013  0.010  0.010  0.005  0.008  0.021  0.010  0.014  0.023  0.013  0.006  0.835  0.031       13
 12:     0.893  0.003  0.015  0.008  0.004  0.006  0.004  0.007  0.004  0.006  0.020  0.002  0.027       14
 13:     0.057  0.005  0.822  0.041  0.005  0.013  0.004  0.006  0.008  0.006  0.009  0.012  0.011       25
 14:     0.010  0.004  0.015  0.921  0.006  0.005  0.005  0.006  0.005  0.005  0.008  0.005  0.006       40
 15:     0.054  0.007  0.021  0.007  0.022  0.026  0.023  0.009  0.010  0.018  0.777  0.008  0.018       32
 16:     0.003  0.003  0.003  0.003  0.003  0.003  0.003  0.003  0.004  0.003  0.003  0.965  0.003       20
 17:     0.010  0.040  0.010  0.005  0.215  0.014  0.478  0.019  0.037  0.157  0.008  0.003  0.004        4
 18:     0.009  0.058  0.027  0.008  0.466  0.010  0.133  0.253  0.008  0.010  0.009  0.004  0.005       23
 19:     0.004  0.012  0.005  0.004  0.009  0.006  0.014  0.917  0.008  0.007  0.006  0.005  0.004       39
 20:     0.004  0.924  0.004  0.003  0.005  0.010  0.012  0.011  0.007  0.005  0.004  0.007  0.004       38
 21:     0.737  0.004  0.041  0.051  0.005  0.007  0.004  0.004  0.006  0.011  0.009  0.005  0.116       45
 22:     0.483  0.004  0.287  0.026  0.006  0.023  0.005  0.005  0.011  0.007  0.013  0.016  0.115       28
 23:     0.005  0.006  0.006  0.005  0.045  0.005  0.346  0.523  0.024  0.007  0.008  0.011  0.007        6
 24:     0.013  0.009  0.007  0.014  0.015  0.010  0.014  0.019  0.016  0.863  0.006  0.004  0.011       40
 25:     0.022  0.021  0.008  0.010  0.032  0.020  0.015  0.010  0.786  0.020  0.009  0.037  0.009       42
--------------------------------------------

Allele-freq. divergence among pops (Net nucleotide distance),
computed using point estimates of P.

      1       2       3       4       5       6       7       8       9      10      11      12      13      
 1      -    0.3012  0.0495  0.1250  0.1372  0.1915  0.2532  0.2786  0.1639  0.1330  0.1720  0.3678  0.1396  
 2   0.3012     -    0.2993  0.3573  0.1348  0.2403  0.1533  0.1767  0.1417  0.2384  0.2674  0.2232  0.3736  
 3   0.0495  0.2993     -    0.1135  0.1293  0.2083  0.2507  0.2786  0.2026  0.1779  0.2094  0.3799  0.2449  
 4   0.1250  0.3573  0.1135     -    0.1976  0.2821  0.3734  0.3913  0.2791  0.1888  0.2047  0.4602  0.2938  
 5   0.1372  0.1348  0.1293  0.1976     -    0.1830  0.0985  0.1178  0.0698  0.1189  0.1226  0.2650  0.2519  
 6   0.1915  0.2403  0.2083  0.2821  0.1830     -    0.2634  0.2839  0.1582  0.1878  0.1966  0.3212  0.2449  
 7   0.2532  0.1533  0.2507  0.3734  0.0985  0.2634     -    0.1045  0.1353  0.2270  0.2197  0.3102  0.2953  
 8   0.2786  0.1767  0.2786  0.3913  0.1178  0.2839  0.1045     -    0.1238  0.2069  0.1879  0.3671  0.3069  
 9   0.1639  0.1417  0.2026  0.2791  0.0698  0.1582  0.1353  0.1238     -    0.1165  0.1547  0.1812  0.1989  
10   0.1330  0.2384  0.1779  0.1888  0.1189  0.1878  0.2270  0.2069  0.1165     -    0.1864  0.3756  0.2496  
11   0.1720  0.2674  0.2094  0.2047  0.1226  0.1966  0.2197  0.1879  0.1547  0.1864     -    0.3509  0.1994  
12   0.3678  0.2232  0.3799  0.4602  0.2650  0.3212  0.3102  0.3671  0.1812  0.3756  0.3509     -    0.4509  
13   0.1396  0.3736  0.2449  0.2938  0.2519  0.2449  0.2953  0.3069  0.1989  0.2496  0.1994  0.4509     -    

Average distances (expected heterozygosity) between individuals in same cluster:
cluster  1  : 0.4286 
cluster  2  : 0.3766 
cluster  3  : 0.4028 
cluster  4  : 0.3606 
cluster  5  : 0.6105 
cluster  6  : 0.2408 
cluster  7  : 0.4670 
cluster  8  : 0.3064 
cluster  9  : 0.5334 
cluster 10  : 0.3857 
cluster 11  : 0.3963 
cluster 12  : 0.2517 
cluster 13  : 0.2278 

--------------------------------------------
Estimated Ln Prob of Data   = -13080.9
Mean value of ln likelihood = -12636.6
Variance of ln likelihood   = 888.5
Mean value of alpha         = 0.0317

Mean value of Fst_1         = 0.4367
Mean value of Fst_2         = 0.5454
Mean value of Fst_3         = 0.3963
Mean value of Fst_4         = 0.4618
Mean value of Fst_5         = 0.1302
Mean value of Fst_6         = 0.6451
Mean value of Fst_7         = 0.4530
Mean value of Fst_8         = 0.5015
Mean value of Fst_9         = 0.1394
Mean value of Fst_10         = 0.4244
Mean value of Fst_11         = 0.4103
Mean value of Fst_12         = 0.6262
Mean value of Fst_13         = 0.6742


Inferred ancestry of individuals:
        Label (%Miss) Pop:  Inferred clusters
  1    ZFB01    (0)    1 :  0.003 0.006 0.004 0.003 0.004 0.002 0.952 0.009 0.003 0.003 0.004 0.005 0.003 
  2    ZFB02    (0)    1 :  0.003 0.076 0.004 0.003 0.018 0.007 0.836 0.014 0.007 0.004 0.011 0.014 0.002 
  3    ZFB03    (0)    1 :  0.015 0.008 0.009 0.002 0.016 0.005 0.866 0.020 0.017 0.011 0.007 0.003 0.022 
  4    ZFB04    (0)    1 :  0.003 0.038 0.004 0.003 0.013 0.008 0.896 0.007 0.005 0.004 0.005 0.012 0.002 
  5    ZFB05    (0)    1 :  0.005 0.054 0.003 0.011 0.007 0.039 0.704 0.010 0.035 0.030 0.007 0.088 0.009 
  6    ZFB06    (0)    1 :  0.005 0.020 0.003 0.011 0.008 0.019 0.775 0.010 0.040 0.023 0.007 0.073 0.008 
  7    ZFB07    (9)    1 :  0.005 0.005 0.006 0.006 0.013 0.006 0.802 0.078 0.047 0.013 0.004 0.011 0.004 
  8    ZFB08    (0)    1 :  0.009 0.012 0.010 0.008 0.011 0.010 0.872 0.026 0.006 0.022 0.007 0.002 0.005 
  9    ZFB09    (0)    1 :  0.003 0.005 0.003 0.002 0.008 0.003 0.954 0.007 0.003 0.004 0.004 0.003 0.003 
 10    ZFB10    (0)    1 :  0.009 0.007 0.015 0.006 0.014 0.007 0.917 0.004 0.004 0.005 0.005 0.004 0.003 
 11    ZFB11    (0)    1 :  0.003 0.006 0.005 0.003 0.007 0.004 0.946 0.004 0.003 0.003 0.004 0.010 0.002 
 12    ZFB12    (0)    1 :  0.006 0.019 0.006 0.003 0.013 0.003 0.884 0.005 0.011 0.020 0.004 0.021 0.004 
 13    ZFB13    (0)    1 :  0.008 0.015 0.011 0.007 0.030 0.013 0.879 0.007 0.007 0.011 0.004 0.003 0.005 
 14    ZFB14    (0)    1 :  0.003 0.005 0.005 0.003 0.009 0.004 0.947 0.006 0.004 0.004 0.004 0.003 0.003 
 15    ZFB15    (0)    1 :  0.002 0.009 0.002 0.002 0.005 0.003 0.953 0.007 0.003 0.003 0.002 0.006 0.002 
 16    ZFB16    (0)    1 :  0.006 0.018 0.007 0.004 0.010 0.012 0.916 0.005 0.004 0.009 0.003 0.004 0.003 
 17    ZFB17    (0)    1 :  0.009 0.009 0.007 0.008 0.019 0.029 0.839 0.006 0.007 0.029 0.014 0.021 0.002 
 18    ZFB18    (0)    1 :  0.002 0.003 0.003 0.002 0.007 0.002 0.961 0.004 0.003 0.003 0.004 0.003 0.002 
 19    ZFB19    (0)    1 :  0.026 0.010 0.034 0.008 0.324 0.006 0.470 0.032 0.038 0.037 0.004 0.005 0.007 
 20    ZFB20    (0)    1 :  0.005 0.033 0.007 0.005 0.011 0.020 0.880 0.005 0.005 0.008 0.003 0.015 0.002 
 21    ZFB21    (0)    1 :  0.003 0.007 0.002 0.002 0.003 0.004 0.953 0.007 0.005 0.003 0.003 0.005 0.003 
 22    ZFB22    (0)    1 :  0.009 0.024 0.006 0.009 0.012 0.005 0.880 0.005 0.008 0.010 0.007 0.021 0.002 
 23    ZFB23    (0)    1 :  0.003 0.005 0.004 0.002 0.006 0.005 0.944 0.003 0.004 0.003 0.003 0.014 0.003 
 24    ZFB24    (0)    1 :  0.003 0.010 0.004 0.002 0.005 0.006 0.938 0.005 0.004 0.003 0.003 0.016 0.002 
 25    ZFB25    (0)    1 :  0.005 0.003 0.007 0.003 0.004 0.003 0.956 0.003 0.003 0.002 0.004 0.004 0.003 
 26    ZFB26    (0)    1 :  0.005 0.007 0.007 0.003 0.003 0.009 0.922 0.004 0.005 0.003 0.004 0.025 0.003 
 27    ZFB27    (0)    1 :  0.003 0.007 0.004 0.002 0.004 0.003 0.908 0.005 0.004 0.002 0.003 0.053 0.002 
 28    ZFB28    (0)    1 :  0.005 0.011 0.005 0.003 0.016 0.010 0.782 0.004 0.023 0.011 0.007 0.119 0.004 
 29    ZFB29    (0)    1 :  0.002 0.009 0.003 0.002 0.007 0.007 0.943 0.004 0.004 0.003 0.005 0.009 0.002 
 30    ZFB30    (0)    1 :  0.005 0.007 0.003 0.012 0.007 0.004 0.639 0.024 0.075 0.015 0.003 0.199 0.006 
 31    ZFB31    (0)    1 :  0.006 0.004 0.007 0.003 0.010 0.003 0.940 0.006 0.004 0.003 0.004 0.006 0.003 
 32    ZFB32    (0)    1 :  0.008 0.014 0.009 0.004 0.016 0.018 0.783 0.007 0.023 0.032 0.018 0.061 0.007 
 33    ZFB33    (0)    1 :  0.002 0.007 0.003 0.002 0.004 0.003 0.957 0.006 0.003 0.003 0.003 0.005 0.002 
 34    ZFB34    (0)    1 :  0.003 0.005 0.003 0.003 0.006 0.004 0.941 0.016 0.004 0.004 0.005 0.003 0.003 
 35    ZFB35    (0)    1 :  0.004 0.008 0.005 0.003 0.005 0.005 0.935 0.012 0.005 0.004 0.005 0.004 0.004 
 36  ZFBP101    (0)    2 :  0.546 0.010 0.219 0.037 0.015 0.082 0.009 0.004 0.006 0.011 0.044 0.003 0.014 
 37  ZFBP102    (0)    2 :  0.556 0.016 0.316 0.012 0.015 0.033 0.013 0.005 0.010 0.007 0.009 0.003 0.004 
 38  ZFBP103    (0)    2 :  0.757 0.009 0.054 0.012 0.012 0.040 0.007 0.003 0.006 0.007 0.075 0.002 0.014 
 39  ZFBP104    (0)    2 :  0.661 0.010 0.212 0.007 0.017 0.005 0.017 0.021 0.012 0.027 0.004 0.003 0.006 
 40  ZFBP105    (0)    2 :  0.194 0.004 0.735 0.005 0.007 0.007 0.006 0.005 0.006 0.008 0.005 0.005 0.013 
 41  ZFBP106    (0)    2 :  0.141 0.003 0.790 0.010 0.003 0.012 0.003 0.004 0.004 0.005 0.006 0.003 0.016 
 42  ZFBP107    (0)    2 :  0.472 0.007 0.396 0.005 0.006 0.034 0.007 0.004 0.014 0.007 0.005 0.027 0.015 
 43  ZFBP108    (0)    2 :  0.010 0.003 0.953 0.004 0.003 0.004 0.002 0.003 0.004 0.003 0.003 0.003 0.006 
 44  ZFBP109    (0)    2 :  0.017 0.002 0.938 0.005 0.009 0.003 0.004 0.004 0.004 0.004 0.004 0.002 0.004 
 45  ZFBP110    (0)    2 :  0.412 0.008 0.281 0.006 0.081 0.030 0.040 0.008 0.019 0.009 0.021 0.003 0.082 
 46  ZFBP111    (0)    2 :  0.562 0.003 0.284 0.106 0.003 0.004 0.003 0.003 0.004 0.014 0.004 0.003 0.008 
 47  ZFBP112    (0)    2 :  0.021 0.004 0.864 0.040 0.005 0.016 0.003 0.004 0.004 0.008 0.015 0.006 0.011 
 48  ZFBP113    (0)    2 :  0.015 0.003 0.942 0.004 0.005 0.004 0.003 0.004 0.004 0.007 0.003 0.004 0.003 
 49  ZFBP114    (0)    2 :  0.208 0.004 0.709 0.010 0.004 0.024 0.003 0.004 0.009 0.003 0.006 0.012 0.005 
 50  ZFBP115    (0)    2 :  0.831 0.003 0.102 0.011 0.004 0.009 0.002 0.003 0.004 0.007 0.008 0.003 0.014 
 51  ZFBP116    (0)    2 :  0.042 0.003 0.908 0.006 0.004 0.005 0.003 0.003 0.005 0.008 0.004 0.004 0.006 
 52  ZFBP117    (0)    2 :  0.014 0.002 0.940 0.007 0.005 0.005 0.003 0.003 0.004 0.004 0.007 0.002 0.006 
 53  ZFBP118    (0)    2 :  0.083 0.004 0.832 0.014 0.003 0.021 0.003 0.003 0.012 0.004 0.004 0.014 0.004 
 54  ZFBP119    (0)    2 :  0.408 0.003 0.474 0.019 0.006 0.016 0.003 0.004 0.005 0.015 0.026 0.002 0.019 
 55  ZFBP120    (0)    2 :  0.250 0.004 0.685 0.005 0.006 0.005 0.006 0.006 0.006 0.008 0.004 0.004 0.011 
 56  ZFBP121    (0)    2 :  0.036 0.003 0.907 0.005 0.005 0.007 0.005 0.005 0.004 0.004 0.008 0.003 0.008 
 57  ZFBP122    (9)    2 :  0.059 0.003 0.885 0.011 0.004 0.006 0.003 0.004 0.004 0.007 0.004 0.003 0.007 
 58  ZFBP123    (0)    2 :  0.015 0.005 0.887 0.014 0.005 0.037 0.003 0.004 0.004 0.009 0.007 0.006 0.005 
 59  ZFBP124    (0)    2 :  0.015 0.003 0.937 0.004 0.004 0.007 0.004 0.006 0.003 0.004 0.004 0.004 0.004 
 60  ZFBP125    (0)    2 :  0.029 0.002 0.916 0.015 0.004 0.006 0.002 0.002 0.003 0.004 0.006 0.002 0.008 
 61  ZFBP126    (0)    2 :  0.119 0.015 0.749 0.007 0.028 0.021 0.009 0.004 0.011 0.016 0.015 0.003 0.003 
 62  ZFBP127    (0)    2 :  0.178 0.003 0.681 0.005 0.004 0.006 0.003 0.004 0.005 0.004 0.020 0.002 0.085 
 63  ZFBP128    (0)    2 :  0.026 0.002 0.881 0.029 0.004 0.008 0.003 0.003 0.003 0.004 0.017 0.002 0.017 
 64  ZFBP129    (0)    2 :  0.008 0.003 0.810 0.128 0.007 0.007 0.004 0.006 0.005 0.005 0.009 0.002 0.006 
 65  ZFBP130    (0)    2 :  0.041 0.002 0.823 0.059 0.004 0.010 0.002 0.002 0.003 0.010 0.027 0.004 0.012 
 66  ZFBP131    (0)    2 :  0.005 0.003 0.955 0.004 0.004 0.003 0.003 0.004 0.003 0.005 0.003 0.004 0.003 
 67  ZFBP132    (0)    2 :  0.014 0.003 0.941 0.003 0.004 0.004 0.004 0.003 0.003 0.003 0.004 0.003 0.013 
 68  ZFBP133    (0)    2 :  0.008 0.002 0.878 0.079 0.005 0.003 0.002 0.004 0.002 0.005 0.007 0.002 0.003 
 69  ZFBP134    (0)    2 :  0.888 0.003 0.049 0.011 0.005 0.003 0.004 0.003 0.003 0.011 0.011 0.003 0.006 
 70  ZFBP135    (0)    2 :  0.164 0.006 0.490 0.018 0.038 0.054 0.013 0.006 0.006 0.006 0.179 0.002 0.017 
 71  ZFBP136    (0)    2 :  0.224 0.005 0.487 0.033 0.006 0.153 0.003 0.003 0.004 0.008 0.047 0.009 0.016 
 72  ZFBP201    (0)    3 :  0.018 0.004 0.916 0.005 0.007 0.005 0.005 0.005 0.005 0.007 0.005 0.008 0.011 
 73  ZFBP202    (0)    3 :  0.033 0.003 0.909 0.007 0.005 0.005 0.005 0.007 0.004 0.006 0.004 0.003 0.009 
 74  ZFBP203    (0)    3 :  0.026 0.018 0.790 0.020 0.012 0.008 0.005 0.006 0.023 0.028 0.004 0.054 0.005 
 75  ZFBP204    (0)    3 :  0.231 0.004 0.646 0.019 0.006 0.036 0.004 0.004 0.006 0.009 0.012 0.005 0.017 
 76  ZFBP205    (0)    3 :  0.008 0.004 0.937 0.009 0.004 0.010 0.002 0.003 0.003 0.005 0.007 0.005 0.003 
 77  ZFBP206    (0)    3 :  0.008 0.005 0.878 0.036 0.004 0.025 0.003 0.006 0.004 0.011 0.009 0.007 0.004 
 78  ZFBP207    (0)    3 :  0.295 0.003 0.575 0.008 0.006 0.008 0.004 0.004 0.004 0.004 0.013 0.004 0.072 
 79  ZFBP208    (0)    3 :  0.009 0.006 0.909 0.008 0.005 0.013 0.003 0.004 0.006 0.015 0.005 0.014 0.003 
 80  ZFBP209    (0)    3 :  0.009 0.002 0.910 0.046 0.004 0.003 0.002 0.003 0.002 0.005 0.009 0.002 0.003 
 81  ZFBP210    (0)    3 :  0.020 0.006 0.903 0.010 0.005 0.006 0.004 0.004 0.005 0.011 0.004 0.010 0.011 
 82  ZFBP211    (0)    3 :  0.010 0.003 0.935 0.004 0.004 0.008 0.005 0.006 0.004 0.006 0.004 0.003 0.009 
 83  ZFBP212    (0)    3 :  0.222 0.003 0.702 0.005 0.003 0.003 0.007 0.004 0.004 0.003 0.002 0.003 0.039 
 84  ZFBP213    (0)    3 :  0.010 0.005 0.891 0.011 0.006 0.024 0.004 0.013 0.005 0.008 0.008 0.004 0.011 
 85  ZFBP214    (0)    3 :  0.034 0.004 0.678 0.092 0.025 0.018 0.006 0.016 0.007 0.042 0.037 0.004 0.036 
 86  ZFBP215    (0)    3 :  0.010 0.003 0.946 0.007 0.004 0.005 0.003 0.004 0.003 0.004 0.005 0.002 0.005 
 87  ZFBP216    (0)    3 :  0.116 0.006 0.793 0.006 0.007 0.006 0.004 0.004 0.010 0.030 0.005 0.007 0.006 
 88  ZFBP217    (0)    3 :  0.119 0.003 0.591 0.183 0.007 0.004 0.006 0.007 0.006 0.022 0.007 0.004 0.041 
 89  ZFBP218    (0)    3 :  0.018 0.002 0.941 0.009 0.003 0.003 0.002 0.003 0.003 0.006 0.003 0.003 0.003 
 90  ZFBP219    (0)    3 :  0.011 0.003 0.948 0.004 0.004 0.004 0.003 0.003 0.004 0.006 0.003 0.004 0.003 
 91  ZFBP220    (0)    3 :  0.333 0.003 0.563 0.039 0.005 0.007 0.003 0.003 0.004 0.007 0.017 0.004 0.015 
 92  ZFBP221    (0)    3 :  0.503 0.003 0.451 0.007 0.004 0.002 0.003 0.004 0.003 0.005 0.003 0.003 0.007 
 93  ZFBP222    (0)    3 :  0.007 0.004 0.933 0.009 0.007 0.005 0.003 0.005 0.004 0.008 0.007 0.005 0.003 
 94  ZFBP223    (0)    3 :  0.166 0.004 0.583 0.009 0.007 0.009 0.008 0.006 0.006 0.005 0.008 0.006 0.184 
 95  ZFBP224    (0)    3 :  0.011 0.004 0.924 0.005 0.006 0.013 0.003 0.007 0.005 0.008 0.005 0.004 0.005 
 96  ZFBP225    (0)    3 :  0.490 0.005 0.212 0.206 0.007 0.010 0.003 0.003 0.006 0.015 0.013 0.012 0.018 
 97  ZFBP226    (0)    3 :  0.028 0.004 0.928 0.004 0.004 0.004 0.003 0.003 0.004 0.005 0.003 0.004 0.005 
 98  ZFBP227    (0)    3 :  0.405 0.010 0.364 0.006 0.017 0.009 0.009 0.018 0.026 0.117 0.005 0.004 0.008 
 99  ZFBP228    (0)    3 :  0.566 0.003 0.327 0.007 0.005 0.005 0.004 0.005 0.004 0.004 0.016 0.003 0.052 
100  ZFBP229    (0)    3 :  0.068 0.002 0.873 0.019 0.005 0.003 0.002 0.002 0.003 0.007 0.006 0.003 0.004 
101  ZFBP230    (0)    3 :  0.403 0.003 0.490 0.031 0.006 0.007 0.003 0.003 0.004 0.010 0.026 0.003 0.009 
102  ZFBP231    (0)    3 :  0.011 0.004 0.928 0.004 0.005 0.015 0.005 0.005 0.004 0.005 0.005 0.004 0.007 
103  ZFBP232    (0)    3 :  0.009 0.003 0.951 0.006 0.003 0.005 0.003 0.003 0.002 0.004 0.004 0.003 0.004 
104  ZFBP233    (0)    3 :  0.024 0.004 0.901 0.016 0.005 0.008 0.006 0.007 0.005 0.012 0.005 0.004 0.005 
105   ZFCC01    (0)    4 :  0.003 0.007 0.004 0.004 0.005 0.009 0.005 0.019 0.004 0.005 0.928 0.004 0.004 
106   ZFCC03    (0)    4 :  0.003 0.003 0.004 0.004 0.004 0.005 0.003 0.006 0.003 0.003 0.952 0.002 0.008 
107   ZFCC04    (0)    4 :  0.004 0.004 0.003 0.005 0.004 0.012 0.004 0.006 0.004 0.005 0.939 0.004 0.005 
108   ZFCC05    (0)    4 :  0.006 0.006 0.007 0.006 0.005 0.049 0.005 0.012 0.008 0.010 0.865 0.005 0.016 
109   ZFCC08    (0)    4 :  0.009 0.003 0.011 0.017 0.005 0.009 0.002 0.008 0.003 0.008 0.918 0.002 0.004 
110   ZFCC09    (0)    4 :  0.004 0.004 0.003 0.003 0.003 0.006 0.004 0.012 0.004 0.003 0.944 0.003 0.007 
111   ZFCC10    (0)    4 :  0.003 0.004 0.004 0.003 0.004 0.010 0.004 0.042 0.004 0.003 0.912 0.004 0.004 
112   ZFCC11    (0)    4 :  0.004 0.004 0.005 0.004 0.004 0.008 0.004 0.011 0.004 0.005 0.934 0.004 0.010 
113   ZFCC12    (0)    4 :  0.008 0.130 0.006 0.005 0.022 0.033 0.006 0.018 0.012 0.009 0.739 0.004 0.008 
114   ZFCC13    (0)    4 :  0.010 0.005 0.008 0.007 0.004 0.007 0.004 0.005 0.006 0.013 0.912 0.009 0.009 
115   ZFCC14    (0)    4 :  0.004 0.004 0.008 0.006 0.012 0.026 0.008 0.008 0.005 0.004 0.903 0.006 0.004 
116   ZFCC15    (0)    4 :  0.004 0.005 0.003 0.004 0.004 0.006 0.003 0.005 0.005 0.009 0.943 0.005 0.004 
117   ZFCC16    (0)    4 :  0.003 0.006 0.003 0.004 0.005 0.017 0.004 0.006 0.004 0.005 0.936 0.003 0.004 
118   ZFCC17    (0)    4 :  0.003 0.010 0.003 0.003 0.004 0.049 0.005 0.006 0.006 0.004 0.891 0.008 0.006 
119   ZFCC18    (0)    4 :  0.004 0.004 0.005 0.005 0.004 0.007 0.003 0.009 0.004 0.005 0.938 0.004 0.009 
120   ZFCC19    (0)    4 :  0.003 0.006 0.003 0.003 0.006 0.010 0.004 0.004 0.006 0.007 0.939 0.008 0.003 
121   ZFCC20    (0)    4 :  0.005 0.005 0.003 0.005 0.004 0.012 0.004 0.005 0.004 0.007 0.937 0.003 0.007 
122   ZFCC21    (0)    4 :  0.015 0.004 0.037 0.033 0.041 0.013 0.005 0.005 0.005 0.035 0.796 0.007 0.003 
123   ZFCC22    (0)    4 :  0.072 0.003 0.179 0.047 0.005 0.012 0.003 0.015 0.003 0.009 0.639 0.006 0.007 
124   ZFCC26    (0)    4 :  0.003 0.005 0.003 0.004 0.005 0.008 0.004 0.005 0.003 0.004 0.949 0.003 0.004 
125   ZFCC27    (0)    4 :  0.003 0.003 0.003 0.003 0.003 0.005 0.003 0.004 0.003 0.003 0.957 0.003 0.006 
126   ZFCC29    (0)    4 :  0.005 0.007 0.004 0.005 0.006 0.017 0.008 0.006 0.005 0.011 0.918 0.003 0.005 
127   ZFCC30    (0)    4 :  0.004 0.003 0.003 0.005 0.003 0.007 0.003 0.003 0.003 0.004 0.949 0.003 0.010 
128   ZFCC32    (0)    4 :  0.005 0.008 0.004 0.005 0.004 0.010 0.003 0.008 0.005 0.013 0.923 0.006 0.005 
129   ZFCC33    (0)    4 :  0.004 0.005 0.004 0.004 0.008 0.328 0.010 0.007 0.008 0.005 0.604 0.005 0.008 
130   ZFCC34    (0)    4 :  0.051 0.031 0.062 0.019 0.010 0.051 0.027 0.023 0.007 0.008 0.619 0.009 0.085 
131   ZFCC35    (0)    4 :  0.004 0.002 0.003 0.004 0.003 0.007 0.002 0.004 0.003 0.003 0.956 0.004 0.004 
132   ZFCC36    (0)    4 :  0.008 0.007 0.007 0.010 0.005 0.012 0.004 0.005 0.006 0.016 0.899 0.017 0.004 
133   ZFCC37    (0)    4 :  0.008 0.091 0.009 0.006 0.035 0.038 0.008 0.028 0.013 0.011 0.741 0.004 0.008 
134   ZFCC40    (0)    4 :  0.004 0.004 0.006 0.003 0.005 0.012 0.004 0.008 0.004 0.003 0.929 0.014 0.003 
135   ZFCC42    (0)    4 :  0.011 0.176 0.004 0.006 0.022 0.526 0.038 0.007 0.029 0.005 0.057 0.075 0.044 
136   ZFCC44    (0)    4 :  0.003 0.003 0.003 0.003 0.003 0.015 0.003 0.003 0.004 0.002 0.940 0.008 0.010 
137   ZFCC45    (9)    4 :  0.005 0.012 0.005 0.003 0.009 0.044 0.008 0.020 0.019 0.007 0.839 0.018 0.009 
138   ZFCC46    (0)    4 :  0.016 0.003 0.011 0.034 0.005 0.015 0.003 0.003 0.003 0.007 0.884 0.004 0.010 
139   ZFCC47    (0)    4 :  0.007 0.056 0.005 0.007 0.008 0.008 0.006 0.023 0.005 0.006 0.861 0.003 0.006 
140   ZFCC48    (0)    4 :  0.010 0.003 0.027 0.041 0.020 0.014 0.004 0.005 0.003 0.010 0.855 0.004 0.003 
141   ZFCC50    (0)    4 :  0.003 0.005 0.003 0.004 0.004 0.010 0.004 0.005 0.004 0.003 0.949 0.004 0.003 
142   ZFCC51    (0)    4 :  0.003 0.003 0.003 0.003 0.004 0.004 0.004 0.006 0.003 0.003 0.954 0.002 0.008 
143   ZFCC52    (0)    4 :  0.011 0.006 0.015 0.014 0.005 0.038 0.004 0.005 0.004 0.009 0.876 0.007 0.006 
144   ZFCC53    (0)    4 :  0.003 0.003 0.003 0.003 0.003 0.004 0.003 0.005 0.003 0.003 0.958 0.003 0.006 
145  ZFCNS01    (0)    5 :  0.026 0.009 0.005 0.003 0.007 0.003 0.002 0.002 0.030 0.050 0.007 0.026 0.829 
146  ZFCNS02    (0)    5 :  0.005 0.002 0.003 0.004 0.002 0.004 0.002 0.003 0.003 0.003 0.004 0.002 0.963 
147  ZFCNS05    (0)    5 :  0.008 0.003 0.006 0.005 0.003 0.005 0.005 0.005 0.003 0.005 0.007 0.002 0.942 
148  ZFCNS06    (0)    5 :  0.005 0.002 0.004 0.004 0.002 0.003 0.003 0.003 0.003 0.003 0.005 0.002 0.961 
149  ZFCNS07    (0)    5 :  0.006 0.002 0.006 0.009 0.003 0.003 0.003 0.003 0.003 0.004 0.003 0.002 0.954 
150  ZFCNS10    (0)    5 :  0.018 0.002 0.008 0.005 0.003 0.003 0.003 0.003 0.003 0.003 0.004 0.004 0.940 
151  ZFCNS11    (0)    5 :  0.014 0.007 0.005 0.004 0.005 0.003 0.002 0.003 0.014 0.022 0.007 0.012 0.902 
152  ZFCNS15    (0)    5 :  0.041 0.003 0.014 0.007 0.004 0.006 0.003 0.003 0.004 0.004 0.003 0.002 0.907 
153  ZFCNS17    (0)    5 :  0.004 0.002 0.004 0.004 0.002 0.004 0.002 0.003 0.003 0.003 0.005 0.002 0.962 
154  ZFCNS18    (0)    5 :  0.015 0.002 0.009 0.004 0.002 0.003 0.004 0.003 0.003 0.003 0.005 0.004 0.944 
155  ZFCNS19    (0)    5 :  0.004 0.002 0.003 0.004 0.002 0.003 0.003 0.003 0.003 0.003 0.004 0.002 0.964 
156  ZFCNS20    (0)    5 :  0.012 0.003 0.013 0.014 0.004 0.007 0.003 0.003 0.003 0.005 0.004 0.002 0.927 
157  ZFCNS21    (0)    5 :  0.005 0.002 0.003 0.003 0.002 0.003 0.002 0.003 0.003 0.003 0.004 0.002 0.965 
158  ZFCNS22    (0)    5 :  0.010 0.003 0.010 0.005 0.004 0.006 0.005 0.005 0.003 0.005 0.005 0.002 0.936 
159  ZFCNS23    (0)    5 :  0.005 0.008 0.005 0.011 0.005 0.025 0.004 0.005 0.009 0.011 0.012 0.012 0.890 
160  ZFCNS24    (0)    5 :  0.009 0.003 0.006 0.006 0.003 0.010 0.002 0.003 0.003 0.004 0.007 0.002 0.942 
161  ZFCNS25    (0)    5 :  0.014 0.003 0.010 0.009 0.004 0.008 0.002 0.003 0.003 0.004 0.005 0.002 0.933 
162  ZFCNS26    (0)    5 :  0.008 0.002 0.004 0.003 0.002 0.003 0.003 0.003 0.003 0.003 0.003 0.002 0.960 
163  ZFCNS27    (0)    5 :  0.062 0.003 0.018 0.008 0.004 0.006 0.003 0.003 0.003 0.004 0.004 0.002 0.880 
164  ZFCNS28    (0)    5 :  0.005 0.002 0.004 0.004 0.002 0.003 0.003 0.003 0.003 0.003 0.004 0.002 0.961 
165  ZFCNS29    (0)    5 :  0.008 0.003 0.007 0.004 0.004 0.006 0.003 0.004 0.003 0.004 0.007 0.002 0.943 
166  ZFCNS30    (0)    5 :  0.008 0.003 0.005 0.003 0.003 0.006 0.004 0.005 0.004 0.005 0.006 0.002 0.948 
167  ZFCNS31    (0)    5 :  0.005 0.002 0.003 0.004 0.003 0.003 0.003 0.003 0.003 0.003 0.003 0.002 0.963 
168  ZFCNS32    (0)    5 :  0.009 0.003 0.005 0.006 0.003 0.006 0.003 0.004 0.003 0.004 0.004 0.002 0.948 
169  ZFCNS33    (0)    5 :  0.005 0.002 0.003 0.004 0.002 0.003 0.003 0.003 0.002 0.003 0.004 0.002 0.964 
170  ZFCNS34    (0)    5 :  0.006 0.003 0.005 0.004 0.003 0.007 0.003 0.004 0.003 0.005 0.011 0.002 0.945 
171  ZFCNS35    (0)    5 :  0.029 0.003 0.013 0.004 0.011 0.003 0.023 0.009 0.003 0.003 0.009 0.002 0.886 
172  ZFCNS36    (0)    5 :  0.008 0.003 0.005 0.008 0.003 0.009 0.003 0.003 0.003 0.004 0.009 0.002 0.941 
173  ZFCNS37    (0)    5 :  0.107 0.002 0.006 0.009 0.004 0.006 0.003 0.004 0.010 0.005 0.004 0.002 0.838 
174  ZFCNS39    (0)    5 :  0.024 0.002 0.007 0.023 0.005 0.007 0.002 0.002 0.005 0.013 0.016 0.004 0.888 
175  ZFCNS40    (0)    5 :  0.130 0.003 0.009 0.122 0.004 0.011 0.002 0.003 0.006 0.008 0.022 0.003 0.677 
176  ZFCNS41    (0)    5 :  0.678 0.004 0.013 0.005 0.008 0.010 0.005 0.006 0.008 0.010 0.018 0.004 0.231 
177  ZFCNS42    (0)    5 :  0.007 0.002 0.004 0.003 0.003 0.003 0.003 0.003 0.003 0.003 0.003 0.002 0.962 
178  ZFCNS43    (0)    5 :  0.005 0.002 0.003 0.003 0.002 0.003 0.002 0.003 0.003 0.003 0.004 0.002 0.965 
179  ZFCNS44    (0)    5 :  0.018 0.002 0.007 0.003 0.002 0.003 0.003 0.002 0.003 0.002 0.005 0.004 0.945 
180  ZFCNS46    (0)    5 :  0.008 0.003 0.006 0.004 0.003 0.006 0.003 0.004 0.004 0.005 0.005 0.002 0.948 
181  ZFCNS47    (0)    5 :  0.005 0.002 0.003 0.003 0.002 0.003 0.003 0.003 0.003 0.003 0.004 0.002 0.965 
182  ZFCNS48    (0)    5 :  0.036 0.002 0.012 0.005 0.003 0.005 0.004 0.004 0.003 0.004 0.007 0.004 0.909 
183  ZFCNS49    (0)    5 :  0.050 0.002 0.011 0.004 0.003 0.003 0.004 0.003 0.003 0.003 0.003 0.004 0.909 
184   ZFCR01    (0)    6 :  0.004 0.016 0.010 0.006 0.859 0.003 0.007 0.022 0.054 0.004 0.007 0.007 0.002 
185   ZFCR02    (0)    6 :  0.005 0.007 0.009 0.008 0.896 0.011 0.014 0.005 0.009 0.004 0.019 0.009 0.005 
186   ZFCR03    (0)    6 :  0.005 0.033 0.014 0.008 0.785 0.057 0.018 0.010 0.011 0.013 0.013 0.028 0.003 
187   ZFCR04    (0)    6 :  0.023 0.014 0.014 0.019 0.580 0.006 0.163 0.068 0.051 0.013 0.016 0.024 0.009 
188   ZFCR05    (0)    6 :  0.004 0.008 0.004 0.003 0.903 0.004 0.008 0.019 0.015 0.012 0.011 0.007 0.003 
189   ZFCR06    (0)    6 :  0.025 0.006 0.021 0.010 0.810 0.006 0.017 0.011 0.015 0.005 0.012 0.003 0.059 
190   ZFCR07    (0)    6 :  0.041 0.018 0.009 0.004 0.452 0.060 0.042 0.010 0.167 0.101 0.014 0.007 0.075 
191   ZFCR08    (0)    6 :  0.015 0.027 0.024 0.040 0.198 0.042 0.021 0.089 0.410 0.007 0.090 0.034 0.005 
192   ZFCR09    (0)    6 :  0.063 0.157 0.053 0.015 0.458 0.023 0.068 0.012 0.032 0.016 0.025 0.066 0.012 
193   ZFCR11    (0)    6 :  0.036 0.014 0.015 0.003 0.831 0.005 0.026 0.014 0.020 0.015 0.006 0.005 0.009 
194   ZFCR12    (0)    6 :  0.047 0.003 0.010 0.015 0.765 0.007 0.006 0.004 0.008 0.015 0.008 0.003 0.108 
195   ZFCR13    (0)    6 :  0.012 0.004 0.090 0.005 0.261 0.006 0.035 0.006 0.290 0.271 0.009 0.003 0.008 
196   ZFCR14    (0)    6 :  0.009 0.005 0.008 0.011 0.875 0.005 0.016 0.010 0.013 0.028 0.009 0.005 0.006 
197   ZFCR15    (0)    6 :  0.017 0.005 0.022 0.031 0.756 0.008 0.040 0.018 0.060 0.017 0.011 0.011 0.005 
198   ZFCR16    (0)    6 :  0.006 0.004 0.016 0.014 0.887 0.004 0.015 0.007 0.024 0.009 0.008 0.003 0.003 
199   ZFCR18    (0)    6 :  0.006 0.006 0.008 0.005 0.610 0.028 0.288 0.008 0.012 0.007 0.011 0.004 0.006 
200   ZFCR19    (0)    6 :  0.013 0.072 0.017 0.049 0.773 0.005 0.032 0.006 0.005 0.008 0.010 0.004 0.006 
201   ZFCR20    (0)    6 :  0.008 0.027 0.024 0.007 0.782 0.033 0.025 0.027 0.016 0.034 0.006 0.005 0.005 
202   ZFCR21    (0)    6 :  0.006 0.004 0.005 0.011 0.914 0.007 0.004 0.004 0.009 0.020 0.011 0.003 0.004 
203   ZFCR22    (0)    6 :  0.006 0.005 0.005 0.013 0.886 0.007 0.007 0.002 0.007 0.050 0.005 0.004 0.003 
204   ZFCR23    (0)    6 :  0.042 0.011 0.040 0.006 0.700 0.004 0.010 0.004 0.074 0.047 0.003 0.054 0.005 
205   ZFCR24    (9)    6 :  0.012 0.062 0.518 0.007 0.085 0.010 0.081 0.031 0.082 0.098 0.007 0.005 0.004 
206   ZFCR25    (0)    6 :  0.005 0.009 0.004 0.004 0.918 0.006 0.007 0.010 0.014 0.014 0.005 0.002 0.003 
207   ZFCR26    (0)    6 :  0.010 0.085 0.016 0.016 0.587 0.007 0.004 0.009 0.014 0.228 0.015 0.004 0.005 
208   ZFCR27    (9)    6 :  0.003 0.046 0.003 0.003 0.472 0.003 0.011 0.017 0.396 0.033 0.005 0.004 0.003 
209   ZFCR28    (0)    6 :  0.021 0.004 0.058 0.045 0.705 0.008 0.004 0.005 0.100 0.006 0.010 0.006 0.028 
210   ZFCR29    (0)    6 :  0.004 0.009 0.004 0.004 0.933 0.003 0.007 0.005 0.004 0.015 0.004 0.003 0.002 
211   ZFCR30    (0)    6 :  0.011 0.009 0.006 0.008 0.873 0.008 0.006 0.007 0.011 0.041 0.006 0.005 0.008 
212   ZFCR31    (0)    6 :  0.064 0.067 0.070 0.018 0.476 0.026 0.152 0.012 0.019 0.025 0.011 0.016 0.044 
213   ZFCR33    (0)    6 :  0.014 0.016 0.012 0.014 0.061 0.009 0.006 0.069 0.699 0.027 0.041 0.025 0.007 
214   ZFCR34    (0)    6 :  0.033 0.008 0.018 0.010 0.444 0.004 0.151 0.005 0.048 0.234 0.021 0.015 0.010 
215   ZFCR35    (0)    6 :  0.006 0.015 0.005 0.004 0.798 0.004 0.115 0.008 0.011 0.005 0.011 0.013 0.004 
216   ZFCR36    (0)    6 :  0.009 0.012 0.006 0.004 0.856 0.006 0.036 0.006 0.010 0.018 0.007 0.014 0.015 
217   ZFCR37    (0)    6 :  0.004 0.049 0.004 0.004 0.046 0.014 0.054 0.054 0.102 0.591 0.055 0.021 0.003 
218   ZFCR38    (0)    6 :  0.009 0.048 0.008 0.013 0.253 0.012 0.007 0.041 0.517 0.035 0.042 0.008 0.007 
219   ZFCR39    (0)    6 :  0.020 0.033 0.049 0.037 0.244 0.042 0.025 0.010 0.199 0.009 0.098 0.232 0.003 
220   ZFCR40    (0)    6 :  0.015 0.014 0.009 0.004 0.731 0.006 0.011 0.012 0.126 0.011 0.022 0.033 0.004 
221   ZFCR41    (0)    6 :  0.101 0.003 0.007 0.023 0.776 0.007 0.006 0.006 0.015 0.015 0.027 0.003 0.012 
222   ZFCR42    (0)    6 :  0.034 0.014 0.020 0.018 0.657 0.022 0.006 0.008 0.075 0.069 0.043 0.017 0.018 
223   ZFCR43    (0)    6 :  0.007 0.004 0.032 0.004 0.880 0.004 0.024 0.011 0.011 0.009 0.004 0.004 0.006 
224  ZFENP25    (0)    7 :  0.005 0.005 0.011 0.011 0.047 0.006 0.005 0.045 0.831 0.007 0.021 0.006 0.003 
225  ZFENP26    (0)    7 :  0.004 0.007 0.002 0.003 0.007 0.004 0.006 0.006 0.944 0.004 0.004 0.007 0.003 
226  ZFENP27    (0)    7 :  0.032 0.030 0.017 0.011 0.227 0.041 0.016 0.025 0.307 0.005 0.208 0.020 0.060 
227  ZFENP28    (0)    7 :  0.005 0.017 0.004 0.005 0.027 0.005 0.009 0.028 0.862 0.010 0.012 0.008 0.009 
228  ZFENP29    (0)    7 :  0.005 0.005 0.004 0.004 0.027 0.007 0.004 0.005 0.913 0.008 0.011 0.005 0.004 
229  ZFENP30    (0)    7 :  0.005 0.010 0.005 0.007 0.012 0.102 0.007 0.008 0.781 0.012 0.027 0.013 0.010 
230  ZFENP31    (0)    7 :  0.004 0.046 0.006 0.004 0.021 0.357 0.033 0.031 0.258 0.012 0.014 0.210 0.005 
231  ZFENP32    (0)    7 :  0.017 0.028 0.017 0.008 0.120 0.126 0.250 0.025 0.227 0.014 0.011 0.131 0.024 
232  ZFENP33    (0)    7 :  0.007 0.015 0.007 0.003 0.015 0.033 0.011 0.030 0.822 0.040 0.005 0.007 0.004 
233  ZFENP34    (0)    7 :  0.006 0.023 0.006 0.004 0.036 0.090 0.034 0.521 0.234 0.008 0.022 0.006 0.010 
234  ZFENP35    (0)    7 :  0.017 0.005 0.009 0.004 0.005 0.007 0.015 0.007 0.837 0.009 0.005 0.067 0.013 
235  ZFENP36    (0)    7 :  0.004 0.009 0.002 0.002 0.008 0.007 0.009 0.006 0.924 0.006 0.003 0.010 0.009 
236  ZFENP37    (0)    7 :  0.007 0.008 0.006 0.003 0.007 0.008 0.012 0.443 0.360 0.033 0.007 0.099 0.007 
237  ZFENP38    (0)    7 :  0.007 0.023 0.005 0.004 0.012 0.014 0.010 0.029 0.389 0.450 0.017 0.025 0.016 
238  ZFENP39    (0)    7 :  0.005 0.010 0.004 0.003 0.098 0.006 0.011 0.023 0.792 0.012 0.014 0.018 0.005 
239  ZFENP40    (0)    7 :  0.006 0.014 0.009 0.004 0.072 0.013 0.015 0.021 0.785 0.006 0.008 0.041 0.005 
240  ZFENP41    (0)    7 :  0.007 0.006 0.007 0.009 0.036 0.040 0.023 0.018 0.734 0.007 0.068 0.036 0.008 
241  ZFENP42    (0)    7 :  0.005 0.006 0.003 0.004 0.020 0.009 0.004 0.004 0.681 0.054 0.006 0.202 0.003 
242  ZFENP43    (0)    7 :  0.029 0.026 0.007 0.005 0.015 0.009 0.008 0.030 0.686 0.089 0.035 0.015 0.046 
243  ZFENP44    (0)    7 :  0.022 0.013 0.008 0.003 0.014 0.028 0.006 0.022 0.698 0.041 0.017 0.116 0.013 
244  ZFENP45    (0)    7 :  0.018 0.014 0.027 0.325 0.026 0.019 0.010 0.013 0.340 0.063 0.018 0.119 0.009 
245  ZFENP46    (0)    7 :  0.022 0.015 0.014 0.005 0.016 0.011 0.009 0.036 0.782 0.062 0.003 0.019 0.008 
246  ZFENP47    (0)    7 :  0.005 0.023 0.012 0.116 0.231 0.026 0.068 0.011 0.190 0.005 0.072 0.236 0.004 
247  ZFENP48    (0)    7 :  0.006 0.023 0.011 0.009 0.046 0.296 0.011 0.493 0.065 0.012 0.013 0.010 0.006 
248  ZFENP49    (0)    7 :  0.007 0.021 0.012 0.013 0.504 0.137 0.038 0.005 0.231 0.012 0.010 0.005 0.006 
249  ZFENP50    (0)    7 :  0.027 0.020 0.056 0.010 0.046 0.006 0.008 0.007 0.662 0.097 0.004 0.053 0.004 
250  ZFENP51    (0)    7 :  0.004 0.402 0.004 0.052 0.026 0.033 0.026 0.012 0.386 0.013 0.008 0.027 0.007 
251  ZFENP52    (0)    7 :  0.013 0.005 0.005 0.004 0.006 0.005 0.003 0.004 0.919 0.011 0.008 0.008 0.009 
252  ZFENP53    (0)    7 :  0.024 0.009 0.044 0.031 0.015 0.008 0.007 0.009 0.794 0.025 0.008 0.013 0.011 
253  ZFENP54    (0)    7 :  0.012 0.009 0.025 0.006 0.745 0.026 0.012 0.008 0.107 0.017 0.018 0.011 0.005 
254  ZFENP55    (0)    7 :  0.005 0.034 0.005 0.004 0.055 0.009 0.042 0.028 0.251 0.546 0.004 0.014 0.004 
255  ZFENP56    (0)    7 :  0.009 0.026 0.004 0.005 0.010 0.010 0.013 0.009 0.829 0.063 0.007 0.007 0.010 
256  ZFENP57    (0)    7 :  0.008 0.017 0.004 0.002 0.027 0.014 0.013 0.024 0.794 0.020 0.005 0.059 0.012 
257  ZFENP58    (0)    7 :  0.015 0.014 0.008 0.117 0.080 0.286 0.022 0.005 0.385 0.024 0.024 0.005 0.016 
258  ZFENP59    (0)    7 :  0.005 0.009 0.006 0.004 0.039 0.026 0.016 0.011 0.771 0.009 0.063 0.036 0.005 
259  ZFENP60    (0)    7 :  0.008 0.013 0.011 0.013 0.090 0.006 0.038 0.036 0.733 0.014 0.013 0.017 0.007 
260  ZFENP61    (0)    7 :  0.004 0.008 0.004 0.003 0.048 0.008 0.019 0.017 0.855 0.009 0.014 0.006 0.004 
261 ZFFDSP01    (0)    8 :  0.137 0.003 0.780 0.025 0.005 0.003 0.006 0.006 0.003 0.009 0.005 0.003 0.016 
262 ZFFDSP02    (0)    8 :  0.014 0.002 0.947 0.006 0.005 0.003 0.003 0.004 0.003 0.004 0.005 0.002 0.004 
263 ZFFDSP04    (0)    8 :  0.022 0.002 0.929 0.013 0.004 0.003 0.005 0.004 0.002 0.006 0.005 0.002 0.003 
264 ZFFDSP05    (0)    8 :  0.381 0.003 0.566 0.010 0.005 0.003 0.003 0.003 0.003 0.008 0.005 0.003 0.005 
265 ZFFDSP06    (0)    8 :  0.021 0.002 0.935 0.010 0.005 0.003 0.002 0.004 0.002 0.005 0.006 0.002 0.003 
266 ZFFDSP07    (0)    8 :  0.007 0.004 0.901 0.022 0.006 0.021 0.003 0.004 0.004 0.008 0.012 0.005 0.004 
267 ZFFDSP08    (0)    8 :  0.034 0.004 0.810 0.070 0.004 0.031 0.003 0.003 0.004 0.012 0.010 0.004 0.010 
268 ZFFDSP10    (0)    8 :  0.033 0.003 0.909 0.011 0.005 0.007 0.004 0.004 0.004 0.007 0.005 0.003 0.005 
269 ZFFDSP11    (0)    8 :  0.039 0.003 0.913 0.007 0.004 0.003 0.004 0.004 0.003 0.008 0.004 0.004 0.003 
270 ZFFDSP12    (0)    8 :  0.012 0.003 0.949 0.007 0.003 0.005 0.002 0.003 0.003 0.003 0.003 0.002 0.005 
271 ZFFDSP13    (0)    8 :  0.898 0.003 0.039 0.005 0.005 0.008 0.003 0.004 0.005 0.009 0.007 0.004 0.010 
272 ZFFDSP14    (0)    8 :  0.006 0.003 0.936 0.015 0.005 0.007 0.002 0.004 0.003 0.006 0.006 0.003 0.004 
273 ZFFDSP16    (0)    8 :  0.019 0.003 0.909 0.004 0.011 0.003 0.006 0.006 0.006 0.007 0.007 0.004 0.015 
274 ZFFDSP17    (0)    8 :  0.022 0.003 0.926 0.009 0.005 0.004 0.003 0.005 0.003 0.007 0.006 0.003 0.004 
275 ZFFDSP18    (0)    8 :  0.008 0.003 0.935 0.014 0.006 0.004 0.006 0.006 0.002 0.004 0.007 0.002 0.005 
276 ZFFDSP19    (0)    8 :  0.049 0.003 0.726 0.028 0.005 0.004 0.004 0.008 0.003 0.004 0.026 0.002 0.138 
277 ZFFDSP21    (0)    8 :  0.403 0.002 0.463 0.010 0.009 0.004 0.003 0.009 0.003 0.004 0.017 0.003 0.070 
278 ZFFDSP22    (0)    8 :  0.014 0.002 0.891 0.059 0.004 0.004 0.002 0.003 0.003 0.006 0.005 0.002 0.004 
279 ZFFDSP23    (0)    8 :  0.179 0.002 0.616 0.163 0.005 0.003 0.002 0.005 0.003 0.006 0.005 0.002 0.009 
280 ZFFDSP24    (0)    8 :  0.379 0.003 0.565 0.007 0.004 0.005 0.006 0.005 0.003 0.006 0.005 0.002 0.010 
281 ZFFDSP26    (9)    8 :  0.201 0.003 0.742 0.014 0.006 0.004 0.004 0.003 0.003 0.005 0.005 0.003 0.007 
282 ZFFDSP27    (0)    8 :  0.027 0.003 0.926 0.007 0.005 0.004 0.004 0.005 0.003 0.003 0.004 0.002 0.007 
283 ZFFDSP28    (0)    8 :  0.046 0.017 0.809 0.008 0.013 0.015 0.033 0.024 0.007 0.013 0.007 0.005 0.005 
284 ZFFDSP30    (0)    8 :  0.482 0.005 0.339 0.010 0.009 0.009 0.070 0.008 0.004 0.011 0.007 0.011 0.036 
285 ZFFDSP31    (0)    8 :  0.018 0.002 0.928 0.006 0.004 0.005 0.003 0.009 0.004 0.005 0.006 0.002 0.007 
286 ZFFDSP32    (0)    8 :  0.016 0.003 0.942 0.006 0.004 0.005 0.002 0.004 0.003 0.004 0.003 0.002 0.005 
287 ZFFDSP33    (0)    8 :  0.026 0.002 0.938 0.005 0.003 0.003 0.003 0.003 0.003 0.003 0.002 0.003 0.005 
288 ZFFDSP34    (0)    8 :  0.020 0.002 0.931 0.010 0.004 0.004 0.003 0.004 0.003 0.005 0.007 0.002 0.005 
289 ZFFDSP35    (0)    8 :  0.338 0.003 0.614 0.008 0.004 0.004 0.006 0.004 0.003 0.005 0.004 0.002 0.005 
290 ZFFDSP37    (0)    8 :  0.026 0.002 0.933 0.004 0.005 0.004 0.003 0.005 0.003 0.004 0.003 0.002 0.006 
291 ZFFDSP38    (0)    8 :  0.012 0.003 0.944 0.005 0.003 0.004 0.005 0.004 0.003 0.004 0.004 0.002 0.007 
292 ZFFDSP39    (0)    8 :  0.702 0.002 0.258 0.007 0.004 0.003 0.004 0.003 0.003 0.003 0.003 0.002 0.007 
293 ZFFDSP40    (0)    8 :  0.497 0.003 0.458 0.004 0.005 0.004 0.005 0.004 0.003 0.003 0.003 0.003 0.008 
294 ZFFDSP42    (0)    8 :  0.112 0.002 0.763 0.081 0.005 0.003 0.004 0.004 0.003 0.005 0.006 0.002 0.010 
295 ZFFDSP43    (0)    8 :  0.049 0.002 0.903 0.009 0.004 0.003 0.004 0.003 0.003 0.003 0.004 0.002 0.010 
296 ZFFDSP44    (0)    8 :  0.216 0.003 0.731 0.005 0.003 0.005 0.005 0.005 0.003 0.005 0.003 0.003 0.011 
297 ZFFDSP45    (0)    8 :  0.036 0.002 0.918 0.005 0.005 0.004 0.004 0.004 0.003 0.004 0.005 0.002 0.007 
298 ZFFDSP46    (0)    8 :  0.058 0.002 0.888 0.010 0.005 0.004 0.005 0.004 0.003 0.005 0.005 0.002 0.009 
299 ZFFDSP47    (0)    8 :  0.721 0.003 0.222 0.012 0.003 0.004 0.004 0.004 0.003 0.006 0.003 0.003 0.012 
300 ZFFDSP48    (0)    8 :  0.630 0.002 0.318 0.006 0.004 0.004 0.004 0.004 0.003 0.004 0.004 0.003 0.014 
301    ZFI01    (0)    9 :  0.005 0.128 0.005 0.005 0.027 0.013 0.747 0.030 0.009 0.008 0.008 0.007 0.008 
302    ZFI02    (0)    9 :  0.005 0.057 0.005 0.004 0.014 0.004 0.864 0.020 0.006 0.006 0.004 0.003 0.008 
303    ZFI03    (0)    9 :  0.004 0.011 0.003 0.003 0.008 0.005 0.882 0.054 0.005 0.008 0.006 0.003 0.007 
304    ZFI04    (0)    9 :  0.004 0.098 0.003 0.003 0.005 0.004 0.119 0.736 0.007 0.006 0.004 0.004 0.006 
305    ZFI05    (0)    9 :  0.005 0.005 0.004 0.003 0.008 0.007 0.928 0.007 0.007 0.004 0.004 0.003 0.014 
306    ZFI06    (0)    9 :  0.035 0.038 0.017 0.003 0.047 0.006 0.717 0.021 0.022 0.009 0.004 0.004 0.078 
307    ZFI07    (0)    9 :  0.004 0.010 0.003 0.002 0.006 0.007 0.522 0.418 0.007 0.006 0.005 0.003 0.005 
308    ZFI08    (0)    9 :  0.003 0.058 0.003 0.003 0.021 0.005 0.727 0.144 0.010 0.010 0.006 0.004 0.005 
309    ZFI09    (0)    9 :  0.004 0.034 0.004 0.003 0.013 0.005 0.896 0.014 0.008 0.005 0.004 0.003 0.006 
310    ZFI10    (0)    9 :  0.008 0.023 0.005 0.004 0.007 0.005 0.819 0.048 0.007 0.007 0.005 0.006 0.057 
311    ZFI11    (0)    9 :  0.005 0.164 0.004 0.003 0.009 0.007 0.707 0.065 0.008 0.007 0.005 0.004 0.013 
312    ZFI12    (0)    9 :  0.005 0.007 0.005 0.003 0.008 0.006 0.800 0.126 0.006 0.011 0.007 0.003 0.014 
313    ZFI13    (0)    9 :  0.004 0.008 0.004 0.003 0.010 0.019 0.904 0.014 0.008 0.006 0.006 0.007 0.006 
314    ZFI14    (0)    9 :  0.006 0.005 0.007 0.003 0.009 0.005 0.934 0.009 0.004 0.004 0.004 0.004 0.006 
315    ZFI15    (0)    9 :  0.004 0.005 0.003 0.002 0.007 0.005 0.947 0.007 0.005 0.003 0.004 0.003 0.005 
316    ZFI16    (0)    9 :  0.004 0.003 0.003 0.002 0.007 0.003 0.939 0.017 0.004 0.005 0.004 0.003 0.005 
317    ZFI17    (0)    9 :  0.004 0.010 0.004 0.003 0.005 0.006 0.893 0.041 0.008 0.006 0.004 0.006 0.010 
318    ZFI18    (0)    9 :  0.003 0.007 0.003 0.002 0.006 0.004 0.932 0.014 0.009 0.004 0.003 0.007 0.005 
319    ZFI19    (9)    9 :  0.003 0.006 0.003 0.002 0.006 0.006 0.947 0.009 0.004 0.005 0.003 0.003 0.004 
320    ZFI20    (0)    9 :  0.005 0.005 0.004 0.003 0.009 0.003 0.942 0.009 0.004 0.005 0.004 0.004 0.004 
321    ZFI21    (0)    9 :  0.008 0.003 0.007 0.003 0.004 0.003 0.947 0.005 0.003 0.004 0.003 0.003 0.006 
322    ZFI22    (0)    9 :  0.004 0.036 0.005 0.004 0.013 0.004 0.889 0.022 0.005 0.005 0.007 0.003 0.005 
323    ZFI23    (0)    9 :  0.004 0.006 0.004 0.002 0.006 0.005 0.915 0.032 0.006 0.006 0.004 0.003 0.007 
324    ZFI24    (0)    9 :  0.006 0.008 0.006 0.003 0.010 0.007 0.867 0.058 0.006 0.010 0.008 0.003 0.010 
325    ZFI25    (0)    9 :  0.004 0.009 0.005 0.005 0.013 0.005 0.853 0.076 0.008 0.006 0.007 0.003 0.006 
326    ZFI26    (0)    9 :  0.004 0.008 0.004 0.003 0.009 0.008 0.867 0.067 0.006 0.007 0.008 0.003 0.005 
327    ZFI27    (0)    9 :  0.007 0.008 0.005 0.003 0.006 0.013 0.873 0.030 0.007 0.011 0.005 0.003 0.028 
328    ZFK01    (0)    9 :  0.004 0.003 0.004 0.003 0.003 0.956 0.002 0.003 0.003 0.004 0.005 0.003 0.007 
329    ZFK02    (0)   10 :  0.004 0.003 0.003 0.004 0.003 0.958 0.003 0.003 0.003 0.004 0.005 0.002 0.007 
330    ZFK03    (0)   10 :  0.003 0.004 0.003 0.003 0.003 0.960 0.003 0.003 0.003 0.003 0.004 0.003 0.004 
331    ZFK04    (0)   10 :  0.003 0.006 0.003 0.002 0.003 0.959 0.004 0.003 0.003 0.003 0.004 0.003 0.004 
332    ZFK05    (0)   10 :  0.003 0.012 0.003 0.002 0.004 0.933 0.006 0.009 0.006 0.003 0.009 0.008 0.003 
333    ZFK06    (0)   10 :  0.003 0.007 0.003 0.002 0.005 0.932 0.008 0.009 0.006 0.004 0.011 0.004 0.004 
334    ZFK07    (0)   10 :  0.004 0.003 0.003 0.004 0.003 0.956 0.002 0.002 0.003 0.005 0.005 0.004 0.005 
335    ZFK08    (0)   10 :  0.003 0.006 0.003 0.003 0.004 0.956 0.004 0.004 0.003 0.005 0.004 0.003 0.003 
336    ZFK10    (0)   10 :  0.003 0.006 0.003 0.002 0.003 0.957 0.004 0.004 0.003 0.003 0.004 0.003 0.004 
337    ZFK11    (0)   10 :  0.003 0.007 0.003 0.003 0.005 0.936 0.006 0.007 0.006 0.004 0.009 0.008 0.004 
338    ZFK12    (0)   10 :  0.006 0.003 0.005 0.008 0.003 0.943 0.002 0.002 0.004 0.010 0.007 0.003 0.003 
339    ZFK13    (0)   10 :  0.022 0.003 0.019 0.009 0.004 0.901 0.003 0.003 0.004 0.005 0.009 0.014 0.005 
340    ZFK14    (0)   10 :  0.024 0.008 0.023 0.030 0.006 0.652 0.008 0.007 0.006 0.009 0.197 0.015 0.014 
341    ZFK15    (0)   10 :  0.012 0.004 0.015 0.005 0.004 0.918 0.005 0.003 0.003 0.004 0.007 0.016 0.004 
342    ZFK16    (0)   10 :  0.005 0.003 0.005 0.005 0.003 0.952 0.002 0.003 0.003 0.005 0.006 0.004 0.005 
343   ZFLB01    (0)   11 :  0.031 0.011 0.027 0.009 0.007 0.014 0.008 0.006 0.009 0.009 0.003 0.859 0.009 
344   ZFLB02    (0)   11 :  0.005 0.004 0.003 0.003 0.005 0.003 0.008 0.041 0.031 0.005 0.003 0.884 0.004 
345   ZFLB03    (0)   11 :  0.005 0.003 0.004 0.004 0.006 0.009 0.005 0.008 0.022 0.006 0.004 0.890 0.034 
346   ZFLB04    (0)   11 :  0.023 0.009 0.016 0.008 0.006 0.010 0.030 0.013 0.006 0.006 0.008 0.639 0.227 
347   ZFLB05    (0)   11 :  0.022 0.018 0.013 0.005 0.009 0.017 0.017 0.008 0.008 0.008 0.003 0.852 0.019 
348   ZFLB06    (0)   11 :  0.010 0.016 0.012 0.008 0.008 0.075 0.005 0.005 0.012 0.008 0.006 0.829 0.006 
349   ZFLB07    (0)   11 :  0.028 0.014 0.014 0.009 0.027 0.087 0.011 0.011 0.102 0.081 0.008 0.544 0.062 
350   ZFLB08    (0)   11 :  0.007 0.007 0.005 0.004 0.007 0.007 0.015 0.051 0.026 0.009 0.004 0.853 0.008 
351   ZFLB09    (9)   11 :  0.005 0.014 0.005 0.003 0.005 0.015 0.008 0.009 0.009 0.006 0.006 0.908 0.005 
352   ZFLB10    (0)   11 :  0.004 0.010 0.003 0.002 0.004 0.007 0.007 0.005 0.005 0.004 0.004 0.939 0.006 
353   ZFLB11    (0)   11 :  0.004 0.006 0.004 0.005 0.004 0.014 0.003 0.004 0.005 0.006 0.008 0.933 0.004 
354   ZFLB12    (0)   11 :  0.003 0.007 0.003 0.002 0.004 0.008 0.005 0.006 0.007 0.004 0.004 0.943 0.004 
355   ZFLB13    (0)   11 :  0.027 0.013 0.016 0.004 0.013 0.010 0.005 0.020 0.056 0.023 0.012 0.784 0.017 
356  ZFLTI01    (0)   12 :  0.899 0.003 0.019 0.011 0.006 0.005 0.004 0.005 0.004 0.007 0.028 0.002 0.008 
357  ZFLTI02    (0)   12 :  0.839 0.002 0.012 0.011 0.005 0.009 0.003 0.009 0.004 0.007 0.067 0.002 0.030 
358  ZFLTI03    (0)   12 :  0.935 0.002 0.007 0.008 0.003 0.005 0.003 0.005 0.003 0.006 0.009 0.002 0.013 
359  ZFLTI04    (0)   12 :  0.904 0.003 0.013 0.006 0.005 0.011 0.005 0.006 0.005 0.009 0.010 0.003 0.019 
360  ZFLTI05    (0)   12 :  0.936 0.002 0.007 0.004 0.003 0.005 0.003 0.006 0.003 0.004 0.007 0.002 0.017 
361  ZFLTI06    (0)   12 :  0.943 0.002 0.010 0.009 0.004 0.004 0.004 0.004 0.003 0.004 0.006 0.002 0.006 
362  ZFLTI07    (0)   12 :  0.943 0.002 0.010 0.004 0.005 0.005 0.004 0.005 0.003 0.005 0.005 0.002 0.007 
363  ZFLTI08    (0)   12 :  0.916 0.003 0.007 0.004 0.004 0.006 0.005 0.015 0.005 0.007 0.006 0.002 0.021 
364  ZFLTI09    (0)   12 :  0.932 0.003 0.014 0.004 0.004 0.005 0.005 0.011 0.003 0.005 0.005 0.002 0.008 
365  ZFLTI10    (0)   12 :  0.925 0.002 0.024 0.004 0.005 0.005 0.003 0.007 0.003 0.004 0.010 0.002 0.006 
366  ZFLTI11    (0)   12 :  0.922 0.003 0.014 0.019 0.003 0.004 0.003 0.007 0.003 0.005 0.007 0.002 0.009 
367  ZFLTI12    (0)   12 :  0.913 0.002 0.014 0.012 0.004 0.006 0.003 0.007 0.003 0.005 0.020 0.002 0.009 
368  ZFLTI13    (0)   12 :  0.866 0.003 0.008 0.012 0.004 0.008 0.004 0.006 0.004 0.010 0.022 0.002 0.051 
369  ZFLTI14    (0)   12 :  0.633 0.003 0.049 0.006 0.006 0.012 0.003 0.014 0.004 0.005 0.084 0.002 0.178 
370 ZFONF101    (0)   13 :  0.006 0.002 0.963 0.006 0.003 0.002 0.002 0.003 0.002 0.003 0.002 0.003 0.003 
371 ZFONF102    (0)   13 :  0.005 0.009 0.913 0.022 0.006 0.003 0.004 0.004 0.008 0.005 0.003 0.015 0.003 
372 ZFONF103    (0)   13 :  0.120 0.003 0.744 0.018 0.004 0.017 0.004 0.005 0.006 0.009 0.012 0.003 0.054 
373 ZFONF104    (0)   13 :  0.020 0.002 0.927 0.028 0.003 0.002 0.002 0.003 0.002 0.002 0.004 0.002 0.004 
374 ZFONF105    (0)   13 :  0.024 0.003 0.826 0.108 0.003 0.006 0.003 0.003 0.003 0.005 0.005 0.002 0.010 
375 ZFONF106    (0)   13 :  0.005 0.002 0.959 0.006 0.003 0.003 0.003 0.005 0.002 0.002 0.003 0.002 0.004 
376 ZFONF107    (0)   13 :  0.047 0.014 0.719 0.010 0.011 0.037 0.013 0.013 0.043 0.006 0.010 0.060 0.016 
377 ZFONF108    (0)   13 :  0.035 0.005 0.821 0.009 0.004 0.052 0.004 0.008 0.010 0.004 0.014 0.012 0.023 
378 ZFONF109    (9)   13 :  0.027 0.004 0.838 0.045 0.004 0.025 0.003 0.009 0.006 0.003 0.016 0.008 0.011 
379 ZFONF110    (0)   13 :  0.011 0.002 0.944 0.015 0.003 0.003 0.002 0.002 0.002 0.003 0.005 0.002 0.006 
380 ZFONF111    (0)   13 :  0.071 0.012 0.776 0.016 0.022 0.004 0.009 0.012 0.023 0.022 0.011 0.017 0.006 
381 ZFONF112    (0)   13 :  0.013 0.003 0.763 0.172 0.003 0.005 0.003 0.010 0.003 0.003 0.006 0.003 0.013 
382 ZFONF113    (9)   13 :  0.019 0.003 0.921 0.009 0.004 0.008 0.002 0.003 0.005 0.007 0.005 0.005 0.008 
383 ZFONF115    (0)   13 :  0.007 0.003 0.934 0.011 0.003 0.006 0.003 0.006 0.004 0.004 0.006 0.003 0.009 
384 ZFONF116    (0)   13 :  0.007 0.004 0.917 0.022 0.004 0.007 0.004 0.008 0.004 0.004 0.005 0.003 0.012 
385 ZFONF117    (0)   13 :  0.582 0.004 0.277 0.051 0.004 0.013 0.004 0.005 0.005 0.006 0.008 0.003 0.038 
386 ZFONF118    (0)   13 :  0.024 0.002 0.904 0.012 0.004 0.006 0.003 0.011 0.003 0.007 0.010 0.002 0.012 
387 ZFONF119    (0)   13 :  0.008 0.004 0.918 0.019 0.004 0.015 0.003 0.003 0.003 0.005 0.007 0.006 0.004 
388 ZFONF120    (0)   13 :  0.015 0.004 0.864 0.040 0.005 0.026 0.003 0.003 0.004 0.010 0.019 0.005 0.004 
389 ZFONF121    (0)   13 :  0.014 0.004 0.858 0.084 0.003 0.007 0.004 0.004 0.003 0.005 0.004 0.004 0.006 
390 ZFONF122    (0)   13 :  0.274 0.003 0.624 0.008 0.007 0.015 0.004 0.010 0.006 0.010 0.018 0.003 0.018 
391 ZFONF123    (0)   13 :  0.008 0.010 0.814 0.048 0.007 0.007 0.005 0.004 0.014 0.004 0.005 0.071 0.003 
392 ZFONF124    (0)   13 :  0.016 0.003 0.888 0.033 0.003 0.019 0.003 0.003 0.006 0.003 0.007 0.010 0.006 
393 ZFONF125    (0)   13 :  0.047 0.010 0.528 0.225 0.009 0.037 0.006 0.004 0.027 0.014 0.024 0.063 0.006 
394 ZFONF126    (0)   13 :  0.017 0.003 0.907 0.008 0.005 0.011 0.003 0.008 0.004 0.009 0.012 0.002 0.010 
395 ZFONF201    (0)   14 :  0.054 0.013 0.083 0.597 0.041 0.004 0.068 0.040 0.013 0.010 0.034 0.039 0.004 
396 ZFONF202    (0)   14 :  0.011 0.002 0.055 0.891 0.005 0.004 0.003 0.004 0.002 0.006 0.011 0.002 0.003 
397 ZFONF203    (0)   14 :  0.006 0.003 0.008 0.938 0.005 0.008 0.003 0.004 0.004 0.010 0.006 0.003 0.003 
398 ZFONF204    (0)   14 :  0.008 0.005 0.006 0.892 0.007 0.008 0.006 0.010 0.008 0.005 0.033 0.009 0.003 
399 ZFONF206    (0)   14 :  0.005 0.008 0.006 0.882 0.017 0.003 0.011 0.011 0.019 0.006 0.010 0.019 0.003 
400 ZFONF207    (0)   14 :  0.005 0.003 0.006 0.950 0.004 0.005 0.003 0.003 0.004 0.005 0.004 0.004 0.004 
401 ZFONF208    (0)   14 :  0.039 0.003 0.052 0.855 0.004 0.007 0.005 0.005 0.004 0.009 0.008 0.005 0.005 
402 ZFONF209    (0)   14 :  0.011 0.008 0.007 0.876 0.006 0.012 0.011 0.015 0.007 0.007 0.023 0.008 0.009 
403 ZFONF210    (0)   14 :  0.010 0.002 0.009 0.948 0.002 0.004 0.003 0.003 0.002 0.003 0.004 0.002 0.007 
404 ZFONF211    (0)   14 :  0.025 0.007 0.033 0.837 0.007 0.014 0.003 0.004 0.010 0.014 0.012 0.021 0.013 
405 ZFONF212    (0)   14 :  0.012 0.002 0.011 0.948 0.003 0.003 0.003 0.003 0.002 0.003 0.003 0.002 0.005 
406 ZFONF214    (0)   14 :  0.011 0.005 0.044 0.888 0.006 0.005 0.002 0.003 0.005 0.015 0.007 0.006 0.003 
407 ZFONF215    (0)   14 :  0.007 0.002 0.016 0.947 0.003 0.003 0.002 0.003 0.002 0.004 0.004 0.002 0.004 
408 ZFONF216    (0)   14 :  0.005 0.003 0.005 0.957 0.003 0.006 0.002 0.002 0.003 0.004 0.003 0.003 0.005 
409 ZFONF217    (0)   14 :  0.008 0.003 0.048 0.908 0.003 0.005 0.002 0.004 0.003 0.003 0.005 0.004 0.004 
410 ZFONF218    (0)   14 :  0.005 0.006 0.005 0.940 0.004 0.004 0.003 0.003 0.008 0.006 0.003 0.008 0.004 
411 ZFONF219    (0)   14 :  0.004 0.002 0.005 0.969 0.002 0.002 0.002 0.002 0.002 0.002 0.003 0.002 0.003 
412 ZFONF220    (0)   14 :  0.005 0.003 0.032 0.922 0.004 0.007 0.002 0.005 0.003 0.006 0.005 0.003 0.004 
413 ZFONF222    (0)   14 :  0.004 0.006 0.003 0.947 0.003 0.004 0.003 0.002 0.006 0.005 0.003 0.009 0.004 
414 ZFONF223    (0)   14 :  0.004 0.007 0.008 0.934 0.006 0.005 0.003 0.004 0.007 0.006 0.003 0.009 0.003 
415 ZFONF224    (0)   14 :  0.004 0.002 0.004 0.966 0.002 0.003 0.002 0.002 0.002 0.003 0.003 0.002 0.004 
416 ZFONF225    (0)   14 :  0.005 0.002 0.008 0.961 0.003 0.003 0.002 0.002 0.002 0.003 0.004 0.002 0.004 
417 ZFONF226    (0)   14 :  0.006 0.003 0.008 0.942 0.003 0.009 0.003 0.003 0.003 0.008 0.005 0.003 0.004 
418 ZFONF227    (0)   14 :  0.004 0.002 0.005 0.968 0.002 0.002 0.002 0.002 0.002 0.003 0.003 0.002 0.003 
419 ZFONF228    (0)   14 :  0.010 0.004 0.009 0.928 0.004 0.006 0.004 0.006 0.005 0.004 0.004 0.003 0.012 
420 ZFONF230    (0)   14 :  0.009 0.002 0.014 0.948 0.003 0.003 0.002 0.002 0.002 0.003 0.005 0.002 0.003 
421 ZFONF231    (0)   14 :  0.007 0.004 0.009 0.933 0.005 0.003 0.002 0.003 0.005 0.012 0.008 0.005 0.004 
422 ZFONF232    (0)   14 :  0.004 0.002 0.008 0.964 0.003 0.002 0.002 0.002 0.002 0.002 0.002 0.002 0.004 
423 ZFONF233    (0)   14 :  0.004 0.003 0.005 0.960 0.003 0.005 0.002 0.002 0.003 0.003 0.004 0.002 0.004 
424 ZFONF234    (0)   14 :  0.017 0.004 0.012 0.875 0.016 0.014 0.005 0.006 0.021 0.007 0.009 0.005 0.010 
425 ZFONF235    (0)   14 :  0.004 0.002 0.004 0.968 0.003 0.002 0.002 0.002 0.002 0.003 0.004 0.002 0.003 
426 ZFONF236    (0)   14 :  0.012 0.012 0.012 0.820 0.011 0.012 0.017 0.025 0.024 0.004 0.017 0.009 0.024 
427 ZFONF238    (0)   14 :  0.007 0.002 0.008 0.947 0.004 0.004 0.003 0.004 0.003 0.008 0.006 0.002 0.003 
428 ZFONF239    (0)   14 :  0.004 0.004 0.004 0.934 0.006 0.003 0.004 0.011 0.005 0.004 0.013 0.004 0.004 
429 ZFONF240    (0)   14 :  0.005 0.002 0.005 0.962 0.003 0.003 0.002 0.002 0.002 0.003 0.006 0.002 0.004 
430 ZFONF241    (0)   14 :  0.011 0.004 0.014 0.900 0.007 0.005 0.007 0.013 0.007 0.005 0.005 0.003 0.019 
431 ZFONF242    (0)   14 :  0.005 0.002 0.009 0.957 0.003 0.003 0.002 0.002 0.002 0.003 0.006 0.002 0.003 
432 ZFONF243    (0)   14 :  0.009 0.003 0.006 0.943 0.003 0.006 0.003 0.003 0.003 0.005 0.003 0.003 0.010 
433 ZFONF244    (0)   14 :  0.005 0.002 0.007 0.959 0.003 0.004 0.002 0.002 0.002 0.003 0.004 0.002 0.004 
434 ZFONF245    (0)   14 :  0.010 0.002 0.005 0.959 0.003 0.003 0.002 0.002 0.002 0.002 0.005 0.002 0.003 
435   ZFOS01    (0)   15 :  0.038 0.003 0.021 0.009 0.007 0.007 0.003 0.005 0.003 0.010 0.884 0.003 0.007 
436   ZFOS02    (0)   15 :  0.041 0.008 0.042 0.010 0.025 0.009 0.009 0.036 0.007 0.007 0.791 0.004 0.011 
437   ZFOS03    (0)   15 :  0.011 0.007 0.010 0.004 0.009 0.007 0.009 0.006 0.008 0.008 0.849 0.069 0.003 
438   ZFOS04    (0)   15 :  0.089 0.004 0.074 0.006 0.023 0.011 0.026 0.007 0.007 0.005 0.732 0.004 0.011 
439   ZFOS05    (0)   15 :  0.039 0.004 0.039 0.013 0.016 0.009 0.005 0.008 0.005 0.008 0.837 0.002 0.013 
440   ZFOS06    (0)   15 :  0.014 0.005 0.012 0.012 0.005 0.005 0.005 0.005 0.007 0.012 0.894 0.006 0.018 
441   ZFOS07    (0)   15 :  0.007 0.008 0.008 0.004 0.023 0.058 0.021 0.008 0.005 0.005 0.844 0.003 0.005 
442   ZFOS08    (0)   15 :  0.014 0.004 0.016 0.006 0.010 0.024 0.032 0.013 0.006 0.005 0.857 0.003 0.011 
443   ZFOS09    (0)   15 :  0.064 0.005 0.045 0.007 0.047 0.003 0.012 0.007 0.008 0.008 0.778 0.011 0.005 
444   ZFOS10    (0)   15 :  0.004 0.013 0.003 0.002 0.016 0.006 0.015 0.020 0.012 0.003 0.889 0.008 0.008 
445   ZFOS11    (0)   15 :  0.169 0.007 0.018 0.009 0.108 0.062 0.005 0.006 0.047 0.010 0.429 0.005 0.125 
446   ZFOS12    (0)   15 :  0.056 0.024 0.020 0.007 0.108 0.326 0.023 0.010 0.055 0.094 0.199 0.022 0.057 
447   ZFOS13    (0)   15 :  0.019 0.007 0.015 0.006 0.027 0.011 0.009 0.008 0.006 0.016 0.867 0.003 0.007 
448   ZFOS14    (0)   15 :  0.111 0.020 0.014 0.008 0.047 0.023 0.143 0.007 0.011 0.041 0.499 0.009 0.067 
449   ZFOS15    (0)   15 :  0.004 0.004 0.003 0.002 0.004 0.037 0.007 0.005 0.006 0.004 0.914 0.003 0.006 
450   ZFOS16    (0)   15 :  0.045 0.009 0.046 0.009 0.029 0.009 0.012 0.007 0.008 0.005 0.794 0.006 0.022 
451   ZFOS17    (0)   15 :  0.005 0.007 0.004 0.005 0.005 0.005 0.006 0.008 0.004 0.006 0.936 0.005 0.005 
452   ZFOS18    (0)   15 :  0.007 0.005 0.005 0.002 0.009 0.008 0.005 0.009 0.011 0.004 0.915 0.008 0.011 
453   ZFOS19    (0)   15 :  0.004 0.004 0.003 0.004 0.005 0.005 0.004 0.004 0.005 0.008 0.948 0.003 0.003 
454   ZFOS20    (0)   15 :  0.005 0.004 0.006 0.006 0.009 0.006 0.010 0.004 0.005 0.004 0.930 0.004 0.007 
455   ZFOS21    (0)   15 :  0.026 0.008 0.022 0.006 0.007 0.011 0.007 0.006 0.004 0.004 0.884 0.005 0.009 
456   ZFOS22    (0)   15 :  0.010 0.004 0.007 0.007 0.005 0.015 0.003 0.003 0.006 0.012 0.915 0.006 0.008 
457   ZFOS23    (0)   15 :  0.003 0.010 0.002 0.002 0.027 0.005 0.250 0.006 0.013 0.007 0.660 0.009 0.005 
458   ZFOS24    (0)   15 :  0.005 0.004 0.003 0.003 0.005 0.012 0.003 0.004 0.005 0.003 0.940 0.003 0.010 
459   ZFOS25    (0)   15 :  0.388 0.004 0.015 0.017 0.020 0.009 0.009 0.017 0.012 0.027 0.408 0.004 0.068 
460   ZFOS26    (0)   15 :  0.418 0.005 0.106 0.006 0.021 0.014 0.010 0.015 0.011 0.008 0.357 0.004 0.026 
461   ZFOS27    (0)   15 :  0.022 0.004 0.027 0.007 0.005 0.019 0.009 0.005 0.006 0.004 0.858 0.011 0.021 
462   ZFOS28    (0)   15 :  0.016 0.015 0.008 0.003 0.010 0.008 0.011 0.015 0.009 0.007 0.880 0.009 0.009 
463   ZFOS29    (0)   15 :  0.010 0.009 0.009 0.008 0.008 0.011 0.016 0.005 0.007 0.003 0.893 0.010 0.011 
464   ZFOS30    (0)   15 :  0.012 0.008 0.010 0.009 0.007 0.012 0.005 0.005 0.003 0.009 0.914 0.003 0.003 
465   ZFOS31    (0)   15 :  0.066 0.007 0.029 0.032 0.033 0.074 0.036 0.004 0.004 0.232 0.469 0.004 0.007 
466   ZFOS32    (0)   15 :  0.017 0.003 0.016 0.007 0.020 0.003 0.008 0.007 0.005 0.004 0.899 0.004 0.007 
467   ZFPB01    (0)   16 :  0.002 0.005 0.002 0.002 0.003 0.004 0.004 0.004 0.005 0.003 0.003 0.960 0.003 
468   ZFPB02    (0)   16 :  0.004 0.003 0.003 0.005 0.003 0.003 0.003 0.002 0.004 0.003 0.003 0.962 0.003 
469   ZFPB03    (0)   16 :  0.004 0.004 0.003 0.003 0.003 0.005 0.004 0.003 0.004 0.002 0.004 0.956 0.006 
470   ZFPB05    (0)   16 :  0.002 0.003 0.002 0.003 0.002 0.003 0.002 0.002 0.003 0.003 0.002 0.971 0.002 
471   ZFPB06    (0)   16 :  0.003 0.006 0.003 0.002 0.003 0.005 0.004 0.004 0.005 0.002 0.004 0.957 0.003 
472   ZFPB07    (0)   16 :  0.003 0.003 0.003 0.003 0.002 0.002 0.002 0.002 0.003 0.003 0.002 0.969 0.002 
473   ZFPB08    (0)   16 :  0.003 0.003 0.004 0.003 0.003 0.004 0.003 0.003 0.004 0.003 0.004 0.959 0.003 
474   ZFPB10    (0)   16 :  0.003 0.003 0.002 0.002 0.003 0.003 0.003 0.003 0.004 0.003 0.003 0.966 0.004 
475   ZFPB11    (0)   16 :  0.002 0.003 0.002 0.003 0.002 0.003 0.002 0.002 0.003 0.003 0.003 0.967 0.002 
476   ZFPB12    (0)   16 :  0.002 0.003 0.002 0.003 0.003 0.003 0.002 0.003 0.004 0.003 0.003 0.966 0.003 
477   ZFPB13    (0)   16 :  0.003 0.003 0.003 0.003 0.003 0.002 0.003 0.002 0.003 0.002 0.002 0.967 0.003 
478   ZFPB14    (0)   16 :  0.003 0.003 0.003 0.004 0.002 0.002 0.002 0.002 0.003 0.003 0.003 0.968 0.002 
479   ZFPB15    (0)   16 :  0.003 0.003 0.004 0.003 0.003 0.003 0.003 0.002 0.003 0.002 0.003 0.965 0.002 
480   ZFPB17    (0)   16 :  0.003 0.003 0.002 0.002 0.002 0.003 0.002 0.003 0.004 0.003 0.003 0.968 0.002 
481   ZFPB18    (0)   16 :  0.003 0.003 0.002 0.002 0.002 0.002 0.002 0.002 0.003 0.003 0.003 0.971 0.002 
482   ZFPB19    (0)   16 :  0.003 0.005 0.004 0.003 0.004 0.005 0.005 0.004 0.004 0.003 0.004 0.952 0.004 
483   ZFPB20    (0)   16 :  0.002 0.003 0.002 0.002 0.002 0.003 0.003 0.002 0.003 0.002 0.002 0.972 0.002 
484   ZFPB21    (0)   16 :  0.003 0.003 0.004 0.003 0.003 0.003 0.003 0.002 0.003 0.002 0.003 0.965 0.003 
485   ZFPB22    (0)   16 :  0.002 0.003 0.002 0.002 0.002 0.003 0.003 0.003 0.004 0.003 0.002 0.968 0.002 
486   ZFPB23    (0)   16 :  0.003 0.003 0.003 0.003 0.003 0.003 0.003 0.003 0.004 0.003 0.003 0.964 0.003 
487   ZFSF01    (0)   17 :  0.005 0.007 0.004 0.002 0.040 0.004 0.679 0.035 0.069 0.142 0.006 0.002 0.005 
488   ZFSF02    (0)   17 :  0.021 0.006 0.018 0.006 0.073 0.006 0.434 0.009 0.025 0.383 0.010 0.004 0.006 
489   ZFSF03    (0)   17 :  0.004 0.096 0.005 0.003 0.558 0.005 0.188 0.014 0.049 0.068 0.004 0.003 0.003 
490   ZFSF04    (0)   17 :  0.009 0.051 0.013 0.010 0.190 0.039 0.609 0.019 0.006 0.036 0.010 0.002 0.004 
491  ZFSW101    (0)   18 :  0.013 0.017 0.068 0.006 0.742 0.010 0.031 0.088 0.006 0.006 0.004 0.003 0.004 
492  ZFSW102    (0)   18 :  0.005 0.076 0.010 0.006 0.673 0.033 0.053 0.109 0.006 0.011 0.011 0.003 0.004 
493  ZFSW103    (0)   18 :  0.032 0.011 0.035 0.012 0.193 0.017 0.063 0.596 0.011 0.010 0.006 0.003 0.011 
494  ZFSW104    (9)   18 :  0.012 0.014 0.012 0.011 0.444 0.011 0.441 0.014 0.006 0.018 0.011 0.003 0.003 
495  ZFSW105    (0)   18 :  0.009 0.007 0.083 0.010 0.671 0.007 0.098 0.087 0.005 0.006 0.009 0.004 0.005 
496  ZFSW106    (0)   18 :  0.010 0.020 0.018 0.021 0.678 0.004 0.035 0.144 0.026 0.012 0.008 0.010 0.015 
497  ZFSW107    (0)   18 :  0.005 0.401 0.031 0.004 0.098 0.020 0.017 0.399 0.005 0.006 0.007 0.004 0.003 
498  ZFSW108    (0)   18 :  0.003 0.059 0.003 0.003 0.025 0.005 0.050 0.822 0.012 0.005 0.006 0.005 0.003 
499  ZFSW109    (0)   18 :  0.005 0.074 0.007 0.010 0.111 0.003 0.024 0.738 0.004 0.004 0.011 0.003 0.005 
500  ZFSW110    (0)   18 :  0.008 0.029 0.014 0.006 0.752 0.011 0.014 0.138 0.006 0.007 0.005 0.004 0.006 
501  ZFSW111    (0)   18 :  0.010 0.036 0.111 0.009 0.693 0.008 0.008 0.096 0.004 0.005 0.013 0.003 0.003 
502  ZFSW112    (0)   18 :  0.013 0.006 0.052 0.010 0.036 0.007 0.019 0.801 0.005 0.005 0.036 0.005 0.007 
503  ZFSW113    (0)   18 :  0.025 0.005 0.025 0.004 0.753 0.005 0.111 0.022 0.011 0.024 0.008 0.003 0.006 
504  ZFSW114    (0)   18 :  0.011 0.020 0.020 0.010 0.171 0.006 0.016 0.713 0.004 0.013 0.010 0.002 0.003 
505  ZFSW115    (0)   18 :  0.004 0.005 0.006 0.004 0.897 0.005 0.012 0.043 0.006 0.007 0.006 0.002 0.003 
506  ZFSW116    (0)   18 :  0.012 0.064 0.056 0.009 0.680 0.024 0.062 0.041 0.010 0.021 0.008 0.008 0.006 
507  ZFSW117    (0)   18 :  0.011 0.026 0.027 0.011 0.809 0.009 0.023 0.042 0.008 0.013 0.007 0.005 0.008 
508  ZFSW119    (0)   18 :  0.003 0.015 0.003 0.003 0.410 0.009 0.081 0.428 0.006 0.018 0.019 0.003 0.002 
509  ZFSW120    (0)   18 :  0.002 0.226 0.002 0.002 0.493 0.004 0.209 0.033 0.006 0.011 0.005 0.004 0.002 
510  ZFSW121    (0)   18 :  0.003 0.016 0.005 0.004 0.909 0.006 0.015 0.019 0.003 0.010 0.005 0.003 0.002 
511  ZFSW122    (0)   18 :  0.012 0.074 0.013 0.015 0.334 0.005 0.482 0.031 0.006 0.004 0.008 0.003 0.014 
512  ZFSW123    (0)   18 :  0.003 0.128 0.008 0.003 0.097 0.004 0.325 0.407 0.010 0.003 0.007 0.004 0.003 
513  ZFSW124    (0)   18 :  0.003 0.012 0.004 0.003 0.046 0.007 0.878 0.020 0.007 0.005 0.009 0.003 0.003 
514  ZFSW201    (0)   19 :  0.003 0.116 0.003 0.003 0.006 0.007 0.183 0.646 0.010 0.007 0.005 0.006 0.004 
515  ZFSW202    (0)   19 :  0.003 0.009 0.003 0.003 0.009 0.006 0.011 0.929 0.004 0.009 0.005 0.005 0.003 
516  ZFSW203    (0)   19 :  0.002 0.039 0.003 0.003 0.012 0.005 0.031 0.877 0.008 0.005 0.008 0.005 0.003 
517  ZFSW204    (0)   19 :  0.003 0.024 0.003 0.002 0.007 0.017 0.009 0.905 0.008 0.005 0.007 0.006 0.003 
518  ZFSW205    (0)   19 :  0.004 0.004 0.003 0.002 0.004 0.003 0.013 0.946 0.005 0.004 0.004 0.003 0.004 
519  ZFSW206    (0)   19 :  0.003 0.003 0.003 0.002 0.004 0.003 0.004 0.960 0.005 0.004 0.003 0.003 0.003 
520  ZFSW207    (0)   19 :  0.006 0.006 0.006 0.006 0.010 0.006 0.015 0.920 0.007 0.004 0.004 0.002 0.008 
521  ZFSW208    (0)   19 :  0.003 0.015 0.004 0.003 0.005 0.004 0.006 0.939 0.005 0.006 0.003 0.002 0.005 
522  ZFSW209    (0)   19 :  0.004 0.005 0.003 0.009 0.033 0.003 0.006 0.864 0.059 0.004 0.004 0.003 0.004 
523  ZFSW210    (0)   19 :  0.010 0.005 0.009 0.008 0.005 0.004 0.004 0.916 0.005 0.006 0.004 0.003 0.021 
524  ZFSW211    (0)   19 :  0.005 0.004 0.004 0.002 0.004 0.004 0.005 0.947 0.006 0.006 0.003 0.003 0.006 
525  ZFSW212    (0)   19 :  0.004 0.004 0.004 0.002 0.003 0.004 0.005 0.956 0.004 0.004 0.004 0.003 0.004 
526  ZFSW213    (0)   19 :  0.003 0.004 0.003 0.003 0.003 0.004 0.004 0.958 0.003 0.004 0.004 0.003 0.004 
527  ZFSW214    (0)   19 :  0.003 0.003 0.004 0.002 0.006 0.003 0.005 0.955 0.004 0.004 0.006 0.002 0.003 
528  ZFSW215    (0)   19 :  0.003 0.006 0.004 0.003 0.010 0.002 0.010 0.943 0.004 0.003 0.006 0.005 0.002 
529  ZFSW216    (0)   19 :  0.004 0.004 0.004 0.002 0.004 0.004 0.005 0.953 0.005 0.005 0.004 0.002 0.005 
530  ZFSW217    (0)   19 :  0.003 0.006 0.003 0.003 0.006 0.003 0.010 0.945 0.004 0.005 0.006 0.003 0.003 
531  ZFSW218    (0)   19 :  0.003 0.003 0.003 0.002 0.003 0.003 0.004 0.961 0.003 0.004 0.003 0.002 0.003 
532  ZFSW219    (0)   19 :  0.004 0.011 0.004 0.003 0.008 0.021 0.006 0.907 0.013 0.008 0.007 0.004 0.004 
533  ZFSW220    (0)   19 :  0.003 0.012 0.003 0.003 0.006 0.006 0.004 0.929 0.011 0.005 0.004 0.011 0.003 
534  ZFSW221    (0)   19 :  0.004 0.004 0.004 0.002 0.004 0.004 0.005 0.949 0.006 0.005 0.003 0.003 0.006 
535  ZFSW222    (0)   19 :  0.002 0.005 0.002 0.002 0.008 0.003 0.008 0.952 0.003 0.006 0.003 0.003 0.003 
536  ZFSW223    (0)   19 :  0.003 0.008 0.003 0.003 0.005 0.006 0.005 0.934 0.009 0.005 0.004 0.012 0.003 
537  ZFSW224    (0)   19 :  0.004 0.004 0.004 0.003 0.003 0.005 0.004 0.952 0.005 0.006 0.004 0.003 0.005 
538  ZFSW225    (0)   19 :  0.004 0.008 0.003 0.002 0.004 0.004 0.011 0.939 0.007 0.004 0.003 0.004 0.005 
539  ZFSW226    (0)   19 :  0.007 0.018 0.013 0.008 0.011 0.003 0.050 0.855 0.007 0.004 0.006 0.011 0.008 
540  ZFSW227    (0)   19 :  0.003 0.005 0.003 0.002 0.004 0.003 0.005 0.957 0.004 0.003 0.004 0.003 0.003 
541  ZFSW229    (0)   19 :  0.004 0.004 0.003 0.002 0.004 0.003 0.006 0.956 0.005 0.004 0.003 0.003 0.004 
542  ZFSW230    (0)   19 :  0.016 0.003 0.023 0.005 0.005 0.004 0.011 0.903 0.004 0.003 0.008 0.010 0.004 
543  ZFSW231    (0)   19 :  0.003 0.005 0.003 0.002 0.004 0.004 0.006 0.951 0.006 0.004 0.003 0.003 0.004 
544  ZFSW232    (0)   19 :  0.004 0.005 0.004 0.003 0.012 0.003 0.023 0.924 0.004 0.008 0.003 0.003 0.004 
545  ZFSW233    (0)   19 :  0.008 0.029 0.013 0.008 0.041 0.010 0.007 0.841 0.015 0.011 0.006 0.007 0.004 
546  ZFSW234    (0)   19 :  0.002 0.007 0.002 0.002 0.004 0.003 0.007 0.954 0.005 0.003 0.004 0.004 0.003 
547  ZFSW235    (0)   19 :  0.004 0.006 0.004 0.003 0.004 0.008 0.007 0.937 0.006 0.006 0.006 0.004 0.004 
548  ZFSW236    (0)   19 :  0.003 0.004 0.003 0.003 0.003 0.003 0.005 0.962 0.003 0.004 0.004 0.002 0.003 
549  ZFSW237    (0)   19 :  0.003 0.008 0.004 0.003 0.008 0.008 0.013 0.923 0.006 0.007 0.011 0.002 0.003 
550  ZFSW238    (0)   19 :  0.008 0.011 0.006 0.019 0.051 0.030 0.013 0.688 0.042 0.075 0.047 0.008 0.002 
551  ZFSW239    (0)   19 :  0.014 0.016 0.019 0.004 0.008 0.003 0.020 0.885 0.004 0.003 0.007 0.013 0.004 
552  ZFSW240    (0)   19 :  0.003 0.017 0.002 0.002 0.005 0.005 0.015 0.931 0.005 0.004 0.004 0.003 0.003 
553   ZFTS01    (0)   20 :  0.004 0.955 0.005 0.003 0.006 0.003 0.005 0.003 0.005 0.003 0.002 0.005 0.003 
554   ZFTS02    (0)   20 :  0.003 0.952 0.004 0.004 0.004 0.008 0.004 0.004 0.003 0.005 0.003 0.003 0.003 
555   ZFTS03    (0)   20 :  0.003 0.954 0.003 0.003 0.004 0.006 0.004 0.006 0.003 0.004 0.003 0.003 0.003 
556   ZFTS04    (0)   20 :  0.002 0.961 0.003 0.002 0.004 0.004 0.003 0.004 0.004 0.003 0.003 0.005 0.002 
557   ZFTS05    (0)   20 :  0.004 0.888 0.004 0.003 0.005 0.044 0.005 0.006 0.008 0.006 0.004 0.020 0.003 
558   ZFTS07    (0)   20 :  0.002 0.946 0.002 0.002 0.005 0.005 0.005 0.004 0.007 0.005 0.003 0.010 0.003 
559   ZFTS08    (0)   20 :  0.002 0.955 0.003 0.003 0.004 0.004 0.005 0.006 0.004 0.004 0.004 0.004 0.003 
560   ZFTS09    (0)   20 :  0.003 0.951 0.002 0.002 0.005 0.003 0.005 0.007 0.007 0.004 0.003 0.007 0.002 
561   ZFTS10    (0)   20 :  0.005 0.895 0.004 0.003 0.005 0.017 0.032 0.013 0.007 0.006 0.004 0.004 0.005 
562   ZFTS11    (0)   20 :  0.003 0.948 0.003 0.002 0.006 0.004 0.005 0.006 0.008 0.004 0.003 0.004 0.003 
563   ZFTS12    (0)   20 :  0.003 0.946 0.003 0.004 0.004 0.006 0.004 0.005 0.005 0.004 0.005 0.007 0.003 
564   ZFTS14    (0)   20 :  0.003 0.954 0.003 0.003 0.004 0.004 0.004 0.004 0.005 0.005 0.003 0.006 0.003 
565   ZFTS15    (0)   20 :  0.004 0.950 0.004 0.002 0.006 0.006 0.004 0.004 0.007 0.004 0.002 0.005 0.003 
566   ZFTS16    (0)   20 :  0.009 0.818 0.010 0.004 0.008 0.024 0.087 0.011 0.009 0.005 0.005 0.005 0.006 
567   ZFTS17    (9)   20 :  0.008 0.871 0.004 0.003 0.008 0.010 0.017 0.025 0.017 0.008 0.005 0.012 0.013 
568   ZFTS18    (0)   20 :  0.003 0.953 0.003 0.003 0.004 0.004 0.005 0.008 0.004 0.004 0.004 0.003 0.003 
569   ZFTS19    (9)   20 :  0.004 0.799 0.003 0.002 0.005 0.005 0.080 0.073 0.007 0.006 0.004 0.007 0.005 
570   ZFTS20    (0)   20 :  0.003 0.932 0.003 0.003 0.004 0.006 0.007 0.013 0.007 0.007 0.005 0.005 0.004 
571   ZFTS21    (0)   20 :  0.002 0.955 0.002 0.002 0.004 0.004 0.005 0.005 0.005 0.004 0.003 0.005 0.003 
572   ZFTS22    (0)   20 :  0.002 0.944 0.002 0.002 0.005 0.004 0.007 0.008 0.008 0.004 0.005 0.006 0.003 
573   ZFTS23    (0)   20 :  0.003 0.953 0.003 0.003 0.004 0.006 0.004 0.004 0.003 0.005 0.003 0.005 0.003 
574   ZFTS24    (0)   20 :  0.003 0.955 0.003 0.003 0.004 0.005 0.005 0.005 0.003 0.003 0.004 0.005 0.003 
575   ZFTS25    (0)   20 :  0.007 0.920 0.006 0.003 0.007 0.004 0.012 0.012 0.011 0.007 0.002 0.005 0.005 
576   ZFTS26    (0)   20 :  0.003 0.877 0.003 0.003 0.004 0.003 0.028 0.060 0.005 0.004 0.003 0.004 0.004 
577   ZFTS27    (0)   20 :  0.004 0.904 0.007 0.003 0.006 0.017 0.010 0.007 0.007 0.005 0.005 0.022 0.003 
578   ZFTS28    (0)   20 :  0.007 0.851 0.014 0.005 0.010 0.028 0.012 0.010 0.011 0.013 0.008 0.023 0.006 
579   ZFTS29    (0)   20 :  0.002 0.895 0.002 0.002 0.005 0.012 0.018 0.018 0.017 0.006 0.005 0.014 0.003 
580   ZFTS30    (0)   20 :  0.002 0.926 0.003 0.002 0.005 0.012 0.010 0.009 0.010 0.005 0.003 0.009 0.003 
581   ZFTS31    (0)   20 :  0.003 0.933 0.004 0.003 0.004 0.022 0.005 0.005 0.004 0.003 0.004 0.009 0.003 
582   ZFTS32    (0)   20 :  0.004 0.934 0.004 0.002 0.007 0.010 0.005 0.007 0.009 0.004 0.003 0.006 0.003 
583   ZFTS33    (0)   20 :  0.005 0.935 0.005 0.003 0.006 0.006 0.004 0.009 0.007 0.007 0.003 0.004 0.005 
584   ZFTS34    (0)   20 :  0.004 0.950 0.006 0.004 0.005 0.003 0.007 0.005 0.003 0.004 0.003 0.005 0.003 
585   ZFTS35    (0)   20 :  0.003 0.940 0.004 0.003 0.005 0.008 0.008 0.008 0.005 0.006 0.004 0.003 0.003 
586   ZFTS36    (0)   20 :  0.003 0.958 0.003 0.003 0.004 0.004 0.004 0.004 0.003 0.005 0.003 0.005 0.003 
587   ZFTS37    (0)   20 :  0.003 0.935 0.004 0.003 0.005 0.011 0.008 0.011 0.004 0.006 0.004 0.004 0.003 
588   ZFTS38    (0)   20 :  0.003 0.921 0.003 0.002 0.006 0.014 0.011 0.012 0.007 0.007 0.005 0.005 0.003 
589   ZFTS39    (0)   20 :  0.004 0.929 0.005 0.004 0.006 0.004 0.011 0.009 0.006 0.005 0.005 0.007 0.005 
590   ZFTS40    (0)   20 :  0.010 0.854 0.013 0.007 0.010 0.053 0.011 0.005 0.009 0.010 0.005 0.007 0.006 
591 ZFTSP101    (0)   21 :  0.509 0.003 0.265 0.011 0.007 0.008 0.004 0.004 0.004 0.005 0.010 0.003 0.169 
592 ZFTSP102    (0)   21 :  0.068 0.004 0.014 0.007 0.006 0.017 0.005 0.009 0.005 0.021 0.007 0.002 0.834 
593 ZFTSP103    (0)   21 :  0.219 0.002 0.023 0.016 0.013 0.005 0.004 0.005 0.005 0.020 0.063 0.002 0.622 
594 ZFTSP104    (0)   21 :  0.952 0.002 0.007 0.008 0.003 0.004 0.002 0.003 0.003 0.005 0.003 0.003 0.006 
595 ZFTSP105    (0)   21 :  0.802 0.002 0.011 0.006 0.003 0.004 0.004 0.004 0.004 0.014 0.009 0.003 0.134 
596 ZFTSP106    (0)   21 :  0.296 0.003 0.355 0.269 0.010 0.005 0.005 0.004 0.009 0.014 0.006 0.007 0.017 
597 ZFTSP107    (0)   21 :  0.910 0.003 0.006 0.008 0.004 0.004 0.003 0.003 0.005 0.015 0.009 0.003 0.027 
598 ZFTSP108    (0)   21 :  0.269 0.004 0.023 0.532 0.009 0.008 0.003 0.003 0.015 0.032 0.011 0.008 0.085 
599 ZFTSP109    (0)   21 :  0.887 0.003 0.011 0.020 0.005 0.006 0.003 0.004 0.007 0.042 0.006 0.003 0.005 
600 ZFTSP110    (0)   21 :  0.879 0.003 0.062 0.007 0.005 0.004 0.003 0.003 0.005 0.007 0.006 0.003 0.012 
601 ZFTSP111    (0)   21 :  0.879 0.003 0.043 0.005 0.003 0.007 0.003 0.003 0.004 0.004 0.005 0.002 0.041 
602 ZFTSP112    (0)   21 :  0.867 0.005 0.022 0.007 0.005 0.024 0.004 0.004 0.006 0.009 0.012 0.007 0.027 
603 ZFTSP113    (0)   21 :  0.914 0.003 0.011 0.012 0.005 0.005 0.003 0.004 0.006 0.019 0.006 0.003 0.009 
604 ZFTSP114    (0)   21 :  0.922 0.002 0.007 0.006 0.003 0.005 0.002 0.002 0.003 0.005 0.007 0.003 0.033 
605 ZFTSP115    (0)   21 :  0.856 0.004 0.034 0.020 0.006 0.012 0.003 0.004 0.005 0.016 0.014 0.008 0.017 
606 ZFTSP116    (0)   21 :  0.838 0.003 0.034 0.005 0.005 0.014 0.003 0.004 0.005 0.008 0.006 0.003 0.072 
607 ZFTSP117    (0)   21 :  0.943 0.003 0.008 0.004 0.003 0.004 0.003 0.003 0.003 0.003 0.003 0.003 0.018 
608 ZFTSP118    (0)   21 :  0.868 0.003 0.007 0.004 0.004 0.004 0.005 0.004 0.003 0.004 0.005 0.003 0.085 
609 ZFTSP119    (0)   21 :  0.252 0.010 0.021 0.524 0.016 0.005 0.037 0.019 0.015 0.034 0.005 0.005 0.056 
610 ZFTSP120    (0)   21 :  0.743 0.002 0.102 0.004 0.004 0.003 0.007 0.003 0.003 0.003 0.005 0.003 0.117 
611 ZFTSP121    (0)   21 :  0.174 0.014 0.006 0.032 0.010 0.006 0.008 0.008 0.046 0.012 0.004 0.015 0.666 
612 ZFTSP122    (0)   21 :  0.831 0.002 0.028 0.027 0.003 0.007 0.003 0.003 0.003 0.006 0.011 0.003 0.075 
613 ZFTSP123    (0)   21 :  0.942 0.003 0.012 0.011 0.003 0.003 0.002 0.002 0.003 0.005 0.003 0.003 0.007 
614 ZFTSP124    (0)   21 :  0.932 0.002 0.018 0.011 0.004 0.004 0.002 0.002 0.003 0.006 0.007 0.003 0.005 
615 ZFTSP125    (0)   21 :  0.909 0.002 0.010 0.041 0.004 0.002 0.002 0.002 0.003 0.007 0.004 0.003 0.009 
616 ZFTSP126    (0)   21 :  0.890 0.003 0.030 0.014 0.004 0.005 0.003 0.003 0.005 0.013 0.005 0.004 0.022 
617 ZFTSP127    (0)   21 :  0.933 0.003 0.010 0.015 0.003 0.005 0.002 0.002 0.003 0.008 0.006 0.003 0.007 
618 ZFTSP128    (0)   21 :  0.925 0.003 0.011 0.006 0.004 0.003 0.002 0.002 0.004 0.005 0.005 0.004 0.026 
619 ZFTSP129    (0)   21 :  0.892 0.002 0.048 0.010 0.005 0.005 0.002 0.002 0.003 0.004 0.013 0.002 0.011 
620 ZFTSP130    (0)   21 :  0.945 0.002 0.006 0.008 0.003 0.003 0.002 0.002 0.003 0.006 0.004 0.003 0.013 
621 ZFTSP131    (0)   21 :  0.946 0.002 0.012 0.006 0.003 0.003 0.003 0.002 0.002 0.004 0.004 0.002 0.011 
622 ZFTSP132    (0)   21 :  0.828 0.003 0.043 0.008 0.004 0.016 0.004 0.006 0.006 0.004 0.007 0.003 0.069 
623 ZFTSP133    (0)   21 :  0.579 0.002 0.036 0.305 0.004 0.004 0.004 0.003 0.003 0.006 0.025 0.003 0.027 
624 ZFTSP134    (0)   21 :  0.879 0.002 0.014 0.034 0.003 0.007 0.002 0.003 0.004 0.006 0.009 0.002 0.034 
625 ZFTSP135    (0)   21 :  0.915 0.002 0.015 0.006 0.003 0.003 0.004 0.003 0.003 0.005 0.004 0.003 0.033 
626 ZFTSP136    (0)   21 :  0.744 0.003 0.084 0.011 0.003 0.003 0.005 0.004 0.003 0.004 0.005 0.003 0.128 
627 ZFTSP137    (0)   21 :  0.554 0.018 0.077 0.048 0.012 0.005 0.011 0.006 0.021 0.022 0.010 0.040 0.176 
628 ZFTSP138    (0)   21 :  0.852 0.004 0.062 0.009 0.004 0.006 0.003 0.003 0.005 0.007 0.007 0.005 0.033 
629 ZFTSP139    (0)   21 :  0.852 0.002 0.062 0.034 0.003 0.003 0.002 0.002 0.003 0.004 0.004 0.003 0.026 
630 ZFTSP140    (0)   21 :  0.823 0.008 0.032 0.008 0.006 0.021 0.004 0.005 0.008 0.033 0.014 0.015 0.024 
631 ZFTSP141    (0)   21 :  0.175 0.006 0.036 0.116 0.008 0.029 0.005 0.005 0.006 0.036 0.014 0.009 0.556 
632 ZFTSP142    (0)   21 :  0.567 0.002 0.038 0.009 0.005 0.005 0.004 0.005 0.006 0.009 0.006 0.003 0.341 
633 ZFTSP143    (0)   21 :  0.896 0.002 0.031 0.010 0.004 0.005 0.004 0.004 0.003 0.007 0.008 0.002 0.023 
634 ZFTSP144    (0)   21 :  0.864 0.004 0.024 0.005 0.005 0.007 0.006 0.006 0.004 0.008 0.006 0.003 0.058 
635 ZFTSP145    (0)   21 :  0.449 0.003 0.024 0.023 0.004 0.006 0.003 0.003 0.004 0.007 0.008 0.004 0.463 
636 ZFTSP201    (9)   22 :  0.195 0.004 0.591 0.089 0.005 0.042 0.003 0.005 0.007 0.013 0.023 0.006 0.018 
637 ZFTSP202    (0)   22 :  0.174 0.004 0.079 0.199 0.003 0.178 0.005 0.003 0.009 0.005 0.015 0.037 0.288 
638 ZFTSP203    (0)   22 :  0.230 0.003 0.651 0.008 0.004 0.015 0.004 0.005 0.005 0.004 0.010 0.003 0.058 
639 ZFTSP204    (0)   22 :  0.552 0.003 0.260 0.009 0.004 0.005 0.004 0.007 0.004 0.003 0.016 0.003 0.131 
640 ZFTSP205    (0)   22 :  0.207 0.004 0.450 0.010 0.007 0.061 0.004 0.009 0.010 0.004 0.043 0.011 0.178 
641 ZFTSP206    (0)   22 :  0.055 0.003 0.810 0.025 0.008 0.019 0.005 0.008 0.004 0.006 0.034 0.004 0.020 
642 ZFTSP207    (0)   22 :  0.025 0.002 0.924 0.004 0.006 0.005 0.005 0.007 0.004 0.005 0.004 0.002 0.005 
643 ZFTSP208    (0)   22 :  0.020 0.003 0.885 0.004 0.007 0.007 0.009 0.008 0.005 0.004 0.005 0.003 0.040 
644 ZFTSP209    (0)   22 :  0.808 0.004 0.101 0.020 0.003 0.006 0.004 0.004 0.003 0.007 0.012 0.003 0.026 
645 ZFTSP210    (0)   22 :  0.572 0.003 0.369 0.012 0.004 0.006 0.004 0.005 0.005 0.005 0.004 0.003 0.008 
646 ZFTSP211    (0)   22 :  0.869 0.005 0.021 0.004 0.004 0.034 0.006 0.004 0.009 0.004 0.009 0.019 0.012 
647 ZFTSP212    (0)   22 :  0.651 0.002 0.244 0.035 0.006 0.004 0.002 0.009 0.003 0.003 0.009 0.002 0.030 
648 ZFTSP213    (0)   22 :  0.915 0.003 0.029 0.006 0.003 0.003 0.003 0.002 0.006 0.005 0.003 0.006 0.016 
649 ZFTSP214    (0)   22 :  0.263 0.002 0.028 0.033 0.013 0.005 0.004 0.004 0.006 0.018 0.043 0.003 0.577 
650 ZFTSP215    (0)   22 :  0.041 0.002 0.305 0.004 0.005 0.007 0.004 0.003 0.003 0.004 0.006 0.003 0.612 
651 ZFTSP216    (0)   22 :  0.557 0.011 0.070 0.010 0.014 0.028 0.015 0.005 0.035 0.005 0.012 0.087 0.152 
652 ZFTSP217    (0)   22 :  0.920 0.003 0.029 0.007 0.004 0.004 0.003 0.003 0.006 0.007 0.003 0.004 0.009 
653 ZFTSP218    (0)   22 :  0.678 0.003 0.246 0.008 0.006 0.004 0.004 0.004 0.004 0.009 0.006 0.004 0.024 
654 ZFTSP219    (0)   22 :  0.643 0.005 0.188 0.015 0.010 0.023 0.008 0.007 0.007 0.025 0.018 0.006 0.045 
655 ZFTSP220    (0)   22 :  0.332 0.016 0.298 0.049 0.010 0.010 0.009 0.005 0.020 0.009 0.018 0.066 0.158 
656 ZFTSP221    (0)   22 :  0.129 0.003 0.563 0.046 0.005 0.025 0.004 0.004 0.010 0.015 0.007 0.006 0.182 
657 ZFTSP222    (0)   22 :  0.547 0.012 0.162 0.022 0.007 0.021 0.005 0.004 0.087 0.010 0.006 0.110 0.007 
658 ZFTSP223    (0)   22 :  0.914 0.002 0.016 0.005 0.003 0.003 0.002 0.002 0.003 0.004 0.003 0.003 0.040 
659 ZFTSP224    (0)   22 :  0.693 0.002 0.008 0.019 0.003 0.005 0.002 0.003 0.004 0.004 0.007 0.003 0.246 
660 ZFTSP225    (0)   22 :  0.703 0.002 0.078 0.061 0.003 0.004 0.004 0.003 0.005 0.007 0.004 0.003 0.123 
661 ZFTSP226    (0)   22 :  0.823 0.002 0.007 0.012 0.003 0.005 0.003 0.003 0.004 0.007 0.005 0.002 0.122 
662 ZFTSP227    (0)   22 :  0.299 0.006 0.574 0.020 0.006 0.028 0.005 0.003 0.016 0.007 0.012 0.020 0.005 
663 ZFTSP228    (0)   22 :  0.708 0.005 0.052 0.006 0.004 0.088 0.006 0.004 0.012 0.006 0.017 0.016 0.076 
664    ZFW01    (0)   23 :  0.009 0.005 0.013 0.005 0.060 0.002 0.189 0.693 0.004 0.005 0.006 0.004 0.005 
665    ZFW02    (0)   23 :  0.003 0.005 0.005 0.003 0.037 0.003 0.022 0.899 0.004 0.006 0.005 0.005 0.003 
666    ZFW03    (0)   23 :  0.006 0.003 0.005 0.002 0.028 0.003 0.201 0.723 0.005 0.005 0.003 0.003 0.014 
667    ZFW04    (0)   23 :  0.003 0.011 0.005 0.003 0.019 0.004 0.456 0.463 0.006 0.007 0.013 0.009 0.003 
668    ZFW05    (0)   23 :  0.007 0.005 0.004 0.018 0.105 0.006 0.692 0.021 0.096 0.014 0.012 0.003 0.017 
669    ZFW06    (0)   23 :  0.004 0.008 0.006 0.003 0.021 0.009 0.515 0.342 0.031 0.005 0.008 0.044 0.003 
670   ZFWB01    (0)   24 :  0.006 0.008 0.006 0.008 0.006 0.019 0.004 0.007 0.005 0.917 0.005 0.003 0.005 
671   ZFWB02    (0)   24 :  0.017 0.004 0.010 0.004 0.054 0.006 0.180 0.044 0.108 0.539 0.008 0.004 0.021 
672   ZFWB03    (0)   24 :  0.004 0.002 0.003 0.004 0.003 0.003 0.005 0.005 0.003 0.955 0.005 0.002 0.004 
673   ZFWB05    (0)   24 :  0.017 0.089 0.023 0.055 0.139 0.006 0.036 0.011 0.008 0.595 0.005 0.007 0.009 
674   ZFWB06    (0)   24 :  0.007 0.010 0.006 0.006 0.008 0.013 0.008 0.014 0.006 0.904 0.005 0.004 0.009 
675   ZFWB07    (0)   24 :  0.004 0.005 0.004 0.008 0.009 0.005 0.004 0.006 0.010 0.929 0.005 0.006 0.004 
676   ZFWB10    (0)   24 :  0.013 0.036 0.008 0.043 0.036 0.008 0.021 0.014 0.007 0.789 0.005 0.011 0.009 
677   ZFWB11    (0)   24 :  0.003 0.010 0.003 0.005 0.005 0.006 0.004 0.004 0.006 0.940 0.004 0.007 0.003 
678   ZFWB12    (0)   24 :  0.016 0.002 0.005 0.004 0.006 0.003 0.020 0.005 0.004 0.891 0.005 0.003 0.036 
679   ZFWB13    (9)   24 :  0.037 0.004 0.018 0.042 0.026 0.010 0.007 0.005 0.006 0.711 0.022 0.005 0.107 
680   ZFWB14    (0)   24 :  0.007 0.004 0.005 0.006 0.005 0.006 0.003 0.005 0.004 0.944 0.004 0.003 0.004 
681   ZFWB15    (9)   24 :  0.006 0.006 0.006 0.007 0.015 0.005 0.009 0.007 0.007 0.919 0.005 0.005 0.004 
682   ZFWB18    (0)   24 :  0.006 0.003 0.004 0.004 0.004 0.005 0.002 0.003 0.005 0.954 0.004 0.003 0.004 
683   ZFWB19    (0)   24 :  0.003 0.005 0.004 0.004 0.015 0.005 0.012 0.005 0.013 0.923 0.004 0.004 0.003 
684   ZFWB20    (0)   24 :  0.006 0.005 0.005 0.003 0.008 0.007 0.005 0.005 0.006 0.939 0.003 0.003 0.005 
685   ZFWB21    (0)   24 :  0.005 0.003 0.005 0.004 0.007 0.010 0.004 0.005 0.008 0.933 0.007 0.004 0.004 
686   ZFWB22    (0)   24 :  0.037 0.005 0.009 0.003 0.023 0.011 0.036 0.010 0.010 0.795 0.004 0.005 0.052 
687   ZFWB23    (0)   24 :  0.034 0.006 0.027 0.085 0.035 0.030 0.005 0.007 0.007 0.703 0.012 0.006 0.044 
688   ZFWB24    (0)   24 :  0.006 0.003 0.004 0.006 0.005 0.012 0.008 0.002 0.004 0.941 0.003 0.002 0.004 
689   ZFWB25    (0)   24 :  0.006 0.012 0.005 0.004 0.010 0.014 0.009 0.008 0.006 0.914 0.004 0.004 0.005 
690   ZFWB26    (0)   24 :  0.009 0.005 0.005 0.002 0.006 0.005 0.007 0.016 0.011 0.919 0.004 0.003 0.008 
691   ZFWB27    (0)   24 :  0.007 0.006 0.006 0.003 0.006 0.007 0.005 0.013 0.027 0.903 0.004 0.003 0.009 
692   ZFWB29    (0)   24 :  0.005 0.012 0.004 0.004 0.022 0.011 0.077 0.006 0.008 0.839 0.006 0.003 0.003 
693   ZFWB30    (0)   24 :  0.004 0.010 0.004 0.005 0.017 0.023 0.008 0.003 0.012 0.899 0.008 0.004 0.003 
694   ZFWB31    (0)   24 :  0.007 0.003 0.004 0.004 0.004 0.005 0.002 0.004 0.005 0.951 0.004 0.002 0.004 
695   ZFWB32    (9)   24 :  0.005 0.019 0.006 0.004 0.021 0.005 0.013 0.029 0.017 0.857 0.009 0.010 0.004 
696   ZFWB35    (0)   24 :  0.006 0.003 0.003 0.003 0.003 0.004 0.002 0.004 0.006 0.955 0.004 0.002 0.005 
697   ZFWB36    (0)   24 :  0.005 0.004 0.004 0.004 0.004 0.006 0.005 0.012 0.009 0.933 0.005 0.004 0.007 
698   ZFWB37    (0)   24 :  0.008 0.003 0.005 0.003 0.005 0.004 0.004 0.007 0.008 0.938 0.003 0.002 0.009 
699   ZFWB38    (0)   24 :  0.007 0.004 0.004 0.004 0.005 0.004 0.005 0.011 0.006 0.941 0.003 0.002 0.004 
700   ZFWB39    (9)   24 :  0.006 0.004 0.004 0.005 0.004 0.010 0.003 0.005 0.005 0.940 0.006 0.004 0.006 
701   ZFWB40    (0)   24 :  0.005 0.010 0.004 0.007 0.010 0.010 0.005 0.003 0.008 0.924 0.008 0.004 0.003 
702   ZFWB41    (9)   24 :  0.007 0.006 0.006 0.007 0.008 0.005 0.006 0.006 0.007 0.927 0.006 0.005 0.006 
703   ZFWB42    (0)   24 :  0.005 0.003 0.003 0.005 0.004 0.004 0.003 0.003 0.003 0.958 0.003 0.002 0.004 
704   ZFWB43    (0)   24 :  0.004 0.003 0.003 0.003 0.003 0.003 0.002 0.005 0.007 0.956 0.003 0.002 0.004 
705   ZFWB44    (0)   24 :  0.006 0.007 0.004 0.003 0.008 0.005 0.012 0.412 0.207 0.319 0.005 0.004 0.008 
706   ZFWB46    (0)   24 :  0.004 0.007 0.003 0.004 0.007 0.022 0.006 0.005 0.009 0.921 0.005 0.002 0.003 
707   ZFWB47    (9)   24 :  0.006 0.010 0.005 0.005 0.017 0.004 0.016 0.047 0.016 0.855 0.007 0.007 0.005 
708   ZFWB48    (0)   24 :  0.004 0.008 0.004 0.103 0.008 0.059 0.006 0.003 0.029 0.763 0.006 0.003 0.003 
709   ZFWB49    (0)   24 :  0.151 0.006 0.021 0.065 0.010 0.012 0.005 0.005 0.017 0.695 0.006 0.002 0.004 
710    ZCF01    (0)   25 :  0.006 0.011 0.003 0.003 0.006 0.021 0.023 0.007 0.833 0.014 0.004 0.044 0.026 
711    ZCF02    (0)   25 :  0.004 0.026 0.003 0.003 0.020 0.006 0.231 0.012 0.603 0.070 0.005 0.012 0.004 
712    ZCF03    (0)   25 :  0.012 0.019 0.008 0.003 0.010 0.006 0.008 0.009 0.689 0.067 0.006 0.154 0.008 
713    ZCF04    (0)   25 :  0.005 0.003 0.007 0.005 0.005 0.004 0.006 0.003 0.877 0.003 0.005 0.073 0.003 
714    ZCF05    (0)   25 :  0.003 0.020 0.002 0.003 0.031 0.005 0.016 0.013 0.886 0.008 0.005 0.005 0.003 
715    ZCF06    (0)   25 :  0.011 0.008 0.007 0.008 0.012 0.027 0.004 0.004 0.834 0.006 0.053 0.018 0.009 
716    ZCF07    (0)   25 :  0.005 0.004 0.003 0.003 0.007 0.004 0.011 0.008 0.914 0.019 0.003 0.004 0.016 
717    ZCF08    (0)   25 :  0.006 0.004 0.003 0.007 0.007 0.005 0.019 0.004 0.894 0.028 0.004 0.011 0.009 
718    ZCF09    (0)   25 :  0.072 0.013 0.032 0.112 0.011 0.040 0.006 0.002 0.480 0.006 0.029 0.123 0.073 
719    ZCF10    (0)   25 :  0.024 0.010 0.009 0.013 0.007 0.012 0.008 0.016 0.846 0.024 0.007 0.007 0.019 
720    ZCF11    (0)   25 :  0.009 0.005 0.010 0.004 0.010 0.004 0.007 0.014 0.899 0.019 0.004 0.006 0.008 
721    ZCF12    (0)   25 :  0.003 0.015 0.003 0.005 0.008 0.017 0.006 0.004 0.909 0.004 0.003 0.020 0.002 
722    ZCF13    (0)   25 :  0.003 0.019 0.004 0.020 0.006 0.003 0.008 0.016 0.896 0.011 0.005 0.005 0.005 
723    ZCF14    (0)   25 :  0.010 0.029 0.017 0.011 0.309 0.162 0.013 0.010 0.411 0.007 0.007 0.009 0.007 
724    ZCF15    (0)   25 :  0.006 0.006 0.004 0.005 0.030 0.008 0.004 0.007 0.863 0.039 0.012 0.013 0.003 
725    ZCF16    (0)   25 :  0.005 0.007 0.003 0.003 0.008 0.015 0.004 0.007 0.914 0.009 0.006 0.010 0.008 
726    ZCF17    (0)   25 :  0.004 0.005 0.003 0.002 0.005 0.008 0.005 0.006 0.926 0.023 0.005 0.003 0.005 
727    ZCF18    (0)   25 :  0.004 0.025 0.004 0.012 0.035 0.005 0.010 0.017 0.850 0.010 0.008 0.016 0.003 
728    ZCF19    (0)   25 :  0.004 0.028 0.004 0.003 0.500 0.073 0.014 0.011 0.280 0.011 0.015 0.056 0.002 
729    ZCF20    (0)   25 :  0.012 0.007 0.012 0.005 0.013 0.007 0.012 0.013 0.876 0.022 0.004 0.005 0.011 
730    ZCF21    (0)   25 :  0.007 0.013 0.003 0.004 0.012 0.008 0.006 0.011 0.892 0.010 0.007 0.023 0.004 
731    ZCF22    (0)   25 :  0.015 0.016 0.008 0.005 0.033 0.010 0.017 0.018 0.842 0.011 0.007 0.004 0.015 
732    ZCF23    (0)   25 :  0.005 0.007 0.003 0.006 0.004 0.005 0.009 0.011 0.919 0.016 0.003 0.008 0.006 
733    ZCF24    (0)   25 :  0.026 0.005 0.005 0.025 0.004 0.015 0.003 0.003 0.856 0.012 0.010 0.011 0.026 
734    ZCF25    (0)   25 :  0.007 0.004 0.007 0.006 0.007 0.014 0.003 0.003 0.925 0.005 0.006 0.004 0.007 
735    ZCF26    (0)   25 :  0.007 0.008 0.003 0.003 0.005 0.006 0.004 0.004 0.928 0.004 0.015 0.003 0.008 
736    ZCF27    (0)   25 :  0.004 0.006 0.003 0.004 0.007 0.008 0.005 0.007 0.928 0.013 0.005 0.006 0.005 
737    ZCF28    (0)   25 :  0.003 0.026 0.003 0.004 0.010 0.011 0.011 0.016 0.878 0.017 0.008 0.006 0.005 
738    ZCF29    (0)   25 :  0.031 0.020 0.015 0.040 0.030 0.140 0.010 0.007 0.060 0.049 0.011 0.574 0.013 
739    ZCF30    (0)   25 :  0.004 0.004 0.003 0.005 0.010 0.003 0.004 0.008 0.934 0.007 0.007 0.004 0.007 
740    ZCF31    (0)   25 :  0.003 0.006 0.004 0.003 0.015 0.006 0.028 0.005 0.829 0.082 0.005 0.012 0.002 
741    ZCF32    (0)   25 :  0.004 0.267 0.006 0.003 0.024 0.012 0.004 0.008 0.645 0.005 0.005 0.011 0.004 
742    ZCF33    (0)   25 :  0.003 0.108 0.002 0.004 0.008 0.006 0.025 0.013 0.813 0.003 0.004 0.008 0.003 
743    ZCF34    (0)   25 :  0.036 0.033 0.042 0.021 0.011 0.033 0.005 0.005 0.778 0.017 0.005 0.007 0.006 
744    ZCF35    (0)   25 :  0.013 0.005 0.012 0.008 0.004 0.010 0.006 0.004 0.787 0.006 0.007 0.135 0.003 
745    ZCF36    (0)   25 :  0.005 0.014 0.006 0.003 0.008 0.007 0.056 0.058 0.820 0.005 0.005 0.007 0.007 
746    ZCF37    (0)   25 :  0.008 0.024 0.005 0.003 0.005 0.019 0.007 0.010 0.872 0.015 0.004 0.022 0.005 
747    ZCF38    (0)   25 :  0.007 0.005 0.007 0.014 0.007 0.007 0.004 0.006 0.885 0.030 0.016 0.007 0.004 
748    ZCF39    (0)   25 :  0.485 0.006 0.031 0.015 0.011 0.006 0.004 0.010 0.381 0.027 0.003 0.015 0.007 
749    ZCF40    (0)   25 :  0.009 0.004 0.009 0.004 0.007 0.017 0.003 0.008 0.900 0.014 0.010 0.004 0.012 
750    ZCF41    (0)   25 :  0.004 0.047 0.003 0.003 0.066 0.049 0.009 0.017 0.751 0.007 0.011 0.026 0.007 
751    ZCF42    (0)   25 :  0.019 0.006 0.005 0.006 0.013 0.009 0.005 0.003 0.722 0.085 0.041 0.071 0.014 


Estimated Allele Frequencies in each cluster
First column gives estimated ancestral frequencies


Locus 1 : 
11 alleles
0.0% missing data
 206   (0.216) 0.196 0.003 0.303 0.308 0.480 0.005 0.218 0.143 0.063 0.196 0.687 0.002 0.002 
 204   (0.450) 0.741 0.886 0.570 0.433 0.163 0.989 0.520 0.455 0.624 0.796 0.208 0.995 0.996 
 222   (0.070) 0.001 0.107 0.001 0.001 0.124 0.001 0.130 0.001 0.113 0.002 0.001 0.001 0.000 
 218   (0.056) 0.061 0.001 0.111 0.001 0.005 0.001 0.001 0.395 0.003 0.001 0.064 0.000 0.000 
 216   (0.017) 0.000 0.000 0.013 0.000 0.001 0.000 0.000 0.000 0.001 0.000 0.000 0.000 0.000 
 208   (0.024) 0.000 0.001 0.002 0.167 0.002 0.001 0.000 0.000 0.004 0.001 0.000 0.000 0.000 
 224   (0.051) 0.000 0.001 0.000 0.001 0.092 0.001 0.128 0.001 0.007 0.002 0.038 0.000 0.000 
 220   (0.060) 0.000 0.001 0.000 0.088 0.120 0.001 0.001 0.004 0.160 0.001 0.001 0.001 0.000 
 230   (0.020) 0.000 0.000 0.000 0.000 0.011 0.000 0.000 0.000 0.001 0.000 0.000 0.000 0.000 
 210   (0.018) 0.000 0.000 0.000 0.000 0.001 0.000 0.000 0.000 0.016 0.000 0.000 0.000 0.000 
 202   (0.018) 0.000 0.000 0.000 0.000 0.002 0.000 0.000 0.000 0.008 0.000 0.000 0.000 0.000 

Locus 2 : 
5 alleles
0.7% missing data
 179   (0.616) 0.399 0.661 0.551 0.043 0.663 0.776 0.992 0.995 0.774 0.270 0.480 0.675 0.987 
 173   (0.296) 0.539 0.004 0.369 0.956 0.314 0.223 0.007 0.004 0.200 0.728 0.519 0.324 0.013 
 182   (0.040) 0.061 0.000 0.080 0.001 0.010 0.001 0.000 0.000 0.002 0.001 0.000 0.000 0.000 
 170   (0.027) 0.000 0.335 0.000 0.000 0.012 0.000 0.000 0.000 0.001 0.001 0.000 0.000 0.000 
 176   (0.021) 0.000 0.000 0.000 0.000 0.002 0.000 0.000 0.000 0.023 0.000 0.000 0.000 0.000 

Locus 3 : 
7 alleles
0.0% missing data
 198   (0.489) 0.569 0.389 0.744 0.232 0.561 0.745 0.692 0.841 0.316 0.866 0.510 0.005 0.123 
 207   (0.226) 0.004 0.607 0.009 0.042 0.266 0.008 0.305 0.112 0.538 0.113 0.003 0.992 0.003 
 216   (0.083) 0.117 0.001 0.020 0.291 0.007 0.243 0.001 0.001 0.004 0.001 0.485 0.001 0.493 
 195   (0.108) 0.308 0.002 0.209 0.435 0.061 0.003 0.002 0.027 0.006 0.018 0.001 0.002 0.381 
 213   (0.031) 0.001 0.000 0.017 0.001 0.003 0.000 0.001 0.018 0.002 0.001 0.000 0.000 0.000 
 210   (0.040) 0.000 0.000 0.000 0.001 0.100 0.001 0.000 0.000 0.054 0.001 0.000 0.000 0.000 
 219   (0.023) 0.000 0.000 0.000 0.000 0.003 0.001 0.000 0.000 0.080 0.000 0.000 0.000 0.000 

Locus 4 : 
7 alleles
0.0% missing data
 166   (0.338) 0.314 0.573 0.460 0.980 0.306 0.011 0.419 0.656 0.117 0.663 0.668 0.004 0.514 
 182   (0.162) 0.001 0.177 0.001 0.002 0.209 0.415 0.515 0.045 0.216 0.080 0.112 0.003 0.001 
 178   (0.269) 0.672 0.100 0.416 0.005 0.344 0.006 0.009 0.296 0.419 0.252 0.103 0.004 0.483 
 184   (0.127) 0.011 0.149 0.024 0.003 0.019 0.563 0.055 0.001 0.205 0.002 0.113 0.986 0.001 
 180   (0.033) 0.000 0.000 0.100 0.001 0.015 0.000 0.000 0.000 0.003 0.001 0.000 0.000 0.001 
 186   (0.041) 0.001 0.001 0.000 0.001 0.100 0.002 0.001 0.000 0.030 0.001 0.002 0.000 0.000 
 168   (0.030) 0.000 0.000 0.000 0.009 0.007 0.002 0.000 0.000 0.010 0.001 0.001 0.002 0.000 

Locus 5 : 
9 alleles
0.0% missing data
 215   (0.513) 0.378 0.215 0.168 0.011 0.415 0.942 0.564 0.883 0.864 0.693 0.836 0.301 0.940 
 207   (0.178) 0.619 0.002 0.714 0.186 0.058 0.049 0.229 0.008 0.029 0.004 0.152 0.696 0.059 
 225   (0.073) 0.001 0.001 0.001 0.001 0.370 0.001 0.150 0.048 0.004 0.258 0.001 0.001 0.000 
 217   (0.089) 0.001 0.780 0.001 0.001 0.114 0.003 0.055 0.058 0.036 0.002 0.008 0.001 0.000 
 211   (0.015) 0.000 0.000 0.004 0.000 0.001 0.000 0.000 0.000 0.001 0.000 0.000 0.000 0.000 
 205   (0.032) 0.000 0.000 0.113 0.313 0.002 0.001 0.000 0.000 0.002 0.001 0.000 0.000 0.000 
 189   (0.042) 0.000 0.000 0.000 0.487 0.006 0.001 0.000 0.000 0.055 0.003 0.001 0.001 0.000 
 227   (0.038) 0.000 0.001 0.000 0.001 0.031 0.003 0.001 0.002 0.002 0.039 0.001 0.000 0.000 
 223   (0.021) 0.000 0.000 0.000 0.000 0.002 0.000 0.000 0.000 0.008 0.000 0.000 0.000 0.000 

Locus 6 : 
2 alleles
1.1% missing data
 205   (0.071) 0.001 0.001 0.001 0.001 0.117 0.001 0.555 0.001 0.018 0.165 0.003 0.001 0.000 
 203   (0.929) 0.999 0.999 0.999 0.999 0.883 0.999 0.445 0.999 0.982 0.835 0.997 0.999 1.000 

Locus 7 : 
9 alleles
0.3% missing data
 187   (0.238) 0.002 0.991 0.002 0.003 0.313 0.423 0.659 0.621 0.174 0.193 0.297 0.243 0.001 
 199   (0.129) 0.001 0.002 0.001 0.121 0.144 0.003 0.006 0.280 0.313 0.165 0.002 0.051 0.001 
 189   (0.115) 0.165 0.002 0.177 0.002 0.254 0.003 0.329 0.094 0.007 0.003 0.050 0.001 0.004 
 195   (0.263) 0.655 0.003 0.278 0.641 0.209 0.564 0.003 0.003 0.218 0.632 0.649 0.003 0.992 
 191   (0.071) 0.126 0.001 0.291 0.109 0.045 0.001 0.001 0.001 0.008 0.003 0.001 0.001 0.001 
 183   (0.034) 0.000 0.000 0.060 0.001 0.003 0.001 0.000 0.000 0.022 0.001 0.000 0.001 0.000 
 193   (0.086) 0.051 0.001 0.191 0.096 0.025 0.002 0.001 0.001 0.098 0.002 0.001 0.001 0.001 
 201   (0.040) 0.000 0.000 0.000 0.001 0.004 0.001 0.000 0.000 0.156 0.001 0.000 0.699 0.000 
 197   (0.024) 0.000 0.000 0.000 0.026 0.003 0.003 0.000 0.000 0.004 0.001 0.000 0.000 0.000 

Locus 8 : 
8 alleles
0.4% missing data
 213   (0.197) 0.446 0.059 0.239 0.085 0.079 0.003 0.654 0.418 0.106 0.128 0.002 0.036 0.396 
 207   (0.167) 0.007 0.582 0.003 0.003 0.254 0.514 0.328 0.070 0.181 0.072 0.160 0.002 0.001 
 215   (0.090) 0.100 0.001 0.001 0.268 0.007 0.002 0.007 0.001 0.087 0.126 0.001 0.084 0.165 
 209   (0.218) 0.169 0.354 0.114 0.038 0.221 0.005 0.007 0.003 0.448 0.666 0.094 0.711 0.009 
 211   (0.187) 0.274 0.002 0.393 0.458 0.149 0.474 0.002 0.003 0.144 0.005 0.641 0.167 0.428 
 205   (0.091) 0.003 0.001 0.248 0.147 0.178 0.002 0.001 0.505 0.008 0.002 0.100 0.001 0.001 
 217   (0.034) 0.000 0.000 0.000 0.000 0.111 0.001 0.000 0.000 0.018 0.001 0.000 0.000 0.000 
 199   (0.016) 0.000 0.000 0.000 0.000 0.001 0.000 0.000 0.000 0.008 0.000 0.000 0.000 0.000 

Locus 9 : 
7 alleles
0.3% missing data
 184   (0.200) 0.003 0.480 0.002 0.003 0.447 0.005 0.571 0.898 0.429 0.712 0.002 0.003 0.001 
 186   (0.258) 0.386 0.081 0.845 0.642 0.274 0.007 0.368 0.013 0.055 0.007 0.079 0.134 0.267 
 188   (0.351) 0.022 0.438 0.141 0.219 0.259 0.984 0.059 0.087 0.280 0.276 0.337 0.861 0.005 
 176   (0.076) 0.230 0.001 0.010 0.134 0.011 0.001 0.001 0.001 0.071 0.003 0.001 0.001 0.014 
 190   (0.071) 0.337 0.001 0.002 0.001 0.006 0.002 0.001 0.001 0.041 0.002 0.580 0.001 0.712 
 182   (0.024) 0.000 0.000 0.000 0.000 0.002 0.000 0.000 0.000 0.123 0.000 0.000 0.000 0.000 
 192   (0.020) 0.023 0.000 0.000 0.000 0.001 0.000 0.000 0.000 0.001 0.000 0.000 0.000 0.000 

Locus 10 : 
3 alleles
0.0% missing data
 220   (0.225) 0.002 0.666 0.002 0.003 0.411 0.004 0.461 0.355 0.311 0.032 0.088 0.847 0.001 
 217   (0.753) 0.998 0.334 0.998 0.997 0.588 0.996 0.539 0.645 0.688 0.967 0.827 0.153 0.999 
 223   (0.021) 0.000 0.000 0.000 0.000 0.002 0.000 0.000 0.000 0.001 0.000 0.084 0.000 0.000 

Locus 11 : 
6 alleles
0.0% missing data
 205   (0.310) 0.003 0.595 0.002 0.038 0.414 0.110 0.707 0.983 0.450 0.007 0.889 0.725 0.002 
 202   (0.161) 0.236 0.003 0.048 0.006 0.086 0.010 0.255 0.003 0.052 0.023 0.002 0.114 0.896 
 211   (0.412) 0.760 0.401 0.949 0.954 0.464 0.879 0.037 0.012 0.132 0.488 0.107 0.023 0.101 
 208   (0.064) 0.001 0.001 0.001 0.001 0.032 0.001 0.001 0.001 0.318 0.481 0.001 0.001 0.000 
 217   (0.030) 0.000 0.000 0.000 0.000 0.002 0.000 0.000 0.000 0.010 0.001 0.000 0.137 0.000 
 214   (0.024) 0.000 0.000 0.000 0.000 0.002 0.000 0.000 0.000 0.039 0.000 0.000 0.000 0.000 

Values of parameters used in structure:
DATAFILE=C:\Users\eschumacher\Documents\GitHub\GCC_QUAC_ZAIN\Data_Files\Structure_Files\ZAIN\ZAIN_rebinned_wild\project_data,	OUTFILE=C:\Users\eschumacher\Documents\GitHub\GCC_QUAC_ZAIN\Data_Files\Structure_Files\ZAIN\ZAIN_rebinned_wild\50-50\Results\50-50_run_65,	NUMINDS=751,	NUMLOCI=11,	MISSING=-9,	LABEL=1,	POPDATA=1,	POPFLAG=0,	PHENOTYPE=0,	EXTRACOLS=0,	MAXPOPS=13,	BURNIN=50000,	NUMREPS=50000,	USEPOPINFO=0,	INFERALPHA=1,	INFERLAMBDA=0,	POPSPECIFICLAMBDA=0,	POPALPHAS=0,	COMPUTEPROB=1,	NOADMIX=0,	ADMBURNIN=2500,	UPDATEFREQ=1,	PRINTLIKES=0,	INTERMEDSAVE=0,	PRINTKLD=0,	PRINTNET=0,	PRINTLAMBDA=0,	ANCESTDIST=0,	NUMBOXES=1000,	ANCESTPINT=0.90000,	GENSBACK=2,	MIGRPRIOR=0.05000,	PRINTQHAT=0,	PRINTQSUM=0,	ALPHA=1.0000,	FREQSCORR=1,	FPRIORMEAN=0.0100,	FPRIORSD=0.0500,	ONEFST=0,	LAMBDA=1.0000,	UNIFPRIORALPHA=1,	ALPHAMAX=10.0000,	ALPHAPRIORA=1.0000,	ALPHAPRIORB=2.0000,	ALPHAPROPSD=0.0250,	STARTATPOPINFO=0,	RANDOMIZE=1,	LINKAGE=0,	METROFREQ=10,	REPORTHITRATE=0,	MARKOVPHASE=-1,	PHASED=0,	PLOIDY=2,	PHASEINFO=0	LOCPRIOR=0, 	LOCPRIORINIT=1.000000, 	LOCDATA=0, 	LOCISPOP=0, 	LOCPRIORSTEP=0.100000, 	MAXLOCPRIOR=20.000000, 	SEED=1660250781,	
[STRAT parameters]:    NUMSIMSTATS=1000,	PHENOTYPECOL=-9,	POOLFREQ=10,	LOCUSxONLY=0,	EMERROR=0.00100,	MISSINGPHENO=-9,	