

----------------------------------------------------
STRUCTURE by Pritchard, Stephens and Donnelly (2000)
     and Falush, Stephens and Pritchard (2003)
       Code by Pritchard, Falush and Hubisz
             Version 2.3.4 (Jul 2012)
----------------------------------------------------



Command line arguments:   bin\structure -m C:\Users\eschumacher\Documents\GitHub\GCC_QUAC_ZAIN\Data_Files\Structure_Files\ZAIN\ZAIN_rebinned_wild\50-50\mainparams -e C:\Users\eschumacher\Documents\GitHub\GCC_QUAC_ZAIN\Data_Files\Structure_Files\ZAIN\ZAIN_rebinned_wild\50-50\extraparams 
Input File:    C:\Users\eschumacher\Documents\GitHub\GCC_QUAC_ZAIN\Data_Files\Structure_Files\ZAIN\ZAIN_rebinned_wild\project_data

Run parameters:
   751 individuals
   11 loci
   12 populations assumed
   50000 Burn-in period
   50000 Reps


--------------------------------------------
Proportion of membership of each pre-defined
 population in each of the 12 clusters

Given    Inferred Clusters                                                                      Number of
 Pop       1      2      3      4      5      6      7      8      9     10     11     12      Individuals

  1:     0.892  0.008  0.019  0.015  0.006  0.011  0.005  0.010  0.005  0.004  0.019  0.006       35
  2:     0.006  0.020  0.005  0.006  0.667  0.005  0.018  0.007  0.020  0.014  0.009  0.223       36
  3:     0.004  0.009  0.005  0.006  0.777  0.005  0.008  0.014  0.028  0.020  0.006  0.117       33
  4:     0.006  0.036  0.017  0.006  0.012  0.010  0.873  0.007  0.009  0.009  0.008  0.008       40
  5:     0.004  0.006  0.003  0.005  0.007  0.003  0.006  0.006  0.009  0.911  0.004  0.036       39
  6:     0.041  0.013  0.027  0.094  0.033  0.018  0.019  0.055  0.013  0.013  0.654  0.019       40
  7:     0.022  0.050  0.058  0.619  0.011  0.053  0.022  0.046  0.023  0.011  0.075  0.010       37
  8:     0.006  0.006  0.003  0.003  0.761  0.005  0.006  0.006  0.017  0.013  0.005  0.169       40
  9:     0.822  0.040  0.007  0.007  0.005  0.077  0.005  0.006  0.003  0.012  0.010  0.006       28
 10:     0.005  0.928  0.006  0.004  0.007  0.004  0.019  0.005  0.006  0.005  0.004  0.007       14
 11:     0.009  0.018  0.836  0.041  0.008  0.014  0.006  0.007  0.005  0.039  0.006  0.012       13
 12:     0.004  0.006  0.002  0.004  0.016  0.007  0.022  0.006  0.008  0.030  0.004  0.890       14
 13:     0.004  0.014  0.008  0.008  0.835  0.006  0.009  0.006  0.042  0.012  0.006  0.050       25
 14:     0.006  0.005  0.005  0.005  0.015  0.005  0.008  0.006  0.924  0.006  0.006  0.010       40
 15:     0.023  0.026  0.008  0.010  0.020  0.009  0.787  0.018  0.008  0.018  0.021  0.053       32
 16:     0.003  0.005  0.955  0.006  0.004  0.003  0.004  0.003  0.004  0.004  0.003  0.004       20
 17:     0.484  0.013  0.007  0.040  0.010  0.021  0.008  0.154  0.005  0.005  0.245  0.010        4
 18:     0.149  0.011  0.013  0.007  0.026  0.288  0.010  0.010  0.008  0.005  0.463  0.010       23
 19:     0.014  0.006  0.006  0.008  0.005  0.927  0.006  0.007  0.004  0.004  0.008  0.005       39
 20:     0.050  0.020  0.822  0.011  0.006  0.046  0.005  0.011  0.004  0.004  0.015  0.005       38
 21:     0.005  0.007  0.004  0.006  0.040  0.004  0.009  0.012  0.051  0.115  0.005  0.743       45
 22:     0.005  0.024  0.011  0.013  0.301  0.005  0.013  0.007  0.026  0.113  0.006  0.477       28
 23:     0.348  0.005  0.008  0.024  0.007  0.530  0.008  0.007  0.006  0.007  0.045  0.005        6
 24:     0.014  0.010  0.006  0.018  0.007  0.019  0.006  0.868  0.014  0.011  0.015  0.012       40
 25:     0.016  0.018  0.044  0.800  0.008  0.010  0.009  0.018  0.011  0.010  0.035  0.021       42
--------------------------------------------

Allele-freq. divergence among pops (Net nucleotide distance),
computed using point estimates of P.

      1       2       3       4       5       6       7       8       9      10      11      12      
 1      -    0.2566  0.1813  0.1317  0.2490  0.0974  0.2152  0.2230  0.3695  0.2939  0.0953  0.2520  
 2   0.2566     -    0.2308  0.1582  0.2066  0.2795  0.1954  0.1870  0.2823  0.2454  0.1810  0.1920  
 3   0.1813  0.2308     -    0.1094  0.2914  0.2227  0.2612  0.2596  0.3574  0.3678  0.1487  0.2883  
 4   0.1317  0.1582  0.1094     -    0.2016  0.1222  0.1536  0.1163  0.2780  0.2002  0.0686  0.1644  
 5   0.2490  0.2066  0.2914  0.2016     -    0.2767  0.2071  0.1766  0.1129  0.2436  0.1293  0.0498  
 6   0.0974  0.2795  0.2227  0.1222  0.2767     -    0.1855  0.2041  0.3868  0.3065  0.1139  0.2776  
 7   0.2152  0.1954  0.2612  0.1536  0.2071  0.1855     -    0.1847  0.2030  0.1985  0.1217  0.1707  
 8   0.2230  0.1870  0.2596  0.1163  0.1766  0.2041  0.1847     -    0.1874  0.2493  0.1170  0.1326  
 9   0.3695  0.2823  0.3574  0.2780  0.1129  0.3868  0.2030  0.1874     -    0.2924  0.1967  0.1246  
10   0.2939  0.2454  0.3678  0.2002  0.2436  0.3065  0.1985  0.2493  0.2924     -    0.2512  0.1389  
11   0.0953  0.1810  0.1487  0.0686  0.1293  0.1139  0.1217  0.1170  0.1967  0.2512     -    0.1373  
12   0.2520  0.1920  0.2883  0.1644  0.0498  0.2776  0.1707  0.1326  0.1246  0.1389  0.1373     -    

Average distances (expected heterozygosity) between individuals in same cluster:
cluster  1  : 0.4698 
cluster  2  : 0.2409 
cluster  3  : 0.4151 
cluster  4  : 0.5337 
cluster  5  : 0.4040 
cluster  6  : 0.3149 
cluster  7  : 0.3993 
cluster  8  : 0.3870 
cluster  9  : 0.3621 
cluster 10  : 0.2286 
cluster 11  : 0.6114 
cluster 12  : 0.4287 

--------------------------------------------
Estimated Ln Prob of Data   = -13404.9
Mean value of ln likelihood = -12970.1
Variance of ln likelihood   = 869.6
Mean value of alpha         = 0.0319

Mean value of Fst_1         = 0.4452
Mean value of Fst_2         = 0.6429
Mean value of Fst_3         = 0.4213
Mean value of Fst_4         = 0.1411
Mean value of Fst_5         = 0.3856
Mean value of Fst_6         = 0.4988
Mean value of Fst_7         = 0.4052
Mean value of Fst_8         = 0.4211
Mean value of Fst_9         = 0.4546
Mean value of Fst_10         = 0.6666
Mean value of Fst_11         = 0.1284
Mean value of Fst_12         = 0.4305


Inferred ancestry of individuals:
        Label (%Miss) Pop:  Inferred clusters
  1    ZFB01    (0)    1 :  0.957 0.002 0.006 0.003 0.003 0.009 0.004 0.003 0.003 0.003 0.004 0.003 
  2    ZFB02    (0)    1 :  0.894 0.006 0.033 0.006 0.003 0.014 0.010 0.004 0.003 0.002 0.022 0.002 
  3    ZFB03    (0)    1 :  0.868 0.005 0.004 0.018 0.010 0.022 0.007 0.010 0.002 0.020 0.018 0.014 
  4    ZFB04    (0)    1 :  0.928 0.007 0.024 0.005 0.004 0.007 0.005 0.003 0.002 0.002 0.009 0.003 
  5    ZFB05    (0)    1 :  0.745 0.038 0.099 0.043 0.003 0.010 0.008 0.024 0.010 0.008 0.007 0.005 
  6    ZFB06    (0)    1 :  0.809 0.020 0.059 0.042 0.002 0.009 0.007 0.022 0.010 0.008 0.008 0.005 
  7    ZFB07    (9)    1 :  0.808 0.006 0.008 0.047 0.007 0.080 0.004 0.013 0.006 0.005 0.012 0.005 
  8    ZFB08    (0)    1 :  0.880 0.009 0.005 0.006 0.010 0.025 0.007 0.026 0.007 0.005 0.012 0.008 
  9    ZFB09    (0)    1 :  0.959 0.003 0.004 0.004 0.003 0.008 0.003 0.004 0.003 0.003 0.005 0.003 
 10    ZFB10    (0)    1 :  0.925 0.006 0.007 0.004 0.015 0.004 0.005 0.005 0.006 0.002 0.012 0.009 
 11    ZFB11    (0)    1 :  0.954 0.004 0.008 0.003 0.004 0.004 0.004 0.003 0.003 0.002 0.006 0.003 
 12    ZFB12    (0)    1 :  0.896 0.003 0.024 0.011 0.006 0.005 0.004 0.022 0.003 0.005 0.015 0.006 
 13    ZFB13    (0)    1 :  0.888 0.014 0.006 0.007 0.011 0.007 0.004 0.011 0.007 0.004 0.031 0.008 
 14    ZFB14    (0)    1 :  0.953 0.004 0.003 0.003 0.004 0.006 0.005 0.003 0.003 0.003 0.009 0.003 
 15    ZFB15    (0)    1 :  0.960 0.003 0.007 0.003 0.002 0.007 0.002 0.003 0.002 0.002 0.005 0.002 
 16    ZFB16    (0)    1 :  0.929 0.011 0.010 0.005 0.007 0.005 0.003 0.008 0.004 0.003 0.010 0.006 
 17    ZFB17    (0)    1 :  0.852 0.029 0.018 0.009 0.008 0.006 0.013 0.028 0.009 0.002 0.019 0.008 
 18    ZFB18    (0)    1 :  0.962 0.003 0.003 0.003 0.003 0.005 0.004 0.003 0.002 0.002 0.007 0.003 
 19    ZFB19    (0)    1 :  0.467 0.006 0.007 0.040 0.033 0.029 0.004 0.033 0.009 0.007 0.340 0.027 
 20    ZFB20    (0)    1 :  0.904 0.019 0.025 0.005 0.007 0.005 0.003 0.007 0.004 0.002 0.012 0.006 
 21    ZFB21    (0)    1 :  0.959 0.004 0.006 0.005 0.002 0.006 0.003 0.003 0.002 0.003 0.003 0.002 
 22    ZFB22    (0)    1 :  0.890 0.005 0.038 0.007 0.007 0.005 0.007 0.011 0.009 0.002 0.009 0.009 
 23    ZFB23    (0)    1 :  0.954 0.006 0.009 0.004 0.005 0.003 0.003 0.003 0.002 0.003 0.006 0.003 
 24    ZFB24    (0)    1 :  0.949 0.006 0.014 0.004 0.004 0.004 0.003 0.003 0.003 0.003 0.004 0.003 
 25    ZFB25    (0)    1 :  0.957 0.003 0.004 0.003 0.008 0.003 0.004 0.003 0.003 0.003 0.004 0.005 
 26    ZFB26    (0)    1 :  0.938 0.009 0.017 0.004 0.007 0.004 0.003 0.003 0.003 0.003 0.003 0.004 
 27    ZFB27    (0)    1 :  0.945 0.003 0.022 0.004 0.004 0.005 0.003 0.002 0.002 0.002 0.004 0.003 
 28    ZFB28    (0)    1 :  0.823 0.011 0.063 0.034 0.006 0.004 0.010 0.015 0.003 0.004 0.020 0.006 
 29    ZFB29    (0)    1 :  0.949 0.007 0.009 0.004 0.003 0.004 0.004 0.003 0.002 0.002 0.011 0.002 
 30    ZFB30    (0)    1 :  0.718 0.004 0.066 0.128 0.004 0.023 0.003 0.019 0.016 0.007 0.008 0.005 
 31    ZFB31    (0)    1 :  0.942 0.003 0.005 0.004 0.009 0.006 0.005 0.003 0.003 0.003 0.011 0.006 
 32    ZFB32    (0)    1 :  0.799 0.021 0.043 0.026 0.010 0.006 0.021 0.034 0.004 0.007 0.019 0.009 
 33    ZFB33    (0)    1 :  0.963 0.003 0.006 0.004 0.003 0.005 0.003 0.003 0.002 0.002 0.004 0.002 
 34    ZFB34    (0)    1 :  0.944 0.004 0.003 0.004 0.003 0.016 0.006 0.004 0.003 0.003 0.007 0.003 
 35    ZFB35    (0)    1 :  0.940 0.006 0.007 0.005 0.005 0.014 0.004 0.005 0.003 0.004 0.004 0.004 
 36  ZFBP101    (0)    2 :  0.010 0.086 0.006 0.006 0.245 0.005 0.046 0.014 0.037 0.012 0.013 0.521 
 37  ZFBP102    (0)    2 :  0.015 0.036 0.009 0.009 0.311 0.006 0.010 0.008 0.014 0.004 0.016 0.562 
 38  ZFBP103    (0)    2 :  0.008 0.043 0.006 0.006 0.061 0.004 0.072 0.006 0.009 0.018 0.014 0.753 
 39  ZFBP104    (0)    2 :  0.017 0.005 0.006 0.013 0.206 0.021 0.004 0.027 0.006 0.008 0.019 0.667 
 40  ZFBP105    (0)    2 :  0.006 0.007 0.005 0.006 0.689 0.005 0.005 0.008 0.005 0.012 0.007 0.246 
 41  ZFBP106    (0)    2 :  0.003 0.013 0.003 0.003 0.780 0.003 0.006 0.006 0.009 0.018 0.004 0.151 
 42  ZFBP107    (0)    2 :  0.007 0.038 0.018 0.015 0.507 0.005 0.006 0.008 0.005 0.015 0.006 0.371 
 43  ZFBP108    (0)    2 :  0.003 0.004 0.003 0.004 0.955 0.003 0.003 0.003 0.004 0.006 0.003 0.010 
 44  ZFBP109    (0)    2 :  0.003 0.004 0.002 0.004 0.935 0.005 0.004 0.004 0.005 0.005 0.007 0.023 
 45  ZFBP110    (0)    2 :  0.043 0.033 0.006 0.020 0.270 0.007 0.024 0.008 0.006 0.080 0.074 0.429 
 46  ZFBP111    (0)    2 :  0.003 0.005 0.003 0.004 0.304 0.003 0.005 0.013 0.106 0.011 0.003 0.542 
 47  ZFBP112    (0)    2 :  0.003 0.016 0.005 0.004 0.862 0.004 0.014 0.008 0.044 0.012 0.005 0.022 
 48  ZFBP113    (0)    2 :  0.003 0.004 0.004 0.004 0.946 0.003 0.003 0.006 0.004 0.003 0.005 0.015 
 49  ZFBP114    (0)    2 :  0.003 0.020 0.007 0.009 0.774 0.004 0.005 0.003 0.010 0.005 0.004 0.155 
 50  ZFBP115    (0)    2 :  0.003 0.009 0.003 0.004 0.105 0.002 0.008 0.007 0.012 0.017 0.004 0.826 
 51  ZFBP116    (0)    2 :  0.002 0.005 0.004 0.005 0.924 0.003 0.004 0.009 0.005 0.005 0.004 0.030 
 52  ZFBP117    (0)    2 :  0.003 0.004 0.002 0.003 0.940 0.003 0.007 0.004 0.007 0.006 0.005 0.015 
 53  ZFBP118    (0)    2 :  0.004 0.017 0.008 0.011 0.859 0.003 0.004 0.004 0.014 0.005 0.003 0.069 
 54  ZFBP119    (0)    2 :  0.003 0.016 0.003 0.005 0.424 0.004 0.028 0.012 0.018 0.017 0.005 0.465 
 55  ZFBP120    (0)    2 :  0.006 0.006 0.004 0.006 0.673 0.005 0.004 0.008 0.005 0.012 0.005 0.266 
 56  ZFBP121    (0)    2 :  0.005 0.007 0.003 0.004 0.909 0.005 0.007 0.004 0.005 0.009 0.006 0.036 
 57  ZFBP122    (9)    2 :  0.003 0.006 0.003 0.004 0.838 0.004 0.004 0.007 0.010 0.006 0.004 0.110 
 58  ZFBP123    (0)    2 :  0.003 0.034 0.006 0.004 0.891 0.004 0.009 0.009 0.014 0.005 0.005 0.017 
 59  ZFBP124    (0)    2 :  0.005 0.007 0.004 0.004 0.938 0.007 0.004 0.003 0.004 0.005 0.004 0.016 
 60  ZFBP125    (0)    2 :  0.002 0.006 0.002 0.003 0.912 0.002 0.006 0.004 0.016 0.009 0.004 0.033 
 61  ZFBP126    (0)    2 :  0.010 0.020 0.010 0.011 0.770 0.005 0.019 0.018 0.006 0.003 0.030 0.098 
 62  ZFBP127    (0)    2 :  0.002 0.007 0.003 0.005 0.676 0.004 0.019 0.003 0.005 0.091 0.004 0.182 
 63  ZFBP128    (0)    2 :  0.004 0.008 0.002 0.002 0.881 0.004 0.015 0.004 0.031 0.016 0.004 0.031 
 64  ZFBP129    (0)    2 :  0.004 0.007 0.003 0.006 0.826 0.006 0.008 0.005 0.116 0.007 0.007 0.007 
 65  ZFBP130    (0)    2 :  0.002 0.010 0.003 0.003 0.834 0.002 0.028 0.008 0.058 0.012 0.004 0.037 
 66  ZFBP131    (0)    2 :  0.003 0.003 0.004 0.004 0.958 0.004 0.004 0.004 0.005 0.003 0.004 0.005 
 67  ZFBP132    (0)    2 :  0.004 0.004 0.003 0.003 0.944 0.003 0.004 0.002 0.003 0.014 0.004 0.012 
 68  ZFBP133    (0)    2 :  0.002 0.003 0.002 0.002 0.888 0.003 0.007 0.005 0.069 0.003 0.005 0.008 
 69  ZFBP134    (0)    2 :  0.004 0.003 0.003 0.003 0.063 0.004 0.017 0.010 0.010 0.006 0.005 0.873 
 70  ZFBP135    (0)    2 :  0.014 0.054 0.005 0.006 0.461 0.007 0.185 0.006 0.020 0.018 0.036 0.188 
 71  ZFBP136    (0)    2 :  0.003 0.170 0.007 0.005 0.459 0.004 0.047 0.008 0.033 0.014 0.006 0.244 
 72  ZFBP201    (0)    3 :  0.005 0.005 0.006 0.005 0.926 0.004 0.005 0.007 0.004 0.011 0.007 0.014 
 73  ZFBP202    (0)    3 :  0.005 0.005 0.003 0.004 0.917 0.007 0.004 0.005 0.008 0.009 0.004 0.030 
 74  ZFBP203    (0)    3 :  0.005 0.008 0.041 0.025 0.829 0.006 0.005 0.026 0.017 0.005 0.013 0.020 
 75  ZFBP204    (0)    3 :  0.004 0.035 0.004 0.006 0.656 0.004 0.014 0.009 0.019 0.015 0.007 0.226 
 76  ZFBP205    (0)    3 :  0.002 0.011 0.004 0.004 0.936 0.003 0.006 0.005 0.013 0.003 0.004 0.009 
 77  ZFBP206    (0)    3 :  0.003 0.025 0.007 0.004 0.883 0.006 0.008 0.012 0.034 0.005 0.005 0.009 
 78  ZFBP207    (0)    3 :  0.003 0.008 0.003 0.004 0.574 0.005 0.013 0.004 0.009 0.078 0.005 0.294 
 79  ZFBP208    (0)    3 :  0.003 0.015 0.010 0.006 0.918 0.004 0.005 0.015 0.007 0.003 0.005 0.009 
 80  ZFBP209    (0)    3 :  0.002 0.003 0.002 0.002 0.895 0.003 0.008 0.005 0.066 0.003 0.004 0.007 
 81  ZFBP210    (0)    3 :  0.005 0.006 0.007 0.006 0.916 0.004 0.005 0.011 0.009 0.011 0.005 0.016 
 82  ZFBP211    (0)    3 :  0.005 0.009 0.003 0.004 0.938 0.006 0.004 0.005 0.004 0.009 0.004 0.009 
 83  ZFBP212    (0)    3 :  0.007 0.003 0.003 0.004 0.726 0.004 0.003 0.004 0.006 0.042 0.003 0.195 
 84  ZFBP213    (0)    3 :  0.004 0.025 0.005 0.005 0.889 0.015 0.010 0.010 0.011 0.010 0.006 0.009 
 85  ZFBP214    (0)    3 :  0.008 0.018 0.004 0.008 0.674 0.014 0.045 0.043 0.100 0.036 0.019 0.031 
 86  ZFBP215    (0)    3 :  0.003 0.005 0.003 0.003 0.948 0.004 0.005 0.004 0.006 0.006 0.004 0.010 
 87  ZFBP216    (0)    3 :  0.004 0.006 0.006 0.010 0.781 0.004 0.004 0.032 0.006 0.005 0.007 0.132 
 88  ZFBP217    (0)    3 :  0.006 0.005 0.004 0.006 0.594 0.006 0.007 0.024 0.199 0.041 0.007 0.101 
 89  ZFBP218    (0)    3 :  0.002 0.003 0.003 0.003 0.947 0.004 0.003 0.005 0.010 0.003 0.003 0.014 
 90  ZFBP219    (0)    3 :  0.003 0.004 0.004 0.004 0.949 0.003 0.003 0.006 0.004 0.003 0.004 0.014 
 91  ZFBP220    (0)    3 :  0.003 0.009 0.003 0.004 0.646 0.003 0.018 0.007 0.036 0.014 0.004 0.254 
 92  ZFBP221    (0)    3 :  0.004 0.003 0.003 0.003 0.462 0.004 0.003 0.006 0.008 0.007 0.004 0.496 
 93  ZFBP222    (0)    3 :  0.003 0.005 0.005 0.003 0.945 0.004 0.007 0.007 0.006 0.003 0.007 0.006 
 94  ZFBP223    (0)    3 :  0.009 0.009 0.004 0.006 0.604 0.005 0.008 0.005 0.010 0.188 0.007 0.146 
 95  ZFBP224    (0)    3 :  0.003 0.012 0.004 0.005 0.932 0.007 0.005 0.007 0.005 0.005 0.005 0.010 
 96  ZFBP225    (0)    3 :  0.003 0.010 0.009 0.008 0.227 0.003 0.012 0.016 0.229 0.019 0.007 0.456 
 97  ZFBP226    (0)    3 :  0.003 0.004 0.004 0.004 0.946 0.003 0.003 0.006 0.004 0.005 0.004 0.013 
 98  ZFBP227    (0)    3 :  0.010 0.009 0.007 0.027 0.401 0.019 0.005 0.123 0.006 0.007 0.018 0.367 
 99  ZFBP228    (0)    3 :  0.004 0.005 0.003 0.004 0.381 0.005 0.015 0.004 0.008 0.069 0.005 0.498 
100  ZFBP229    (0)    3 :  0.002 0.003 0.003 0.003 0.894 0.002 0.006 0.007 0.017 0.004 0.005 0.052 
101  ZFBP230    (0)    3 :  0.003 0.008 0.003 0.004 0.526 0.003 0.026 0.009 0.033 0.010 0.006 0.368 
102  ZFBP231    (0)    3 :  0.004 0.014 0.003 0.005 0.934 0.004 0.004 0.005 0.004 0.006 0.004 0.011 
103  ZFBP232    (0)    3 :  0.003 0.004 0.003 0.003 0.952 0.003 0.004 0.004 0.007 0.004 0.003 0.011 
104  ZFBP233    (0)    3 :  0.006 0.009 0.004 0.005 0.891 0.008 0.005 0.011 0.017 0.006 0.005 0.034 
105   ZFCC01    (0)    4 :  0.005 0.008 0.006 0.004 0.004 0.019 0.934 0.005 0.004 0.004 0.005 0.003 
106   ZFCC03    (0)    4 :  0.003 0.005 0.003 0.003 0.004 0.007 0.953 0.003 0.004 0.008 0.004 0.003 
107   ZFCC04    (0)    4 :  0.004 0.012 0.004 0.004 0.004 0.006 0.942 0.005 0.006 0.005 0.004 0.004 
108   ZFCC05    (0)    4 :  0.006 0.048 0.005 0.006 0.006 0.012 0.875 0.009 0.006 0.015 0.005 0.006 
109   ZFCC08    (0)    4 :  0.002 0.008 0.002 0.003 0.010 0.008 0.922 0.007 0.019 0.005 0.005 0.009 
110   ZFCC09    (0)    4 :  0.003 0.007 0.003 0.003 0.003 0.010 0.949 0.003 0.003 0.007 0.003 0.004 
111   ZFCC10    (0)    4 :  0.004 0.008 0.004 0.004 0.004 0.034 0.925 0.003 0.003 0.004 0.005 0.003 
112   ZFCC11    (0)    4 :  0.004 0.008 0.004 0.004 0.005 0.011 0.937 0.005 0.004 0.011 0.004 0.004 
113   ZFCC12    (0)    4 :  0.009 0.041 0.060 0.014 0.005 0.023 0.788 0.008 0.005 0.007 0.032 0.007 
114   ZFCC13    (0)    4 :  0.004 0.008 0.008 0.005 0.008 0.004 0.922 0.011 0.007 0.009 0.004 0.011 
115   ZFCC14    (0)    4 :  0.008 0.025 0.005 0.005 0.008 0.008 0.911 0.004 0.007 0.005 0.010 0.004 
116   ZFCC15    (0)    4 :  0.004 0.005 0.005 0.005 0.003 0.005 0.946 0.009 0.004 0.005 0.005 0.004 
117   ZFCC16    (0)    4 :  0.004 0.015 0.004 0.004 0.003 0.006 0.943 0.004 0.004 0.004 0.005 0.003 
118   ZFCC17    (0)    4 :  0.006 0.049 0.012 0.005 0.003 0.007 0.897 0.004 0.003 0.006 0.004 0.003 
119   ZFCC18    (0)    4 :  0.004 0.008 0.004 0.004 0.004 0.009 0.939 0.004 0.006 0.009 0.004 0.004 
120   ZFCC19    (0)    4 :  0.005 0.011 0.008 0.005 0.003 0.003 0.944 0.007 0.003 0.003 0.006 0.003 
121   ZFCC20    (0)    4 :  0.004 0.010 0.003 0.004 0.004 0.004 0.942 0.007 0.005 0.007 0.004 0.006 
122   ZFCC21    (0)    4 :  0.005 0.013 0.006 0.005 0.031 0.006 0.797 0.041 0.034 0.003 0.043 0.016 
123   ZFCC22    (0)    4 :  0.003 0.011 0.005 0.004 0.186 0.012 0.645 0.009 0.045 0.006 0.005 0.070 
124   ZFCC26    (0)    4 :  0.004 0.008 0.003 0.003 0.003 0.005 0.953 0.004 0.004 0.004 0.004 0.003 
125   ZFCC27    (0)    4 :  0.003 0.006 0.003 0.003 0.003 0.004 0.958 0.003 0.003 0.006 0.003 0.003 
126   ZFCC29    (0)    4 :  0.008 0.016 0.005 0.004 0.004 0.007 0.923 0.011 0.006 0.005 0.006 0.005 
127   ZFCC30    (0)    4 :  0.003 0.007 0.003 0.003 0.003 0.004 0.951 0.004 0.005 0.011 0.003 0.004 
128   ZFCC32    (0)    4 :  0.004 0.010 0.008 0.005 0.004 0.008 0.928 0.013 0.005 0.005 0.004 0.005 
129   ZFCC33    (0)    4 :  0.010 0.345 0.004 0.008 0.004 0.008 0.592 0.005 0.004 0.008 0.008 0.004 
130   ZFCC34    (0)    4 :  0.028 0.053 0.018 0.006 0.068 0.017 0.674 0.008 0.017 0.061 0.008 0.041 
131   ZFCC35    (0)    4 :  0.002 0.007 0.003 0.003 0.003 0.004 0.959 0.004 0.004 0.004 0.003 0.004 
132   ZFCC36    (0)    4 :  0.004 0.009 0.012 0.006 0.007 0.004 0.916 0.017 0.008 0.004 0.005 0.008 
133   ZFCC37    (0)    4 :  0.008 0.038 0.041 0.015 0.010 0.042 0.777 0.010 0.006 0.007 0.036 0.009 
134   ZFCC40    (0)    4 :  0.004 0.013 0.008 0.004 0.006 0.008 0.938 0.003 0.004 0.003 0.005 0.003 
135   ZFCC42    (0)    4 :  0.027 0.462 0.347 0.018 0.004 0.006 0.060 0.004 0.007 0.043 0.014 0.009 
136   ZFCC44    (0)    4 :  0.003 0.016 0.005 0.004 0.003 0.003 0.945 0.002 0.003 0.009 0.003 0.003 
137   ZFCC45    (9)    4 :  0.010 0.051 0.017 0.021 0.005 0.017 0.842 0.008 0.004 0.009 0.012 0.005 
138   ZFCC46    (0)    4 :  0.003 0.015 0.004 0.003 0.012 0.003 0.890 0.007 0.031 0.010 0.005 0.016 
139   ZFCC47    (0)    4 :  0.006 0.008 0.027 0.005 0.005 0.034 0.884 0.006 0.007 0.005 0.008 0.005 
140   ZFCC48    (0)    4 :  0.005 0.016 0.004 0.003 0.024 0.005 0.859 0.011 0.040 0.003 0.017 0.012 
141   ZFCC50    (0)    4 :  0.004 0.009 0.005 0.004 0.003 0.005 0.953 0.004 0.003 0.003 0.004 0.003 
142   ZFCC51    (0)    4 :  0.004 0.004 0.003 0.003 0.003 0.005 0.955 0.003 0.003 0.010 0.003 0.003 
143   ZFCC52    (0)    4 :  0.004 0.042 0.009 0.004 0.014 0.004 0.883 0.008 0.013 0.005 0.005 0.010 
144   ZFCC53    (0)    4 :  0.004 0.005 0.003 0.003 0.003 0.004 0.960 0.003 0.003 0.006 0.003 0.003 
145  ZFCNS01    (0)    5 :  0.002 0.003 0.019 0.033 0.005 0.003 0.007 0.057 0.003 0.828 0.008 0.032 
146  ZFCNS02    (0)    5 :  0.003 0.003 0.002 0.003 0.003 0.003 0.005 0.003 0.004 0.965 0.002 0.005 
147  ZFCNS05    (0)    5 :  0.005 0.006 0.003 0.003 0.006 0.005 0.007 0.005 0.005 0.945 0.003 0.007 
148  ZFCNS06    (0)    5 :  0.003 0.003 0.002 0.003 0.004 0.003 0.004 0.003 0.005 0.963 0.003 0.004 
149  ZFCNS07    (0)    5 :  0.003 0.003 0.002 0.003 0.006 0.003 0.003 0.003 0.009 0.956 0.003 0.006 
150  ZFCNS10    (0)    5 :  0.003 0.003 0.004 0.003 0.007 0.003 0.004 0.003 0.005 0.948 0.002 0.015 
151  ZFCNS11    (0)    5 :  0.002 0.003 0.010 0.015 0.005 0.003 0.008 0.022 0.005 0.907 0.006 0.014 
152  ZFCNS15    (0)    5 :  0.004 0.006 0.003 0.004 0.016 0.003 0.003 0.004 0.007 0.907 0.004 0.040 
153  ZFCNS17    (0)    5 :  0.002 0.004 0.002 0.003 0.004 0.003 0.005 0.003 0.004 0.964 0.002 0.004 
154  ZFCNS18    (0)    5 :  0.003 0.004 0.003 0.003 0.008 0.003 0.005 0.003 0.004 0.949 0.002 0.014 
155  ZFCNS19    (0)    5 :  0.003 0.003 0.002 0.003 0.002 0.003 0.004 0.003 0.003 0.968 0.002 0.004 
156  ZFCNS20    (0)    5 :  0.003 0.006 0.003 0.003 0.012 0.003 0.004 0.005 0.014 0.931 0.003 0.012 
157  ZFCNS21    (0)    5 :  0.002 0.004 0.002 0.003 0.003 0.003 0.004 0.003 0.002 0.967 0.002 0.005 
158  ZFCNS22    (0)    5 :  0.005 0.006 0.002 0.004 0.012 0.004 0.006 0.005 0.005 0.935 0.004 0.012 
159  ZFCNS23    (0)    5 :  0.004 0.026 0.011 0.007 0.005 0.005 0.015 0.013 0.011 0.891 0.006 0.005 
160  ZFCNS24    (0)    5 :  0.002 0.010 0.003 0.003 0.006 0.003 0.006 0.004 0.006 0.946 0.003 0.009 
161  ZFCNS25    (0)    5 :  0.003 0.008 0.003 0.003 0.010 0.003 0.005 0.004 0.010 0.934 0.003 0.014 
162  ZFCNS26    (0)    5 :  0.003 0.003 0.002 0.003 0.004 0.003 0.003 0.003 0.004 0.963 0.002 0.007 
163  ZFCNS27    (0)    5 :  0.003 0.006 0.003 0.003 0.021 0.003 0.003 0.004 0.010 0.887 0.004 0.053 
164  ZFCNS28    (0)    5 :  0.004 0.003 0.002 0.003 0.004 0.003 0.004 0.003 0.004 0.963 0.002 0.005 
165  ZFCNS29    (0)    5 :  0.004 0.007 0.002 0.004 0.007 0.004 0.008 0.005 0.004 0.942 0.004 0.011 
166  ZFCNS30    (0)    5 :  0.004 0.006 0.002 0.003 0.005 0.005 0.006 0.004 0.003 0.951 0.003 0.007 
167  ZFCNS31    (0)    5 :  0.003 0.003 0.002 0.003 0.004 0.003 0.003 0.003 0.004 0.964 0.002 0.006 
168  ZFCNS32    (0)    5 :  0.003 0.006 0.003 0.003 0.006 0.004 0.004 0.005 0.006 0.946 0.003 0.011 
169  ZFCNS33    (0)    5 :  0.003 0.003 0.002 0.003 0.003 0.003 0.003 0.003 0.004 0.966 0.002 0.005 
170  ZFCNS34    (0)    5 :  0.003 0.006 0.002 0.003 0.004 0.004 0.012 0.005 0.004 0.946 0.003 0.006 
171  ZFCNS35    (0)    5 :  0.020 0.003 0.002 0.003 0.014 0.011 0.009 0.003 0.004 0.890 0.011 0.030 
172  ZFCNS36    (0)    5 :  0.002 0.010 0.003 0.003 0.005 0.002 0.009 0.004 0.008 0.943 0.003 0.007 
173  ZFCNS37    (0)    5 :  0.003 0.006 0.002 0.010 0.005 0.005 0.005 0.004 0.008 0.832 0.004 0.115 
174  ZFCNS39    (0)    5 :  0.002 0.006 0.003 0.005 0.007 0.002 0.016 0.015 0.021 0.893 0.004 0.025 
175  ZFCNS40    (0)    5 :  0.002 0.011 0.003 0.006 0.008 0.003 0.024 0.009 0.125 0.677 0.004 0.128 
176  ZFCNS41    (0)    5 :  0.006 0.011 0.004 0.008 0.018 0.005 0.015 0.010 0.006 0.241 0.009 0.669 
177  ZFCNS42    (0)    5 :  0.003 0.003 0.002 0.003 0.004 0.003 0.003 0.003 0.003 0.965 0.002 0.006 
178  ZFCNS43    (0)    5 :  0.003 0.004 0.002 0.003 0.003 0.003 0.004 0.003 0.003 0.967 0.002 0.004 
179  ZFCNS44    (0)    5 :  0.003 0.003 0.003 0.003 0.007 0.002 0.005 0.002 0.003 0.949 0.003 0.016 
180  ZFCNS46    (0)    5 :  0.003 0.006 0.002 0.004 0.006 0.004 0.005 0.005 0.004 0.950 0.003 0.008 
181  ZFCNS47    (0)    5 :  0.003 0.003 0.002 0.003 0.003 0.003 0.004 0.003 0.003 0.967 0.002 0.005 
182  ZFCNS48    (0)    5 :  0.004 0.005 0.003 0.004 0.011 0.004 0.007 0.005 0.005 0.910 0.003 0.039 
183  ZFCNS49    (0)    5 :  0.004 0.003 0.003 0.003 0.012 0.003 0.003 0.003 0.004 0.917 0.003 0.044 
184   ZFCR01    (0)    6 :  0.007 0.003 0.012 0.062 0.011 0.023 0.007 0.004 0.006 0.003 0.858 0.004 
185   ZFCR02    (0)    6 :  0.013 0.012 0.009 0.008 0.011 0.005 0.021 0.005 0.007 0.005 0.899 0.004 
186   ZFCR03    (0)    6 :  0.016 0.061 0.048 0.012 0.015 0.010 0.015 0.013 0.007 0.003 0.796 0.005 
187   ZFCR04    (0)    6 :  0.178 0.005 0.026 0.047 0.017 0.069 0.014 0.014 0.020 0.009 0.577 0.023 
188   ZFCR05    (0)    6 :  0.009 0.004 0.007 0.015 0.003 0.015 0.011 0.010 0.003 0.003 0.917 0.004 
189   ZFCR06    (0)    6 :  0.018 0.006 0.004 0.016 0.023 0.011 0.013 0.005 0.011 0.059 0.810 0.025 
190   ZFCR07    (0)    6 :  0.040 0.053 0.010 0.152 0.010 0.011 0.014 0.123 0.004 0.076 0.468 0.039 
191   ZFCR08    (0)    6 :  0.021 0.035 0.045 0.408 0.024 0.104 0.091 0.007 0.047 0.004 0.198 0.014 
192   ZFCR09    (0)    6 :  0.081 0.020 0.281 0.028 0.076 0.013 0.027 0.019 0.015 0.014 0.374 0.053 
193   ZFCR11    (0)    6 :  0.026 0.004 0.008 0.022 0.016 0.017 0.008 0.017 0.003 0.009 0.832 0.039 
194   ZFCR12    (0)    6 :  0.007 0.008 0.003 0.008 0.011 0.005 0.009 0.015 0.014 0.111 0.762 0.048 
195   ZFCR13    (0)    6 :  0.039 0.007 0.003 0.308 0.098 0.006 0.009 0.248 0.005 0.008 0.256 0.012 
196   ZFCR14    (0)    6 :  0.014 0.005 0.004 0.012 0.008 0.012 0.009 0.025 0.010 0.006 0.885 0.009 
197   ZFCR15    (0)    6 :  0.040 0.009 0.009 0.053 0.020 0.020 0.012 0.020 0.031 0.004 0.765 0.017 
198   ZFCR16    (0)    6 :  0.012 0.004 0.004 0.024 0.016 0.007 0.008 0.007 0.017 0.003 0.892 0.006 
199   ZFCR18    (0)    6 :  0.302 0.031 0.005 0.012 0.009 0.009 0.011 0.006 0.006 0.006 0.599 0.006 
200   ZFCR19    (0)    6 :  0.018 0.006 0.033 0.006 0.014 0.006 0.010 0.008 0.029 0.006 0.852 0.012 
201   ZFCR20    (0)    6 :  0.023 0.029 0.013 0.023 0.032 0.035 0.006 0.043 0.006 0.005 0.776 0.009 
202   ZFCR21    (0)    6 :  0.004 0.007 0.004 0.008 0.005 0.004 0.013 0.021 0.010 0.004 0.915 0.006 
203   ZFCR22    (0)    6 :  0.006 0.007 0.004 0.006 0.006 0.002 0.005 0.048 0.013 0.003 0.893 0.007 
204   ZFCR23    (0)    6 :  0.010 0.004 0.030 0.072 0.046 0.004 0.003 0.049 0.006 0.005 0.732 0.037 
205   ZFCR24    (9)    6 :  0.107 0.010 0.023 0.080 0.506 0.030 0.008 0.113 0.007 0.004 0.100 0.012 
206   ZFCR25    (0)    6 :  0.007 0.007 0.004 0.012 0.004 0.009 0.005 0.012 0.004 0.003 0.929 0.005 
207   ZFCR26    (0)    6 :  0.004 0.007 0.047 0.010 0.012 0.009 0.015 0.232 0.013 0.004 0.637 0.009 
208   ZFCR27    (9)    6 :  0.011 0.003 0.013 0.351 0.003 0.024 0.005 0.038 0.003 0.003 0.544 0.003 
209   ZFCR28    (0)    6 :  0.004 0.008 0.005 0.103 0.065 0.006 0.011 0.006 0.043 0.025 0.701 0.022 
210   ZFCR29    (0)    6 :  0.009 0.004 0.005 0.005 0.005 0.006 0.004 0.015 0.005 0.002 0.936 0.004 
211   ZFCR30    (0)    6 :  0.006 0.007 0.007 0.011 0.006 0.007 0.006 0.041 0.008 0.009 0.881 0.011 
212   ZFCR31    (0)    6 :  0.173 0.027 0.043 0.015 0.067 0.015 0.013 0.024 0.019 0.041 0.498 0.064 
213   ZFCR33    (0)    6 :  0.007 0.010 0.035 0.714 0.011 0.052 0.041 0.029 0.014 0.008 0.062 0.017 
214   ZFCR34    (0)    6 :  0.148 0.004 0.015 0.052 0.019 0.006 0.019 0.225 0.010 0.010 0.456 0.034 
215   ZFCR35    (0)    6 :  0.110 0.004 0.019 0.010 0.006 0.009 0.010 0.005 0.004 0.004 0.813 0.005 
216   ZFCR36    (0)    6 :  0.040 0.005 0.013 0.010 0.006 0.007 0.007 0.017 0.004 0.015 0.867 0.008 
217   ZFCR37    (0)    6 :  0.062 0.016 0.038 0.096 0.004 0.066 0.058 0.598 0.004 0.004 0.052 0.004 
218   ZFCR38    (0)    6 :  0.008 0.014 0.028 0.534 0.007 0.050 0.042 0.032 0.012 0.007 0.257 0.009 
219   ZFCR39    (0)    6 :  0.018 0.038 0.189 0.260 0.064 0.010 0.094 0.009 0.040 0.003 0.256 0.018 
220   ZFCR40    (0)    6 :  0.012 0.006 0.027 0.113 0.009 0.012 0.023 0.012 0.005 0.004 0.765 0.014 
221   ZFCR41    (0)    6 :  0.005 0.007 0.003 0.011 0.008 0.007 0.027 0.014 0.024 0.014 0.783 0.097 
222   ZFCR42    (0)    6 :  0.008 0.020 0.017 0.063 0.019 0.008 0.051 0.078 0.015 0.019 0.672 0.030 
223   ZFCR43    (0)    6 :  0.023 0.004 0.003 0.012 0.039 0.011 0.004 0.008 0.004 0.006 0.880 0.006 
224  ZFENP25    (0)    7 :  0.005 0.006 0.005 0.832 0.011 0.046 0.023 0.006 0.012 0.003 0.045 0.005 
225  ZFENP26    (0)    7 :  0.006 0.005 0.007 0.948 0.002 0.006 0.004 0.004 0.003 0.003 0.008 0.004 
226  ZFENP27    (0)    7 :  0.015 0.044 0.038 0.300 0.018 0.021 0.201 0.005 0.014 0.060 0.255 0.029 
227  ZFENP28    (0)    7 :  0.009 0.005 0.012 0.882 0.004 0.027 0.012 0.009 0.005 0.010 0.022 0.005 
228  ZFENP29    (0)    7 :  0.004 0.007 0.005 0.915 0.004 0.005 0.011 0.008 0.004 0.005 0.028 0.004 
229  ZFENP30    (0)    7 :  0.008 0.112 0.015 0.774 0.005 0.008 0.031 0.012 0.007 0.010 0.013 0.005 
230  ZFENP31    (0)    7 :  0.014 0.373 0.364 0.179 0.005 0.017 0.013 0.006 0.004 0.007 0.012 0.005 
231  ZFENP32    (0)    7 :  0.243 0.117 0.248 0.174 0.016 0.022 0.013 0.011 0.006 0.028 0.099 0.021 
232  ZFENP33    (0)    7 :  0.014 0.033 0.016 0.819 0.007 0.036 0.005 0.038 0.004 0.005 0.016 0.007 
233  ZFENP34    (0)    7 :  0.034 0.092 0.011 0.211 0.007 0.566 0.022 0.007 0.004 0.010 0.031 0.006 
234  ZFENP35    (0)    7 :  0.017 0.006 0.027 0.883 0.008 0.008 0.005 0.007 0.005 0.014 0.005 0.015 
235  ZFENP36    (0)    7 :  0.010 0.007 0.010 0.933 0.003 0.006 0.003 0.006 0.002 0.011 0.006 0.004 
236  ZFENP37    (0)    7 :  0.013 0.008 0.064 0.495 0.007 0.343 0.009 0.032 0.004 0.009 0.009 0.008 
237  ZFENP38    (0)    7 :  0.011 0.013 0.026 0.433 0.005 0.028 0.019 0.423 0.004 0.018 0.011 0.008 
238  ZFENP39    (0)    7 :  0.012 0.006 0.019 0.799 0.004 0.024 0.016 0.012 0.003 0.005 0.096 0.005 
239  ZFENP40    (0)    7 :  0.018 0.012 0.034 0.828 0.009 0.015 0.008 0.006 0.004 0.006 0.053 0.007 
240  ZFENP41    (0)    7 :  0.022 0.040 0.012 0.780 0.007 0.016 0.065 0.006 0.009 0.008 0.029 0.007 
241  ZFENP42    (0)    7 :  0.003 0.009 0.107 0.815 0.003 0.004 0.006 0.028 0.005 0.003 0.011 0.005 
242  ZFENP43    (0)    7 :  0.007 0.009 0.023 0.693 0.007 0.033 0.035 0.083 0.006 0.052 0.025 0.027 
243  ZFENP44    (0)    7 :  0.005 0.025 0.058 0.820 0.007 0.014 0.015 0.022 0.003 0.010 0.010 0.010 
244  ZFENP45    (0)    7 :  0.009 0.019 0.063 0.454 0.032 0.009 0.014 0.042 0.316 0.008 0.022 0.013 
245  ZFENP46    (0)    7 :  0.008 0.012 0.026 0.792 0.014 0.039 0.003 0.058 0.005 0.008 0.014 0.020 
246  ZFENP47    (0)    7 :  0.045 0.016 0.339 0.210 0.015 0.010 0.074 0.005 0.136 0.004 0.141 0.005 
247  ZFENP48    (0)    7 :  0.012 0.289 0.019 0.065 0.010 0.499 0.016 0.015 0.011 0.007 0.050 0.007 
248  ZFENP49    (0)    7 :  0.029 0.133 0.008 0.175 0.010 0.005 0.009 0.010 0.010 0.006 0.599 0.006 
249  ZFENP50    (0)    7 :  0.007 0.006 0.042 0.723 0.056 0.006 0.004 0.064 0.009 0.004 0.050 0.027 
250  ZFENP51    (0)    7 :  0.032 0.036 0.361 0.429 0.003 0.017 0.007 0.018 0.047 0.005 0.041 0.004 
251  ZFENP52    (0)    7 :  0.003 0.006 0.006 0.925 0.004 0.004 0.008 0.010 0.005 0.010 0.006 0.013 
252  ZFENP53    (0)    7 :  0.007 0.008 0.016 0.800 0.041 0.009 0.009 0.026 0.032 0.010 0.020 0.023 
253  ZFENP54    (0)    7 :  0.013 0.026 0.009 0.131 0.030 0.009 0.017 0.015 0.007 0.006 0.726 0.011 
254  ZFENP55    (0)    7 :  0.052 0.010 0.021 0.245 0.005 0.027 0.004 0.573 0.005 0.004 0.051 0.004 
255  ZFENP56    (0)    7 :  0.016 0.011 0.012 0.844 0.003 0.008 0.006 0.066 0.005 0.010 0.009 0.008 
256  ZFENP57    (0)    7 :  0.014 0.013 0.053 0.830 0.004 0.021 0.004 0.015 0.002 0.012 0.023 0.007 
257  ZFENP58    (0)    7 :  0.027 0.301 0.010 0.361 0.008 0.005 0.022 0.022 0.125 0.016 0.090 0.013 
258  ZFENP59    (0)    7 :  0.014 0.029 0.037 0.788 0.005 0.010 0.067 0.008 0.004 0.005 0.027 0.006 
259  ZFENP60    (0)    7 :  0.036 0.006 0.014 0.771 0.012 0.036 0.011 0.014 0.014 0.006 0.072 0.008 
260  ZFENP61    (0)    7 :  0.018 0.008 0.008 0.854 0.004 0.019 0.017 0.009 0.003 0.004 0.052 0.004 
261 ZFFDSP01    (0)    8 :  0.006 0.004 0.003 0.003 0.802 0.006 0.005 0.008 0.022 0.015 0.005 0.121 
262 ZFFDSP02    (0)    8 :  0.003 0.003 0.002 0.003 0.947 0.004 0.004 0.004 0.005 0.004 0.005 0.016 
263 ZFFDSP04    (0)    8 :  0.004 0.003 0.002 0.002 0.927 0.004 0.004 0.005 0.014 0.003 0.005 0.025 
264 ZFFDSP05    (0)    8 :  0.004 0.003 0.003 0.003 0.535 0.003 0.004 0.007 0.008 0.005 0.005 0.418 
265 ZFFDSP06    (0)    8 :  0.003 0.003 0.002 0.002 0.940 0.004 0.006 0.004 0.012 0.003 0.005 0.016 
266 ZFFDSP07    (0)    8 :  0.003 0.018 0.005 0.004 0.906 0.004 0.011 0.009 0.024 0.004 0.006 0.006 
267 ZFFDSP08    (0)    8 :  0.003 0.028 0.004 0.004 0.825 0.003 0.010 0.010 0.066 0.011 0.004 0.031 
268 ZFFDSP10    (0)    8 :  0.004 0.008 0.003 0.004 0.917 0.004 0.005 0.007 0.010 0.006 0.005 0.029 
269 ZFFDSP11    (0)    8 :  0.005 0.003 0.004 0.003 0.899 0.004 0.005 0.008 0.007 0.003 0.005 0.055 
270 ZFFDSP12    (0)    8 :  0.002 0.005 0.002 0.003 0.952 0.003 0.003 0.004 0.007 0.004 0.003 0.012 
271 ZFFDSP13    (0)    8 :  0.004 0.008 0.003 0.005 0.036 0.004 0.007 0.008 0.005 0.011 0.006 0.903 
272 ZFFDSP14    (0)    8 :  0.002 0.007 0.003 0.003 0.935 0.004 0.006 0.007 0.017 0.004 0.005 0.007 
273 ZFFDSP16    (0)    8 :  0.007 0.004 0.003 0.006 0.913 0.006 0.006 0.007 0.004 0.015 0.010 0.018 
274 ZFFDSP17    (0)    8 :  0.003 0.004 0.002 0.003 0.934 0.005 0.005 0.006 0.010 0.004 0.004 0.017 
275 ZFFDSP18    (0)    8 :  0.005 0.003 0.002 0.002 0.937 0.006 0.006 0.004 0.013 0.005 0.006 0.010 
276 ZFFDSP19    (0)    8 :  0.004 0.004 0.002 0.003 0.737 0.007 0.024 0.004 0.026 0.141 0.005 0.042 
277 ZFFDSP21    (0)    8 :  0.003 0.004 0.002 0.003 0.535 0.007 0.020 0.004 0.009 0.076 0.008 0.329 
278 ZFFDSP22    (0)    8 :  0.002 0.004 0.002 0.003 0.894 0.003 0.006 0.005 0.061 0.004 0.004 0.012 
279 ZFFDSP23    (0)    8 :  0.002 0.003 0.002 0.003 0.652 0.004 0.006 0.006 0.149 0.009 0.005 0.160 
280 ZFFDSP24    (0)    8 :  0.006 0.005 0.003 0.003 0.581 0.005 0.006 0.006 0.007 0.013 0.005 0.362 
281 ZFFDSP26    (9)    8 :  0.004 0.004 0.003 0.003 0.701 0.003 0.005 0.005 0.016 0.006 0.005 0.244 
282 ZFFDSP27    (0)    8 :  0.005 0.004 0.002 0.003 0.928 0.005 0.004 0.004 0.007 0.009 0.005 0.026 
283 ZFFDSP28    (0)    8 :  0.034 0.017 0.012 0.007 0.799 0.026 0.008 0.012 0.009 0.005 0.013 0.057 
284 ZFFDSP30    (0)    8 :  0.072 0.010 0.007 0.005 0.333 0.007 0.007 0.009 0.011 0.036 0.008 0.492 
285 ZFFDSP31    (0)    8 :  0.003 0.006 0.002 0.004 0.928 0.009 0.006 0.005 0.006 0.008 0.004 0.019 
286 ZFFDSP32    (0)    8 :  0.003 0.004 0.003 0.003 0.948 0.004 0.003 0.004 0.006 0.005 0.003 0.014 
287 ZFFDSP33    (0)    8 :  0.003 0.003 0.003 0.003 0.938 0.004 0.002 0.003 0.005 0.005 0.003 0.027 
288 ZFFDSP34    (0)    8 :  0.003 0.004 0.002 0.002 0.931 0.004 0.007 0.005 0.010 0.005 0.003 0.022 
289 ZFFDSP35    (0)    8 :  0.006 0.004 0.002 0.003 0.651 0.004 0.004 0.006 0.007 0.005 0.005 0.303 
290 ZFFDSP37    (0)    8 :  0.003 0.004 0.002 0.003 0.934 0.004 0.004 0.004 0.005 0.006 0.004 0.026 
291 ZFFDSP38    (0)    8 :  0.005 0.004 0.002 0.003 0.946 0.004 0.004 0.004 0.005 0.005 0.004 0.013 
292 ZFFDSP39    (0)    8 :  0.004 0.003 0.002 0.003 0.268 0.003 0.003 0.003 0.007 0.006 0.004 0.695 
293 ZFFDSP40    (0)    8 :  0.006 0.004 0.003 0.003 0.485 0.004 0.004 0.003 0.005 0.008 0.005 0.472 
294 ZFFDSP42    (0)    8 :  0.004 0.003 0.002 0.003 0.784 0.004 0.006 0.006 0.073 0.010 0.004 0.101 
295 ZFFDSP43    (0)    8 :  0.004 0.003 0.002 0.003 0.920 0.004 0.004 0.003 0.009 0.009 0.004 0.036 
296 ZFFDSP44    (0)    8 :  0.005 0.005 0.003 0.004 0.760 0.005 0.003 0.005 0.006 0.010 0.004 0.191 
297 ZFFDSP45    (0)    8 :  0.004 0.004 0.002 0.003 0.922 0.004 0.005 0.004 0.005 0.007 0.005 0.033 
298 ZFFDSP46    (0)    8 :  0.004 0.004 0.002 0.003 0.893 0.004 0.005 0.005 0.012 0.009 0.005 0.053 
299 ZFFDSP47    (0)    8 :  0.004 0.005 0.003 0.003 0.238 0.003 0.004 0.006 0.012 0.013 0.003 0.707 
300 ZFFDSP48    (0)    8 :  0.004 0.004 0.003 0.003 0.320 0.004 0.004 0.004 0.006 0.016 0.004 0.628 
301    ZFI01    (0)    9 :  0.853 0.014 0.029 0.011 0.005 0.031 0.009 0.008 0.005 0.007 0.024 0.004 
302    ZFI02    (0)    9 :  0.916 0.004 0.011 0.005 0.005 0.020 0.005 0.007 0.004 0.007 0.012 0.005 
303    ZFI03    (0)    9 :  0.887 0.006 0.005 0.006 0.004 0.054 0.006 0.008 0.003 0.008 0.011 0.004 
304    ZFI04    (0)    9 :  0.110 0.004 0.015 0.006 0.003 0.835 0.004 0.006 0.003 0.005 0.005 0.004 
305    ZFI05    (0)    9 :  0.934 0.008 0.004 0.007 0.004 0.007 0.004 0.004 0.003 0.014 0.007 0.005 
306    ZFI06    (0)    9 :  0.744 0.006 0.012 0.020 0.015 0.021 0.004 0.009 0.003 0.084 0.046 0.036 
307    ZFI07    (0)    9 :  0.509 0.007 0.004 0.006 0.004 0.442 0.005 0.006 0.002 0.005 0.005 0.004 
308    ZFI08    (0)    9 :  0.810 0.006 0.009 0.011 0.004 0.117 0.006 0.010 0.003 0.005 0.017 0.003 
309    ZFI09    (0)    9 :  0.925 0.005 0.008 0.007 0.004 0.015 0.004 0.005 0.003 0.007 0.013 0.004 
310    ZFI10    (0)    9 :  0.858 0.004 0.010 0.007 0.005 0.039 0.005 0.007 0.004 0.049 0.005 0.007 
311    ZFI11    (0)    9 :  0.845 0.008 0.013 0.007 0.003 0.091 0.004 0.006 0.003 0.007 0.008 0.004 
312    ZFI12    (0)    9 :  0.821 0.006 0.004 0.006 0.005 0.109 0.007 0.011 0.003 0.015 0.008 0.006 
313    ZFI13    (0)    9 :  0.918 0.016 0.007 0.008 0.004 0.012 0.006 0.006 0.002 0.007 0.009 0.004 
314    ZFI14    (0)    9 :  0.942 0.005 0.004 0.004 0.007 0.008 0.004 0.004 0.003 0.006 0.007 0.006 
315    ZFI15    (0)    9 :  0.949 0.006 0.003 0.005 0.003 0.007 0.004 0.004 0.002 0.005 0.008 0.003 
316    ZFI16    (0)    9 :  0.943 0.004 0.003 0.005 0.003 0.015 0.004 0.005 0.002 0.005 0.007 0.004 
317    ZFI17    (0)    9 :  0.903 0.005 0.007 0.008 0.003 0.040 0.004 0.007 0.003 0.010 0.005 0.004 
318    ZFI18    (0)    9 :  0.940 0.004 0.007 0.008 0.003 0.014 0.003 0.004 0.002 0.006 0.005 0.004 
319    ZFI19    (9)    9 :  0.952 0.006 0.004 0.004 0.003 0.008 0.003 0.005 0.002 0.004 0.005 0.003 
320    ZFI20    (0)    9 :  0.948 0.003 0.004 0.004 0.004 0.009 0.004 0.004 0.003 0.004 0.008 0.004 
321    ZFI21    (0)    9 :  0.948 0.004 0.004 0.003 0.007 0.005 0.003 0.004 0.003 0.007 0.004 0.008 
322    ZFI22    (0)    9 :  0.921 0.004 0.008 0.005 0.005 0.022 0.008 0.005 0.004 0.004 0.010 0.004 
323    ZFI23    (0)    9 :  0.922 0.005 0.004 0.005 0.004 0.031 0.005 0.006 0.003 0.007 0.006 0.004 
324    ZFI24    (0)    9 :  0.875 0.007 0.004 0.006 0.004 0.056 0.007 0.010 0.003 0.011 0.011 0.005 
325    ZFI25    (0)    9 :  0.877 0.005 0.004 0.008 0.005 0.058 0.008 0.006 0.004 0.006 0.014 0.004 
326    ZFI26    (0)    9 :  0.883 0.009 0.004 0.006 0.004 0.059 0.007 0.007 0.003 0.005 0.009 0.004 
327    ZFI27    (0)    9 :  0.885 0.014 0.004 0.006 0.005 0.027 0.005 0.011 0.003 0.028 0.006 0.007 
328    ZFK01    (0)    9 :  0.003 0.960 0.003 0.004 0.004 0.003 0.004 0.003 0.003 0.006 0.003 0.004 
329    ZFK02    (0)   10 :  0.003 0.960 0.002 0.003 0.003 0.003 0.005 0.004 0.003 0.007 0.003 0.004 
330    ZFK03    (0)   10 :  0.003 0.962 0.003 0.003 0.003 0.003 0.004 0.003 0.003 0.005 0.003 0.003 
331    ZFK04    (0)   10 :  0.004 0.963 0.004 0.003 0.003 0.004 0.004 0.003 0.002 0.003 0.003 0.003 
332    ZFK05    (0)   10 :  0.007 0.942 0.010 0.006 0.003 0.008 0.009 0.003 0.002 0.004 0.004 0.003 
333    ZFK06    (0)   10 :  0.009 0.937 0.006 0.007 0.003 0.009 0.010 0.005 0.002 0.004 0.005 0.003 
334    ZFK07    (0)   10 :  0.002 0.959 0.003 0.003 0.003 0.002 0.005 0.005 0.005 0.005 0.003 0.004 
335    ZFK08    (0)   10 :  0.004 0.960 0.004 0.004 0.003 0.004 0.004 0.005 0.003 0.003 0.003 0.003 
336    ZFK10    (0)   10 :  0.004 0.963 0.004 0.004 0.003 0.004 0.004 0.003 0.003 0.004 0.003 0.003 
337    ZFK11    (0)   10 :  0.006 0.942 0.007 0.006 0.003 0.009 0.010 0.004 0.003 0.004 0.004 0.003 
338    ZFK12    (0)   10 :  0.002 0.946 0.003 0.003 0.005 0.002 0.006 0.010 0.008 0.003 0.003 0.008 
339    ZFK13    (0)   10 :  0.004 0.909 0.007 0.004 0.021 0.002 0.009 0.005 0.008 0.004 0.003 0.023 
340    ZFK14    (0)   10 :  0.009 0.673 0.014 0.006 0.020 0.007 0.184 0.011 0.034 0.012 0.006 0.023 
341    ZFK15    (0)   10 :  0.005 0.926 0.010 0.004 0.016 0.003 0.006 0.003 0.004 0.005 0.003 0.014 
342    ZFK16    (0)   10 :  0.002 0.956 0.003 0.003 0.005 0.002 0.006 0.005 0.005 0.004 0.003 0.005 
343   ZFLB01    (0)   11 :  0.010 0.007 0.923 0.008 0.011 0.006 0.003 0.004 0.004 0.007 0.004 0.013 
344   ZFLB02    (0)   11 :  0.008 0.004 0.780 0.097 0.004 0.074 0.003 0.008 0.004 0.003 0.010 0.005 
345   ZFLB03    (0)   11 :  0.007 0.014 0.700 0.140 0.005 0.011 0.005 0.008 0.006 0.082 0.012 0.009 
346   ZFLB04    (0)   11 :  0.021 0.011 0.655 0.008 0.018 0.005 0.005 0.004 0.005 0.230 0.004 0.032 
347   ZFLB05    (0)   11 :  0.019 0.007 0.899 0.012 0.006 0.007 0.003 0.005 0.003 0.023 0.004 0.013 
348   ZFLB06    (0)   11 :  0.004 0.034 0.909 0.010 0.007 0.004 0.008 0.004 0.005 0.006 0.005 0.005 
349   ZFLB07    (0)   11 :  0.006 0.097 0.590 0.092 0.016 0.005 0.010 0.014 0.008 0.118 0.008 0.035 
350   ZFLB08    (0)   11 :  0.011 0.008 0.805 0.079 0.005 0.050 0.003 0.012 0.004 0.007 0.009 0.005 
351   ZFLB09    (9)   11 :  0.006 0.010 0.941 0.007 0.005 0.005 0.006 0.004 0.003 0.004 0.004 0.005 
352   ZFLB10    (0)   11 :  0.008 0.006 0.948 0.005 0.004 0.003 0.003 0.003 0.002 0.009 0.004 0.005 
353   ZFLB11    (0)   11 :  0.003 0.021 0.916 0.008 0.006 0.003 0.012 0.007 0.009 0.004 0.004 0.007 
354   ZFLB12    (0)   11 :  0.005 0.007 0.950 0.008 0.003 0.005 0.004 0.004 0.002 0.004 0.004 0.003 
355   ZFLB13    (0)   11 :  0.004 0.011 0.849 0.053 0.010 0.008 0.012 0.017 0.004 0.009 0.008 0.016 
356  ZFLTI01    (0)   12 :  0.004 0.006 0.002 0.003 0.020 0.005 0.035 0.008 0.011 0.010 0.006 0.891 
357  ZFLTI02    (0)   12 :  0.003 0.008 0.002 0.004 0.014 0.009 0.070 0.006 0.010 0.033 0.005 0.836 
358  ZFLTI03    (0)   12 :  0.003 0.005 0.002 0.003 0.008 0.005 0.010 0.006 0.010 0.013 0.003 0.932 
359  ZFLTI04    (0)   12 :  0.005 0.012 0.003 0.005 0.014 0.006 0.012 0.008 0.005 0.020 0.005 0.906 
360  ZFLTI05    (0)   12 :  0.003 0.006 0.002 0.003 0.008 0.006 0.007 0.004 0.005 0.018 0.003 0.935 
361  ZFLTI06    (0)   12 :  0.004 0.004 0.002 0.003 0.012 0.004 0.007 0.004 0.009 0.005 0.004 0.943 
362  ZFLTI07    (0)   12 :  0.005 0.005 0.002 0.003 0.012 0.004 0.005 0.006 0.004 0.007 0.005 0.942 
363  ZFLTI08    (0)   12 :  0.004 0.006 0.002 0.005 0.009 0.015 0.006 0.007 0.004 0.022 0.004 0.915 
364  ZFLTI09    (0)   12 :  0.005 0.005 0.002 0.003 0.013 0.010 0.006 0.006 0.004 0.007 0.003 0.936 
365  ZFLTI10    (0)   12 :  0.003 0.005 0.002 0.003 0.018 0.008 0.010 0.004 0.004 0.005 0.005 0.931 
366  ZFLTI11    (0)   12 :  0.003 0.004 0.003 0.003 0.018 0.007 0.007 0.005 0.019 0.009 0.003 0.920 
367  ZFLTI12    (0)   12 :  0.003 0.006 0.002 0.003 0.015 0.007 0.022 0.005 0.014 0.010 0.004 0.910 
368  ZFLTI13    (0)   12 :  0.004 0.008 0.002 0.004 0.009 0.006 0.021 0.008 0.013 0.050 0.004 0.870 
369  ZFLTI14    (0)   12 :  0.003 0.010 0.002 0.005 0.056 0.013 0.088 0.006 0.005 0.207 0.006 0.599 
370 ZFONF101    (0)   13 :  0.002 0.002 0.003 0.003 0.965 0.003 0.002 0.003 0.005 0.003 0.003 0.007 
371 ZFONF102    (0)   13 :  0.005 0.003 0.011 0.008 0.924 0.004 0.003 0.004 0.024 0.003 0.006 0.005 
372 ZFONF103    (0)   13 :  0.004 0.017 0.003 0.006 0.769 0.006 0.011 0.008 0.017 0.053 0.004 0.103 
373 ZFONF104    (0)   13 :  0.002 0.003 0.002 0.002 0.933 0.003 0.004 0.003 0.031 0.004 0.003 0.012 
374 ZFONF105    (0)   13 :  0.003 0.006 0.003 0.003 0.801 0.003 0.005 0.004 0.129 0.010 0.003 0.030 
375 ZFONF106    (0)   13 :  0.003 0.003 0.002 0.002 0.961 0.005 0.003 0.002 0.007 0.004 0.003 0.005 
376 ZFONF107    (0)   13 :  0.015 0.039 0.039 0.047 0.749 0.016 0.011 0.006 0.012 0.019 0.013 0.035 
377 ZFONF108    (0)   13 :  0.004 0.049 0.007 0.011 0.844 0.007 0.011 0.004 0.010 0.026 0.004 0.023 
378 ZFONF109    (9)   13 :  0.003 0.020 0.006 0.005 0.865 0.008 0.015 0.004 0.037 0.009 0.004 0.024 
379 ZFONF110    (0)   13 :  0.002 0.003 0.002 0.002 0.945 0.002 0.005 0.003 0.015 0.006 0.004 0.011 
380 ZFONF111    (0)   13 :  0.009 0.005 0.013 0.022 0.794 0.012 0.011 0.022 0.016 0.005 0.024 0.066 
381 ZFONF112    (0)   13 :  0.003 0.005 0.003 0.003 0.726 0.014 0.007 0.003 0.209 0.013 0.003 0.011 
382 ZFONF113    (9)   13 :  0.002 0.008 0.004 0.005 0.926 0.004 0.005 0.008 0.009 0.007 0.004 0.019 
383 ZFONF115    (0)   13 :  0.003 0.006 0.003 0.003 0.932 0.007 0.006 0.004 0.016 0.009 0.003 0.007 
384 ZFONF116    (0)   13 :  0.004 0.007 0.003 0.004 0.920 0.007 0.005 0.005 0.022 0.012 0.004 0.007 
385 ZFONF117    (0)   13 :  0.004 0.013 0.004 0.006 0.342 0.006 0.009 0.006 0.050 0.043 0.004 0.514 
386 ZFONF118    (0)   13 :  0.004 0.006 0.002 0.003 0.902 0.013 0.009 0.007 0.015 0.013 0.004 0.021 
387 ZFONF119    (0)   13 :  0.003 0.017 0.005 0.003 0.923 0.003 0.007 0.005 0.019 0.004 0.004 0.007 
388 ZFONF120    (0)   13 :  0.003 0.027 0.005 0.003 0.867 0.003 0.014 0.011 0.041 0.004 0.005 0.016 
389 ZFONF121    (0)   13 :  0.004 0.008 0.004 0.004 0.852 0.004 0.004 0.005 0.093 0.005 0.004 0.014 
390 ZFONF122    (0)   13 :  0.005 0.017 0.003 0.005 0.673 0.010 0.018 0.010 0.009 0.018 0.007 0.226 
391 ZFONF123    (0)   13 :  0.006 0.008 0.037 0.015 0.871 0.004 0.006 0.004 0.027 0.003 0.009 0.009 
392 ZFONF124    (0)   13 :  0.003 0.016 0.006 0.005 0.905 0.003 0.006 0.003 0.029 0.006 0.003 0.015 
393 ZFONF125    (0)   13 :  0.008 0.045 0.034 0.032 0.581 0.004 0.023 0.012 0.203 0.005 0.012 0.042 
394 ZFONF126    (0)   13 :  0.004 0.009 0.003 0.004 0.905 0.007 0.014 0.010 0.009 0.010 0.005 0.021 
395 ZFONF201    (0)   14 :  0.078 0.004 0.028 0.012 0.084 0.034 0.042 0.009 0.603 0.003 0.044 0.058 
396 ZFONF202    (0)   14 :  0.003 0.004 0.002 0.002 0.054 0.004 0.011 0.006 0.895 0.003 0.005 0.011 
397 ZFONF203    (0)   14 :  0.003 0.008 0.003 0.004 0.009 0.004 0.006 0.013 0.939 0.003 0.005 0.006 
398 ZFONF204    (0)   14 :  0.006 0.008 0.007 0.007 0.006 0.009 0.038 0.006 0.893 0.004 0.007 0.008 
399 ZFONF206    (0)   14 :  0.012 0.003 0.014 0.020 0.006 0.011 0.010 0.006 0.893 0.003 0.017 0.005 
400 ZFONF207    (0)   14 :  0.003 0.005 0.003 0.004 0.007 0.003 0.004 0.005 0.952 0.004 0.004 0.006 
401 ZFONF208    (0)   14 :  0.005 0.007 0.004 0.004 0.058 0.005 0.008 0.009 0.841 0.006 0.004 0.048 
402 ZFONF209    (0)   14 :  0.011 0.015 0.008 0.007 0.008 0.015 0.023 0.008 0.880 0.009 0.006 0.011 
403 ZFONF210    (0)   14 :  0.003 0.003 0.002 0.002 0.010 0.002 0.004 0.003 0.951 0.007 0.003 0.010 
404 ZFONF211    (0)   14 :  0.004 0.013 0.015 0.011 0.031 0.004 0.012 0.017 0.849 0.014 0.007 0.024 
405 ZFONF212    (0)   14 :  0.003 0.003 0.002 0.002 0.010 0.002 0.003 0.003 0.951 0.005 0.003 0.012 
406 ZFONF214    (0)   14 :  0.002 0.006 0.006 0.005 0.040 0.003 0.007 0.016 0.896 0.003 0.006 0.011 
407 ZFONF215    (0)   14 :  0.002 0.004 0.002 0.002 0.018 0.002 0.004 0.004 0.949 0.004 0.003 0.006 
408 ZFONF216    (0)   14 :  0.002 0.005 0.003 0.003 0.004 0.002 0.003 0.004 0.960 0.005 0.002 0.005 
409 ZFONF217    (0)   14 :  0.002 0.005 0.003 0.002 0.045 0.004 0.004 0.004 0.916 0.004 0.003 0.007 
410 ZFONF218    (0)   14 :  0.003 0.004 0.007 0.009 0.005 0.003 0.003 0.005 0.948 0.004 0.004 0.005 
411 ZFONF219    (0)   14 :  0.002 0.002 0.002 0.002 0.005 0.002 0.003 0.002 0.971 0.003 0.003 0.003 
412 ZFONF220    (0)   14 :  0.002 0.007 0.003 0.003 0.025 0.005 0.004 0.005 0.933 0.004 0.003 0.005 
413 ZFONF222    (0)   14 :  0.003 0.005 0.008 0.006 0.003 0.003 0.003 0.006 0.952 0.004 0.003 0.004 
414 ZFONF223    (0)   14 :  0.004 0.005 0.007 0.007 0.008 0.004 0.003 0.007 0.942 0.003 0.005 0.005 
415 ZFONF224    (0)   14 :  0.002 0.003 0.002 0.003 0.004 0.002 0.003 0.003 0.968 0.004 0.002 0.004 
416 ZFONF225    (0)   14 :  0.002 0.003 0.002 0.002 0.007 0.002 0.003 0.003 0.965 0.004 0.002 0.005 
417 ZFONF226    (0)   14 :  0.003 0.009 0.003 0.003 0.008 0.003 0.005 0.008 0.945 0.004 0.004 0.006 
418 ZFONF227    (0)   14 :  0.002 0.003 0.002 0.002 0.004 0.002 0.003 0.003 0.970 0.003 0.002 0.004 
419 ZFONF228    (0)   14 :  0.004 0.006 0.004 0.004 0.010 0.006 0.005 0.004 0.931 0.012 0.005 0.010 
420 ZFONF230    (0)   14 :  0.002 0.003 0.002 0.003 0.014 0.002 0.005 0.003 0.950 0.003 0.003 0.009 
421 ZFONF231    (0)   14 :  0.002 0.003 0.005 0.004 0.008 0.002 0.007 0.011 0.940 0.005 0.005 0.008 
422 ZFONF232    (0)   14 :  0.002 0.003 0.002 0.002 0.008 0.002 0.003 0.003 0.964 0.003 0.003 0.005 
423 ZFONF233    (0)   14 :  0.002 0.005 0.003 0.003 0.004 0.002 0.004 0.004 0.962 0.004 0.003 0.004 
424 ZFONF234    (0)   14 :  0.005 0.013 0.004 0.020 0.013 0.005 0.009 0.007 0.876 0.011 0.017 0.019 
425 ZFONF235    (0)   14 :  0.002 0.002 0.002 0.002 0.004 0.002 0.003 0.003 0.970 0.003 0.003 0.004 
426 ZFONF236    (0)   14 :  0.018 0.010 0.011 0.024 0.013 0.025 0.019 0.004 0.824 0.027 0.013 0.012 
427 ZFONF238    (0)   14 :  0.003 0.004 0.002 0.003 0.009 0.004 0.006 0.007 0.949 0.003 0.005 0.007 
428 ZFONF239    (0)   14 :  0.005 0.003 0.004 0.005 0.005 0.011 0.013 0.004 0.938 0.003 0.006 0.003 
429 ZFONF240    (0)   14 :  0.002 0.003 0.002 0.002 0.005 0.002 0.006 0.003 0.965 0.003 0.002 0.005 
430 ZFONF241    (0)   14 :  0.008 0.005 0.003 0.007 0.015 0.012 0.005 0.006 0.905 0.017 0.007 0.009 
431 ZFONF242    (0)   14 :  0.002 0.003 0.002 0.002 0.009 0.002 0.006 0.003 0.958 0.003 0.004 0.005 
432 ZFONF243    (0)   14 :  0.003 0.006 0.003 0.003 0.005 0.003 0.003 0.005 0.947 0.010 0.002 0.009 
433 ZFONF244    (0)   14 :  0.002 0.005 0.002 0.002 0.008 0.002 0.004 0.003 0.960 0.004 0.003 0.005 
434 ZFONF245    (0)   14 :  0.002 0.003 0.002 0.003 0.005 0.002 0.006 0.003 0.959 0.003 0.003 0.010 
435   ZFOS01    (0)   15 :  0.003 0.007 0.003 0.003 0.021 0.004 0.883 0.009 0.009 0.006 0.007 0.046 
436   ZFOS02    (0)   15 :  0.008 0.009 0.006 0.008 0.042 0.031 0.810 0.007 0.010 0.011 0.024 0.035 
437   ZFOS03    (0)   15 :  0.009 0.007 0.029 0.008 0.009 0.006 0.894 0.009 0.004 0.003 0.010 0.011 
438   ZFOS04    (0)   15 :  0.025 0.010 0.004 0.007 0.078 0.007 0.749 0.006 0.006 0.014 0.016 0.078 
439   ZFOS05    (0)   15 :  0.005 0.011 0.003 0.005 0.042 0.007 0.841 0.008 0.013 0.013 0.017 0.036 
440   ZFOS06    (0)   15 :  0.005 0.006 0.006 0.007 0.012 0.005 0.896 0.012 0.010 0.022 0.006 0.013 
441   ZFOS07    (0)   15 :  0.024 0.058 0.005 0.006 0.009 0.009 0.845 0.005 0.004 0.005 0.024 0.007 
442   ZFOS08    (0)   15 :  0.032 0.022 0.003 0.005 0.016 0.014 0.859 0.004 0.005 0.012 0.012 0.014 
443   ZFOS09    (0)   15 :  0.012 0.003 0.008 0.008 0.046 0.009 0.788 0.009 0.007 0.005 0.039 0.066 
444   ZFOS10    (0)   15 :  0.016 0.005 0.009 0.015 0.003 0.021 0.900 0.003 0.002 0.007 0.016 0.004 
445   ZFOS11    (0)   15 :  0.006 0.065 0.007 0.052 0.017 0.006 0.432 0.010 0.008 0.125 0.103 0.171 
446   ZFOS12    (0)   15 :  0.025 0.341 0.024 0.056 0.020 0.009 0.220 0.099 0.007 0.053 0.097 0.049 
447   ZFOS13    (0)   15 :  0.011 0.011 0.004 0.007 0.014 0.008 0.868 0.016 0.005 0.009 0.028 0.019 
448   ZFOS14    (0)   15 :  0.137 0.024 0.016 0.014 0.016 0.009 0.551 0.040 0.007 0.058 0.043 0.086 
449   ZFOS15    (0)   15 :  0.007 0.035 0.004 0.006 0.004 0.005 0.918 0.004 0.003 0.006 0.005 0.004 
450   ZFOS16    (0)   15 :  0.011 0.009 0.009 0.008 0.046 0.007 0.805 0.005 0.010 0.022 0.028 0.041 
451   ZFOS17    (0)   15 :  0.005 0.006 0.006 0.005 0.004 0.008 0.938 0.006 0.005 0.006 0.005 0.005 
452   ZFOS18    (0)   15 :  0.005 0.008 0.006 0.010 0.004 0.010 0.923 0.004 0.002 0.012 0.008 0.007 
453   ZFOS19    (0)   15 :  0.004 0.005 0.004 0.004 0.003 0.004 0.952 0.008 0.004 0.004 0.005 0.004 
454   ZFOS20    (0)   15 :  0.010 0.005 0.004 0.005 0.006 0.005 0.933 0.004 0.007 0.008 0.009 0.005 
455   ZFOS21    (0)   15 :  0.007 0.010 0.008 0.005 0.022 0.006 0.891 0.004 0.005 0.009 0.009 0.025 
456   ZFOS22    (0)   15 :  0.003 0.013 0.005 0.006 0.007 0.003 0.921 0.012 0.006 0.008 0.005 0.011 
457   ZFOS23    (0)   15 :  0.238 0.005 0.009 0.012 0.002 0.006 0.672 0.007 0.002 0.006 0.037 0.003 
458   ZFOS24    (0)   15 :  0.003 0.013 0.004 0.007 0.003 0.004 0.939 0.004 0.003 0.009 0.005 0.006 
459   ZFOS25    (0)   15 :  0.010 0.010 0.005 0.012 0.014 0.016 0.416 0.025 0.020 0.067 0.018 0.386 
460   ZFOS26    (0)   15 :  0.010 0.015 0.005 0.011 0.090 0.014 0.358 0.007 0.006 0.028 0.026 0.429 
461   ZFOS27    (0)   15 :  0.008 0.018 0.008 0.006 0.030 0.006 0.868 0.004 0.008 0.017 0.006 0.020 
462   ZFOS28    (0)   15 :  0.012 0.008 0.012 0.009 0.008 0.015 0.892 0.007 0.003 0.009 0.011 0.015 
463   ZFOS29    (0)   15 :  0.018 0.009 0.010 0.007 0.008 0.005 0.902 0.004 0.009 0.011 0.007 0.010 
464   ZFOS30    (0)   15 :  0.006 0.012 0.005 0.003 0.010 0.005 0.922 0.008 0.009 0.003 0.007 0.011 
465   ZFOS31    (0)   15 :  0.042 0.074 0.006 0.005 0.028 0.004 0.481 0.218 0.035 0.009 0.035 0.064 
466   ZFOS32    (0)   15 :  0.008 0.003 0.004 0.005 0.014 0.006 0.906 0.004 0.007 0.008 0.019 0.017 
467   ZFPB01    (0)   16 :  0.004 0.005 0.957 0.008 0.002 0.004 0.003 0.003 0.003 0.004 0.003 0.003 
468   ZFPB02    (0)   16 :  0.003 0.004 0.941 0.008 0.005 0.003 0.004 0.006 0.012 0.004 0.004 0.007 
469   ZFPB03    (0)   16 :  0.005 0.012 0.925 0.005 0.007 0.003 0.008 0.002 0.004 0.019 0.004 0.007 
470   ZFPB05    (0)   16 :  0.003 0.003 0.964 0.005 0.003 0.002 0.003 0.004 0.005 0.003 0.002 0.004 
471   ZFPB06    (0)   16 :  0.004 0.010 0.949 0.008 0.003 0.004 0.006 0.003 0.002 0.004 0.004 0.003 
472   ZFPB07    (0)   16 :  0.003 0.003 0.960 0.004 0.005 0.002 0.003 0.004 0.006 0.002 0.003 0.005 
473   ZFPB08    (0)   16 :  0.004 0.007 0.942 0.007 0.007 0.003 0.008 0.003 0.006 0.005 0.004 0.005 
474   ZFPB10    (0)   16 :  0.004 0.004 0.952 0.008 0.003 0.003 0.003 0.004 0.003 0.007 0.004 0.005 
475   ZFPB11    (0)   16 :  0.003 0.005 0.957 0.007 0.003 0.003 0.005 0.005 0.004 0.002 0.003 0.004 
476   ZFPB12    (0)   16 :  0.003 0.005 0.955 0.009 0.003 0.003 0.004 0.004 0.004 0.003 0.003 0.004 
477   ZFPB13    (0)   16 :  0.004 0.003 0.960 0.005 0.004 0.003 0.003 0.003 0.005 0.004 0.003 0.004 
478   ZFPB14    (0)   16 :  0.003 0.003 0.957 0.005 0.005 0.002 0.004 0.004 0.006 0.002 0.004 0.005 
479   ZFPB15    (0)   16 :  0.003 0.004 0.951 0.004 0.008 0.003 0.006 0.002 0.006 0.003 0.004 0.005 
480   ZFPB17    (0)   16 :  0.003 0.004 0.962 0.007 0.003 0.003 0.004 0.003 0.002 0.002 0.003 0.003 
481   ZFPB18    (0)   16 :  0.002 0.003 0.965 0.004 0.003 0.002 0.004 0.004 0.004 0.002 0.003 0.003 
482   ZFPB19    (0)   16 :  0.006 0.008 0.944 0.007 0.006 0.004 0.007 0.002 0.004 0.005 0.004 0.004 
483   ZFPB20    (0)   16 :  0.003 0.003 0.972 0.004 0.003 0.003 0.002 0.002 0.002 0.002 0.002 0.002 
484   ZFPB21    (0)   16 :  0.003 0.004 0.958 0.004 0.007 0.002 0.004 0.002 0.004 0.004 0.003 0.004 
485   ZFPB22    (0)   16 :  0.003 0.004 0.966 0.005 0.002 0.003 0.003 0.003 0.002 0.003 0.003 0.002 
486   ZFPB23    (0)   16 :  0.004 0.004 0.958 0.006 0.004 0.003 0.004 0.003 0.004 0.003 0.004 0.004 
487   ZFSF01    (0)   17 :  0.690 0.004 0.003 0.069 0.005 0.031 0.007 0.145 0.002 0.005 0.035 0.005 
488   ZFSF02    (0)   17 :  0.415 0.006 0.007 0.027 0.015 0.010 0.011 0.375 0.005 0.006 0.102 0.021 
489   ZFSF03    (0)   17 :  0.216 0.005 0.011 0.057 0.005 0.015 0.004 0.058 0.003 0.003 0.618 0.004 
490   ZFSF04    (0)   17 :  0.615 0.039 0.007 0.005 0.015 0.029 0.009 0.036 0.011 0.004 0.223 0.008 
491  ZFSW101    (0)   18 :  0.028 0.011 0.006 0.006 0.081 0.136 0.004 0.007 0.005 0.005 0.694 0.015 
492  ZFSW102    (0)   18 :  0.052 0.037 0.012 0.006 0.011 0.172 0.011 0.014 0.006 0.004 0.671 0.005 
493  ZFSW103    (0)   18 :  0.056 0.015 0.006 0.010 0.034 0.624 0.006 0.010 0.012 0.013 0.177 0.037 
494  ZFSW104    (9)   18 :  0.474 0.010 0.006 0.006 0.011 0.018 0.014 0.020 0.012 0.003 0.414 0.012 
495  ZFSW105    (0)   18 :  0.116 0.007 0.005 0.004 0.089 0.090 0.009 0.006 0.009 0.005 0.650 0.009 
496  ZFSW106    (0)   18 :  0.033 0.004 0.013 0.023 0.017 0.153 0.009 0.013 0.022 0.015 0.688 0.011 
497  ZFSW107    (0)   18 :  0.034 0.046 0.081 0.008 0.015 0.581 0.007 0.009 0.006 0.003 0.202 0.006 
498  ZFSW108    (0)   18 :  0.048 0.005 0.013 0.011 0.003 0.883 0.005 0.005 0.003 0.003 0.019 0.003 
499  ZFSW109    (0)   18 :  0.024 0.003 0.009 0.004 0.006 0.816 0.009 0.004 0.008 0.005 0.105 0.005 
500  ZFSW110    (0)   18 :  0.014 0.011 0.010 0.005 0.014 0.182 0.006 0.006 0.007 0.006 0.730 0.009 
501  ZFSW111    (0)   18 :  0.011 0.009 0.012 0.005 0.093 0.128 0.010 0.007 0.012 0.004 0.701 0.008 
502  ZFSW112    (0)   18 :  0.021 0.007 0.005 0.006 0.050 0.806 0.036 0.005 0.011 0.007 0.036 0.012 
503  ZFSW113    (0)   18 :  0.108 0.005 0.004 0.010 0.030 0.021 0.008 0.020 0.004 0.006 0.763 0.022 
504  ZFSW114    (0)   18 :  0.016 0.006 0.005 0.005 0.018 0.747 0.011 0.011 0.012 0.003 0.156 0.011 
505  ZFSW115    (0)   18 :  0.011 0.005 0.003 0.006 0.006 0.051 0.006 0.008 0.004 0.003 0.894 0.004 
506  ZFSW116    (0)   18 :  0.077 0.022 0.028 0.011 0.069 0.046 0.009 0.024 0.010 0.006 0.687 0.011 
507  ZFSW117    (0)   18 :  0.026 0.010 0.012 0.008 0.027 0.066 0.008 0.019 0.012 0.007 0.795 0.012 
508  ZFSW119    (0)   18 :  0.070 0.009 0.005 0.007 0.004 0.506 0.018 0.021 0.003 0.002 0.353 0.003 
509  ZFSW120    (0)   18 :  0.306 0.005 0.022 0.007 0.003 0.083 0.004 0.010 0.002 0.002 0.553 0.002 
510  ZFSW121    (0)   18 :  0.014 0.006 0.005 0.004 0.005 0.026 0.005 0.012 0.004 0.002 0.913 0.003 
511  ZFSW122    (0)   18 :  0.581 0.005 0.010 0.006 0.013 0.031 0.007 0.004 0.015 0.014 0.303 0.012 
512  ZFSW123    (0)   18 :  0.408 0.004 0.016 0.010 0.007 0.433 0.007 0.003 0.003 0.003 0.103 0.003 
513  ZFSW124    (0)   18 :  0.900 0.007 0.005 0.006 0.004 0.019 0.010 0.004 0.003 0.004 0.034 0.003 
514  ZFSW201    (0)   19 :  0.166 0.007 0.017 0.009 0.003 0.772 0.005 0.006 0.003 0.004 0.006 0.003 
515  ZFSW202    (0)   19 :  0.014 0.007 0.006 0.004 0.004 0.932 0.005 0.008 0.003 0.003 0.011 0.003 
516  ZFSW203    (0)   19 :  0.027 0.005 0.011 0.007 0.003 0.911 0.008 0.005 0.003 0.003 0.013 0.003 
517  ZFSW204    (0)   19 :  0.009 0.018 0.010 0.008 0.003 0.925 0.007 0.005 0.002 0.003 0.007 0.003 
518  ZFSW205    (0)   19 :  0.011 0.003 0.003 0.004 0.004 0.952 0.003 0.003 0.002 0.004 0.005 0.004 
519  ZFSW206    (0)   19 :  0.004 0.003 0.003 0.005 0.003 0.962 0.003 0.004 0.002 0.003 0.004 0.003 
520  ZFSW207    (0)   19 :  0.012 0.005 0.003 0.006 0.005 0.931 0.004 0.004 0.007 0.008 0.008 0.006 
521  ZFSW208    (0)   19 :  0.005 0.004 0.005 0.005 0.004 0.953 0.004 0.007 0.003 0.004 0.004 0.003 
522  ZFSW209    (0)   19 :  0.006 0.003 0.003 0.061 0.003 0.864 0.004 0.004 0.009 0.004 0.035 0.003 
523  ZFSW210    (0)   19 :  0.005 0.005 0.003 0.005 0.008 0.919 0.004 0.005 0.008 0.021 0.006 0.011 
524  ZFSW211    (0)   19 :  0.005 0.004 0.003 0.010 0.004 0.945 0.003 0.006 0.002 0.007 0.004 0.005 
525  ZFSW212    (0)   19 :  0.006 0.004 0.003 0.004 0.004 0.957 0.004 0.004 0.002 0.004 0.004 0.004 
526  ZFSW213    (0)   19 :  0.004 0.004 0.003 0.003 0.003 0.960 0.005 0.005 0.003 0.003 0.003 0.003 
527  ZFSW214    (0)   19 :  0.004 0.003 0.003 0.003 0.004 0.958 0.007 0.005 0.002 0.003 0.005 0.003 
528  ZFSW215    (0)   19 :  0.011 0.002 0.004 0.004 0.003 0.949 0.006 0.004 0.003 0.003 0.009 0.003 
529  ZFSW216    (0)   19 :  0.005 0.004 0.003 0.005 0.004 0.955 0.004 0.004 0.002 0.005 0.004 0.005 
530  ZFSW217    (0)   19 :  0.011 0.004 0.004 0.004 0.003 0.949 0.006 0.005 0.003 0.004 0.005 0.003 
531  ZFSW218    (0)   19 :  0.005 0.003 0.002 0.004 0.003 0.963 0.004 0.003 0.002 0.003 0.004 0.003 
532  ZFSW219    (0)   19 :  0.006 0.020 0.007 0.012 0.004 0.920 0.006 0.007 0.003 0.004 0.007 0.004 
533  ZFSW220    (0)   19 :  0.005 0.006 0.011 0.011 0.003 0.939 0.005 0.005 0.002 0.003 0.006 0.003 
534  ZFSW221    (0)   19 :  0.006 0.005 0.004 0.007 0.004 0.950 0.004 0.006 0.003 0.005 0.004 0.004 
535  ZFSW222    (0)   19 :  0.011 0.003 0.004 0.003 0.002 0.954 0.003 0.006 0.002 0.003 0.008 0.002 
536  ZFSW223    (0)   19 :  0.004 0.006 0.009 0.009 0.003 0.945 0.005 0.005 0.003 0.003 0.006 0.002 
537  ZFSW224    (0)   19 :  0.004 0.005 0.003 0.006 0.004 0.954 0.004 0.006 0.003 0.004 0.004 0.004 
538  ZFSW225    (0)   19 :  0.009 0.003 0.005 0.007 0.003 0.948 0.004 0.005 0.003 0.005 0.005 0.004 
539  ZFSW226    (0)   19 :  0.054 0.003 0.013 0.007 0.014 0.865 0.005 0.004 0.009 0.009 0.010 0.007 
540  ZFSW227    (0)   19 :  0.006 0.004 0.004 0.004 0.003 0.961 0.004 0.003 0.002 0.003 0.004 0.003 
541  ZFSW229    (0)   19 :  0.006 0.003 0.003 0.005 0.003 0.959 0.003 0.004 0.002 0.004 0.004 0.004 
542  ZFSW230    (0)   19 :  0.011 0.004 0.009 0.004 0.026 0.904 0.008 0.003 0.005 0.004 0.005 0.017 
543  ZFSW231    (0)   19 :  0.006 0.004 0.004 0.005 0.003 0.956 0.003 0.005 0.002 0.004 0.004 0.003 
544  ZFSW232    (0)   19 :  0.019 0.004 0.003 0.004 0.004 0.932 0.003 0.008 0.003 0.004 0.013 0.003 
545  ZFSW233    (0)   19 :  0.008 0.009 0.015 0.015 0.013 0.861 0.006 0.013 0.008 0.004 0.040 0.009 
546  ZFSW234    (0)   19 :  0.007 0.003 0.005 0.004 0.002 0.961 0.004 0.003 0.002 0.003 0.004 0.002 
547  ZFSW235    (0)   19 :  0.007 0.009 0.005 0.006 0.004 0.940 0.006 0.007 0.004 0.005 0.004 0.004 
548  ZFSW236    (0)   19 :  0.005 0.003 0.003 0.003 0.003 0.964 0.004 0.004 0.002 0.003 0.003 0.003 
549  ZFSW237    (0)   19 :  0.009 0.006 0.004 0.006 0.004 0.938 0.009 0.007 0.003 0.003 0.008 0.003 
550  ZFSW238    (0)   19 :  0.011 0.025 0.010 0.044 0.007 0.710 0.047 0.068 0.022 0.002 0.043 0.010 
551  ZFSW239    (0)   19 :  0.020 0.003 0.021 0.004 0.017 0.895 0.007 0.003 0.004 0.004 0.006 0.015 
552  ZFSW240    (0)   19 :  0.013 0.005 0.007 0.005 0.002 0.947 0.004 0.003 0.002 0.003 0.005 0.003 
553   ZFTS01    (0)   20 :  0.008 0.004 0.937 0.008 0.005 0.004 0.003 0.003 0.003 0.003 0.015 0.005 
554   ZFTS02    (0)   20 :  0.011 0.022 0.883 0.005 0.008 0.015 0.006 0.018 0.009 0.004 0.014 0.006 
555   ZFTS03    (0)   20 :  0.014 0.013 0.898 0.005 0.005 0.022 0.006 0.011 0.005 0.003 0.012 0.004 
556   ZFTS04    (0)   20 :  0.008 0.005 0.945 0.005 0.004 0.007 0.005 0.005 0.004 0.003 0.007 0.003 
557   ZFTS05    (0)   20 :  0.010 0.040 0.882 0.009 0.007 0.014 0.005 0.011 0.004 0.004 0.009 0.005 
558   ZFTS07    (0)   20 :  0.010 0.007 0.939 0.009 0.003 0.008 0.004 0.006 0.003 0.003 0.007 0.003 
559   ZFTS08    (0)   20 :  0.022 0.005 0.898 0.007 0.004 0.027 0.007 0.009 0.003 0.003 0.013 0.003 
560   ZFTS09    (0)   20 :  0.012 0.003 0.897 0.017 0.003 0.032 0.003 0.006 0.002 0.003 0.018 0.004 
561   ZFTS10    (0)   20 :  0.172 0.045 0.693 0.013 0.005 0.028 0.004 0.013 0.003 0.004 0.015 0.005 
562   ZFTS11    (0)   20 :  0.010 0.006 0.905 0.015 0.004 0.015 0.004 0.006 0.002 0.005 0.022 0.005 
563   ZFTS12    (0)   20 :  0.006 0.007 0.938 0.006 0.004 0.009 0.008 0.006 0.005 0.004 0.004 0.003 
564   ZFTS14    (0)   20 :  0.005 0.004 0.944 0.005 0.004 0.008 0.004 0.009 0.005 0.003 0.006 0.004 
565   ZFTS15    (0)   20 :  0.007 0.011 0.913 0.015 0.006 0.007 0.003 0.007 0.003 0.004 0.018 0.006 
566   ZFTS16    (0)   20 :  0.279 0.061 0.573 0.012 0.009 0.014 0.005 0.006 0.005 0.005 0.023 0.008 
567   ZFTS17    (9)   20 :  0.027 0.011 0.817 0.020 0.008 0.054 0.006 0.009 0.003 0.018 0.013 0.015 
568   ZFTS18    (0)   20 :  0.018 0.007 0.895 0.006 0.004 0.036 0.007 0.009 0.004 0.003 0.009 0.003 
569   ZFTS19    (9)   20 :  0.378 0.007 0.278 0.008 0.003 0.295 0.005 0.007 0.003 0.004 0.008 0.003 
570   ZFTS20    (0)   20 :  0.020 0.009 0.848 0.009 0.004 0.066 0.010 0.015 0.004 0.005 0.009 0.003 
571   ZFTS21    (0)   20 :  0.009 0.004 0.941 0.006 0.003 0.010 0.004 0.006 0.003 0.003 0.007 0.003 
572   ZFTS22    (0)   20 :  0.018 0.004 0.914 0.010 0.003 0.019 0.006 0.007 0.003 0.004 0.008 0.003 
573   ZFTS23    (0)   20 :  0.007 0.012 0.924 0.005 0.006 0.009 0.006 0.009 0.006 0.004 0.007 0.005 
574   ZFTS24    (0)   20 :  0.011 0.010 0.924 0.004 0.004 0.016 0.008 0.006 0.004 0.003 0.006 0.003 
575   ZFTS25    (0)   20 :  0.041 0.007 0.789 0.031 0.008 0.039 0.002 0.015 0.003 0.007 0.044 0.012 
576   ZFTS26    (0)   20 :  0.222 0.004 0.261 0.006 0.003 0.479 0.004 0.004 0.003 0.003 0.009 0.003 
577   ZFTS27    (0)   20 :  0.021 0.020 0.886 0.008 0.009 0.016 0.005 0.010 0.004 0.003 0.013 0.005 
578   ZFTS28    (0)   20 :  0.025 0.037 0.797 0.012 0.025 0.025 0.011 0.024 0.007 0.007 0.019 0.011 
579   ZFTS29    (0)   20 :  0.073 0.014 0.795 0.028 0.002 0.056 0.006 0.011 0.002 0.003 0.009 0.002 
580   ZFTS30    (0)   20 :  0.052 0.021 0.830 0.021 0.004 0.034 0.004 0.011 0.002 0.003 0.015 0.003 
581   ZFTS31    (0)   20 :  0.009 0.037 0.904 0.005 0.005 0.010 0.006 0.006 0.004 0.003 0.007 0.004 
582   ZFTS32    (0)   20 :  0.018 0.016 0.839 0.024 0.007 0.021 0.005 0.008 0.003 0.004 0.048 0.007 
583   ZFTS33    (0)   20 :  0.010 0.011 0.840 0.017 0.010 0.038 0.006 0.022 0.004 0.007 0.026 0.010 
584   ZFTS34    (0)   20 :  0.015 0.005 0.920 0.005 0.007 0.013 0.004 0.008 0.006 0.003 0.011 0.004 
585   ZFTS35    (0)   20 :  0.083 0.034 0.738 0.013 0.006 0.047 0.006 0.027 0.004 0.004 0.033 0.005 
586   ZFTS36    (0)   20 :  0.007 0.005 0.941 0.005 0.004 0.009 0.004 0.008 0.005 0.003 0.006 0.003 
587   ZFTS37    (0)   20 :  0.098 0.049 0.637 0.009 0.007 0.139 0.006 0.020 0.004 0.003 0.023 0.005 
588   ZFTS38    (0)   20 :  0.098 0.049 0.688 0.018 0.005 0.062 0.008 0.022 0.003 0.003 0.039 0.004 
589   ZFTS39    (0)   20 :  0.023 0.004 0.901 0.008 0.005 0.022 0.007 0.007 0.005 0.006 0.008 0.004 
590   ZFTS40    (0)   20 :  0.033 0.146 0.700 0.014 0.017 0.010 0.005 0.024 0.008 0.005 0.027 0.011 
591 ZFTSP101    (0)   21 :  0.004 0.007 0.003 0.004 0.274 0.003 0.010 0.005 0.011 0.196 0.007 0.475 
592 ZFTSP102    (0)   21 :  0.005 0.017 0.003 0.005 0.015 0.008 0.007 0.021 0.007 0.829 0.006 0.076 
593 ZFTSP103    (0)   21 :  0.004 0.005 0.002 0.005 0.020 0.005 0.057 0.018 0.015 0.575 0.012 0.282 
594 ZFTSP104    (0)   21 :  0.002 0.004 0.002 0.003 0.006 0.002 0.003 0.005 0.008 0.005 0.003 0.955 
595 ZFTSP105    (0)   21 :  0.004 0.004 0.002 0.003 0.012 0.004 0.009 0.013 0.007 0.141 0.003 0.799 
596 ZFTSP106    (0)   21 :  0.004 0.006 0.005 0.009 0.376 0.004 0.007 0.015 0.267 0.017 0.010 0.278 
597 ZFTSP107    (0)   21 :  0.003 0.004 0.003 0.004 0.006 0.003 0.009 0.015 0.008 0.027 0.004 0.914 
598 ZFTSP108    (0)   21 :  0.003 0.007 0.005 0.015 0.023 0.003 0.010 0.032 0.531 0.084 0.009 0.278 
599 ZFTSP109    (0)   21 :  0.003 0.005 0.003 0.006 0.012 0.004 0.008 0.047 0.026 0.005 0.006 0.876 
600 ZFTSP110    (0)   21 :  0.003 0.004 0.003 0.006 0.061 0.003 0.006 0.006 0.006 0.012 0.005 0.885 
601 ZFTSP111    (0)   21 :  0.003 0.007 0.002 0.003 0.023 0.003 0.004 0.004 0.005 0.027 0.003 0.915 
602 ZFTSP112    (0)   21 :  0.004 0.024 0.006 0.006 0.015 0.004 0.013 0.009 0.007 0.025 0.005 0.882 
603 ZFTSP113    (0)   21 :  0.003 0.005 0.003 0.006 0.010 0.004 0.006 0.018 0.011 0.009 0.005 0.919 
604 ZFTSP114    (0)   21 :  0.003 0.005 0.003 0.003 0.007 0.003 0.006 0.005 0.006 0.038 0.003 0.919 
605 ZFTSP115    (0)   21 :  0.004 0.014 0.006 0.005 0.028 0.004 0.014 0.016 0.019 0.014 0.006 0.869 
606 ZFTSP116    (0)   21 :  0.003 0.014 0.003 0.006 0.027 0.004 0.007 0.008 0.006 0.065 0.004 0.854 
607 ZFTSP117    (0)   21 :  0.003 0.003 0.003 0.003 0.008 0.003 0.003 0.003 0.005 0.016 0.003 0.947 
608 ZFTSP118    (0)   21 :  0.005 0.004 0.003 0.003 0.007 0.004 0.006 0.005 0.005 0.086 0.004 0.869 
609 ZFTSP119    (0)   21 :  0.036 0.006 0.009 0.015 0.018 0.020 0.005 0.037 0.523 0.056 0.018 0.257 
610 ZFTSP120    (0)   21 :  0.006 0.004 0.003 0.003 0.072 0.003 0.005 0.003 0.004 0.095 0.004 0.797 
611 ZFTSP121    (0)   21 :  0.010 0.005 0.019 0.053 0.007 0.007 0.004 0.013 0.031 0.687 0.011 0.153 
612 ZFTSP122    (0)   21 :  0.003 0.006 0.003 0.003 0.032 0.003 0.012 0.007 0.021 0.077 0.003 0.830 
613 ZFTSP123    (0)   21 :  0.002 0.003 0.003 0.003 0.012 0.002 0.003 0.005 0.010 0.006 0.003 0.949 
614 ZFTSP124    (0)   21 :  0.002 0.004 0.003 0.003 0.021 0.002 0.007 0.007 0.013 0.006 0.004 0.930 
615 ZFTSP125    (0)   21 :  0.002 0.003 0.003 0.003 0.010 0.002 0.004 0.007 0.042 0.009 0.003 0.912 
616 ZFTSP126    (0)   21 :  0.003 0.005 0.004 0.005 0.029 0.003 0.005 0.012 0.017 0.021 0.004 0.894 
617 ZFTSP127    (0)   21 :  0.002 0.004 0.003 0.003 0.010 0.002 0.006 0.008 0.014 0.007 0.003 0.937 
618 ZFTSP128    (0)   21 :  0.002 0.003 0.003 0.004 0.010 0.003 0.005 0.005 0.007 0.029 0.004 0.925 
619 ZFTSP129    (0)   21 :  0.003 0.005 0.002 0.003 0.047 0.003 0.014 0.004 0.010 0.011 0.004 0.893 
620 ZFTSP130    (0)   21 :  0.002 0.003 0.003 0.003 0.006 0.002 0.004 0.006 0.009 0.013 0.003 0.947 
621 ZFTSP131    (0)   21 :  0.003 0.003 0.002 0.002 0.009 0.003 0.004 0.004 0.007 0.010 0.003 0.951 
622 ZFTSP132    (0)   21 :  0.004 0.016 0.003 0.006 0.051 0.005 0.008 0.005 0.008 0.085 0.005 0.805 
623 ZFTSP133    (0)   21 :  0.004 0.005 0.003 0.003 0.030 0.002 0.018 0.005 0.320 0.028 0.004 0.578 
624 ZFTSP134    (0)   21 :  0.002 0.007 0.002 0.003 0.012 0.003 0.009 0.006 0.041 0.038 0.003 0.871 
625 ZFTSP135    (0)   21 :  0.004 0.003 0.003 0.003 0.012 0.003 0.004 0.005 0.006 0.028 0.003 0.927 
626 ZFTSP136    (0)   21 :  0.005 0.003 0.003 0.003 0.065 0.004 0.004 0.004 0.010 0.112 0.003 0.784 
627 ZFTSP137    (0)   21 :  0.013 0.004 0.034 0.023 0.082 0.006 0.010 0.027 0.037 0.171 0.014 0.579 
628 ZFTSP138    (0)   21 :  0.003 0.006 0.004 0.004 0.073 0.003 0.008 0.007 0.008 0.035 0.004 0.845 
629 ZFTSP139    (0)   21 :  0.003 0.003 0.003 0.003 0.058 0.002 0.004 0.004 0.036 0.030 0.003 0.852 
630 ZFTSP140    (0)   21 :  0.004 0.021 0.011 0.008 0.044 0.004 0.015 0.032 0.010 0.021 0.007 0.824 
631 ZFTSP141    (0)   21 :  0.005 0.030 0.008 0.007 0.037 0.005 0.012 0.034 0.117 0.545 0.008 0.193 
632 ZFTSP142    (0)   21 :  0.004 0.005 0.002 0.005 0.034 0.004 0.006 0.010 0.009 0.355 0.005 0.559 
633 ZFTSP143    (0)   21 :  0.004 0.004 0.003 0.003 0.029 0.005 0.008 0.007 0.011 0.023 0.004 0.898 
634 ZFTSP144    (0)   21 :  0.006 0.007 0.003 0.005 0.022 0.006 0.007 0.007 0.005 0.059 0.005 0.869 
635 ZFTSP145    (0)   21 :  0.003 0.006 0.003 0.004 0.025 0.003 0.009 0.007 0.020 0.454 0.003 0.462 
636 ZFTSP201    (9)   22 :  0.003 0.038 0.005 0.007 0.622 0.004 0.026 0.013 0.084 0.016 0.005 0.175 
637 ZFTSP202    (0)   22 :  0.005 0.197 0.024 0.011 0.086 0.003 0.019 0.004 0.201 0.287 0.003 0.160 
638 ZFTSP203    (0)   22 :  0.004 0.014 0.003 0.005 0.692 0.004 0.010 0.004 0.009 0.061 0.003 0.190 
639 ZFTSP204    (0)   22 :  0.004 0.005 0.003 0.004 0.244 0.007 0.016 0.003 0.008 0.107 0.004 0.596 
640 ZFTSP205    (0)   22 :  0.004 0.051 0.008 0.011 0.493 0.008 0.040 0.004 0.010 0.210 0.005 0.155 
641 ZFTSP206    (0)   22 :  0.005 0.020 0.003 0.004 0.818 0.008 0.033 0.006 0.021 0.019 0.009 0.053 
642 ZFTSP207    (0)   22 :  0.005 0.005 0.002 0.004 0.929 0.006 0.005 0.005 0.004 0.005 0.006 0.023 
643 ZFTSP208    (0)   22 :  0.008 0.007 0.003 0.005 0.893 0.008 0.005 0.005 0.004 0.040 0.005 0.017 
644 ZFTSP209    (0)   22 :  0.004 0.007 0.003 0.003 0.091 0.004 0.013 0.007 0.024 0.027 0.003 0.815 
645 ZFTSP210    (0)   22 :  0.005 0.006 0.003 0.005 0.351 0.004 0.004 0.004 0.011 0.009 0.004 0.595 
646 ZFTSP211    (0)   22 :  0.006 0.036 0.015 0.010 0.031 0.004 0.010 0.004 0.004 0.014 0.004 0.861 
647 ZFTSP212    (0)   22 :  0.002 0.004 0.002 0.003 0.260 0.008 0.010 0.003 0.032 0.030 0.006 0.639 
648 ZFTSP213    (0)   22 :  0.003 0.003 0.004 0.006 0.041 0.002 0.003 0.006 0.006 0.021 0.003 0.903 
649 ZFTSP214    (0)   22 :  0.004 0.005 0.002 0.005 0.028 0.004 0.038 0.019 0.028 0.534 0.011 0.322 
650 ZFTSP215    (0)   22 :  0.003 0.008 0.003 0.003 0.306 0.003 0.006 0.004 0.005 0.604 0.005 0.050 
651 ZFTSP216    (0)   22 :  0.017 0.032 0.058 0.054 0.086 0.005 0.015 0.005 0.009 0.156 0.014 0.548 
652 ZFTSP217    (0)   22 :  0.003 0.004 0.003 0.006 0.026 0.003 0.003 0.007 0.007 0.008 0.004 0.927 
653 ZFTSP218    (0)   22 :  0.005 0.004 0.003 0.005 0.269 0.004 0.005 0.009 0.010 0.024 0.006 0.656 
654 ZFTSP219    (0)   22 :  0.010 0.022 0.006 0.007 0.177 0.008 0.017 0.024 0.014 0.037 0.009 0.669 
655 ZFTSP220    (0)   22 :  0.011 0.009 0.043 0.022 0.378 0.005 0.015 0.010 0.047 0.183 0.012 0.265 
656 ZFTSP221    (0)   22 :  0.004 0.027 0.005 0.011 0.566 0.004 0.008 0.014 0.055 0.188 0.005 0.115 
657 ZFTSP222    (0)   22 :  0.005 0.031 0.070 0.140 0.226 0.004 0.007 0.011 0.024 0.007 0.008 0.469 
658 ZFTSP223    (0)   22 :  0.002 0.002 0.003 0.003 0.009 0.002 0.003 0.004 0.004 0.030 0.003 0.936 
659 ZFTSP224    (0)   22 :  0.002 0.006 0.003 0.004 0.007 0.003 0.006 0.005 0.019 0.223 0.003 0.720 
660 ZFTSP225    (0)   22 :  0.004 0.004 0.003 0.004 0.067 0.004 0.004 0.006 0.063 0.115 0.004 0.722 
661 ZFTSP226    (0)   22 :  0.003 0.005 0.002 0.004 0.007 0.003 0.006 0.006 0.010 0.115 0.003 0.836 
662 ZFTSP227    (0)   22 :  0.004 0.024 0.013 0.018 0.639 0.003 0.010 0.006 0.020 0.005 0.005 0.254 
663 ZFTSP228    (0)   22 :  0.006 0.095 0.011 0.012 0.073 0.005 0.019 0.006 0.006 0.088 0.005 0.674 
664    ZFW01    (0)   23 :  0.159 0.002 0.004 0.004 0.014 0.726 0.006 0.004 0.004 0.005 0.063 0.008 
665    ZFW02    (0)   23 :  0.029 0.003 0.005 0.004 0.005 0.901 0.006 0.005 0.003 0.002 0.033 0.003 
666    ZFW03    (0)   23 :  0.179 0.003 0.003 0.005 0.005 0.739 0.003 0.006 0.002 0.016 0.031 0.007 
667    ZFW04    (0)   23 :  0.483 0.004 0.009 0.007 0.005 0.446 0.014 0.007 0.003 0.002 0.017 0.003 
668    ZFW05    (0)   23 :  0.701 0.007 0.004 0.090 0.004 0.022 0.011 0.014 0.021 0.016 0.103 0.007 
669    ZFW06    (0)   23 :  0.538 0.008 0.023 0.032 0.006 0.348 0.008 0.004 0.003 0.003 0.023 0.004 
670   ZFWB01    (0)   24 :  0.005 0.017 0.006 0.005 0.005 0.007 0.005 0.926 0.008 0.005 0.006 0.006 
671   ZFWB02    (0)   24 :  0.184 0.006 0.004 0.117 0.009 0.040 0.008 0.532 0.004 0.020 0.057 0.019 
672   ZFWB03    (0)   24 :  0.005 0.003 0.002 0.004 0.004 0.005 0.005 0.955 0.004 0.005 0.004 0.005 
673   ZFWB05    (0)   24 :  0.044 0.007 0.034 0.009 0.023 0.015 0.006 0.605 0.052 0.009 0.180 0.018 
674   ZFWB06    (0)   24 :  0.008 0.014 0.005 0.006 0.006 0.015 0.005 0.915 0.005 0.008 0.008 0.006 
675   ZFWB07    (0)   24 :  0.004 0.005 0.006 0.011 0.004 0.005 0.005 0.934 0.009 0.004 0.009 0.004 
676   ZFWB10    (0)   24 :  0.020 0.008 0.026 0.007 0.008 0.015 0.005 0.809 0.042 0.009 0.035 0.014 
677   ZFWB11    (0)   24 :  0.004 0.006 0.008 0.005 0.004 0.004 0.004 0.947 0.005 0.003 0.005 0.004 
678   ZFWB12    (0)   24 :  0.019 0.003 0.003 0.005 0.005 0.006 0.005 0.896 0.004 0.033 0.006 0.016 
679   ZFWB13    (9)   24 :  0.007 0.010 0.005 0.006 0.017 0.005 0.019 0.719 0.043 0.108 0.021 0.042 
680   ZFWB14    (0)   24 :  0.003 0.006 0.004 0.004 0.005 0.004 0.004 0.949 0.005 0.004 0.005 0.007 
681   ZFWB15    (9)   24 :  0.010 0.005 0.005 0.008 0.006 0.007 0.005 0.919 0.008 0.004 0.016 0.006 
682   ZFWB18    (0)   24 :  0.002 0.005 0.003 0.004 0.005 0.003 0.004 0.955 0.004 0.004 0.004 0.006 
683   ZFWB19    (0)   24 :  0.012 0.006 0.004 0.013 0.003 0.005 0.004 0.929 0.004 0.003 0.013 0.003 
684   ZFWB20    (0)   24 :  0.005 0.006 0.004 0.006 0.005 0.005 0.003 0.945 0.003 0.005 0.007 0.006 
685   ZFWB21    (0)   24 :  0.004 0.010 0.004 0.008 0.006 0.005 0.007 0.936 0.005 0.004 0.008 0.005 
686   ZFWB22    (0)   24 :  0.032 0.009 0.005 0.010 0.008 0.009 0.004 0.808 0.003 0.052 0.021 0.039 
687   ZFWB23    (0)   24 :  0.004 0.026 0.006 0.006 0.031 0.007 0.013 0.706 0.079 0.049 0.034 0.038 
688   ZFWB24    (0)   24 :  0.007 0.012 0.003 0.004 0.003 0.003 0.003 0.944 0.006 0.004 0.006 0.005 
689   ZFWB25    (0)   24 :  0.009 0.015 0.006 0.006 0.005 0.009 0.004 0.923 0.004 0.005 0.008 0.005 
690   ZFWB26    (0)   24 :  0.007 0.005 0.003 0.011 0.005 0.014 0.003 0.927 0.003 0.008 0.006 0.009 
691   ZFWB27    (0)   24 :  0.005 0.008 0.004 0.024 0.005 0.014 0.004 0.909 0.003 0.009 0.007 0.007 
692   ZFWB29    (0)   24 :  0.069 0.010 0.006 0.007 0.004 0.007 0.006 0.859 0.004 0.003 0.021 0.004 
693   ZFWB30    (0)   24 :  0.007 0.024 0.008 0.012 0.003 0.004 0.010 0.906 0.006 0.003 0.014 0.004 
694   ZFWB31    (0)   24 :  0.003 0.005 0.003 0.005 0.005 0.004 0.004 0.953 0.004 0.004 0.004 0.006 
695   ZFWB32    (9)   24 :  0.014 0.005 0.012 0.017 0.005 0.027 0.010 0.877 0.004 0.004 0.021 0.004 
696   ZFWB35    (0)   24 :  0.002 0.004 0.003 0.006 0.004 0.004 0.004 0.957 0.004 0.005 0.004 0.005 
697   ZFWB36    (0)   24 :  0.005 0.008 0.003 0.009 0.004 0.011 0.004 0.935 0.004 0.008 0.004 0.006 
698   ZFWB37    (0)   24 :  0.005 0.004 0.003 0.007 0.005 0.008 0.004 0.940 0.003 0.009 0.004 0.009 
699   ZFWB38    (0)   24 :  0.005 0.004 0.003 0.006 0.005 0.011 0.003 0.945 0.004 0.004 0.005 0.006 
700   ZFWB39    (9)   24 :  0.003 0.009 0.004 0.005 0.005 0.004 0.006 0.945 0.005 0.006 0.003 0.006 
701   ZFWB40    (0)   24 :  0.005 0.009 0.007 0.007 0.004 0.004 0.008 0.932 0.006 0.003 0.010 0.005 
702   ZFWB41    (9)   24 :  0.006 0.005 0.006 0.007 0.007 0.006 0.006 0.930 0.007 0.006 0.008 0.006 
703   ZFWB42    (0)   24 :  0.003 0.004 0.003 0.004 0.004 0.003 0.004 0.959 0.005 0.004 0.004 0.005 
704   ZFWB43    (0)   24 :  0.003 0.003 0.003 0.007 0.003 0.005 0.003 0.958 0.003 0.004 0.004 0.004 
705   ZFWB44    (0)   24 :  0.013 0.005 0.005 0.250 0.005 0.398 0.005 0.297 0.003 0.007 0.007 0.006 
706   ZFWB46    (0)   24 :  0.007 0.022 0.004 0.011 0.003 0.006 0.005 0.925 0.004 0.003 0.006 0.004 
707   ZFWB47    (9)   24 :  0.016 0.004 0.008 0.015 0.005 0.050 0.007 0.865 0.005 0.005 0.016 0.006 
708   ZFWB48    (0)   24 :  0.006 0.061 0.005 0.032 0.004 0.004 0.006 0.765 0.102 0.004 0.008 0.004 
709   ZFWB49    (0)   24 :  0.004 0.012 0.004 0.021 0.024 0.005 0.006 0.696 0.075 0.004 0.009 0.137 
710    ZCF01    (0)   25 :  0.021 0.017 0.039 0.849 0.003 0.006 0.004 0.015 0.003 0.028 0.006 0.007 
711    ZCF02    (0)   25 :  0.251 0.005 0.022 0.603 0.003 0.012 0.004 0.067 0.004 0.004 0.021 0.004 
712    ZCF03    (0)   25 :  0.008 0.007 0.121 0.781 0.008 0.008 0.006 0.030 0.003 0.007 0.010 0.012 
713    ZCF04    (0)   25 :  0.006 0.005 0.018 0.935 0.007 0.003 0.005 0.003 0.005 0.004 0.005 0.006 
714    ZCF05    (0)   25 :  0.019 0.005 0.010 0.856 0.002 0.013 0.006 0.007 0.002 0.003 0.073 0.003 
715    ZCF06    (0)   25 :  0.004 0.028 0.014 0.843 0.006 0.003 0.050 0.006 0.007 0.009 0.017 0.012 
716    ZCF07    (0)   25 :  0.012 0.004 0.004 0.917 0.003 0.008 0.003 0.019 0.003 0.014 0.007 0.005 
717    ZCF08    (0)   25 :  0.018 0.006 0.007 0.899 0.004 0.004 0.005 0.030 0.007 0.009 0.006 0.005 
718    ZCF09    (0)   25 :  0.006 0.034 0.138 0.465 0.037 0.002 0.023 0.006 0.127 0.089 0.011 0.059 
719    ZCF10    (0)   25 :  0.008 0.013 0.009 0.857 0.009 0.015 0.007 0.023 0.012 0.018 0.006 0.024 
720    ZCF11    (0)   25 :  0.007 0.004 0.007 0.896 0.010 0.015 0.004 0.024 0.005 0.008 0.010 0.009 
721    ZCF12    (0)   25 :  0.007 0.017 0.028 0.915 0.003 0.004 0.003 0.004 0.006 0.002 0.007 0.003 
722    ZCF13    (0)   25 :  0.008 0.003 0.010 0.909 0.004 0.016 0.005 0.013 0.018 0.005 0.006 0.003 
723    ZCF14    (0)   25 :  0.014 0.161 0.019 0.359 0.021 0.010 0.007 0.007 0.010 0.007 0.376 0.009 
724    ZCF15    (0)   25 :  0.005 0.009 0.009 0.876 0.004 0.006 0.012 0.032 0.005 0.003 0.034 0.006 
725    ZCF16    (0)   25 :  0.005 0.016 0.010 0.921 0.003 0.007 0.006 0.009 0.003 0.009 0.008 0.005 
726    ZCF17    (0)   25 :  0.005 0.008 0.004 0.928 0.003 0.006 0.004 0.024 0.003 0.005 0.005 0.004 
727    ZCF18    (0)   25 :  0.011 0.006 0.025 0.863 0.004 0.019 0.009 0.009 0.012 0.003 0.035 0.004 
728    ZCF19    (0)   25 :  0.016 0.067 0.071 0.302 0.004 0.011 0.014 0.010 0.003 0.002 0.495 0.004 
729    ZCF20    (0)   25 :  0.012 0.007 0.006 0.887 0.015 0.012 0.004 0.017 0.005 0.011 0.012 0.012 
730    ZCF21    (0)   25 :  0.006 0.009 0.023 0.907 0.003 0.011 0.007 0.009 0.004 0.004 0.010 0.007 
731    ZCF22    (0)   25 :  0.018 0.010 0.011 0.852 0.007 0.019 0.006 0.012 0.004 0.015 0.034 0.013 
732    ZCF23    (0)   25 :  0.007 0.004 0.008 0.926 0.003 0.013 0.003 0.015 0.006 0.006 0.005 0.004 
733    ZCF24    (0)   25 :  0.003 0.016 0.010 0.860 0.005 0.002 0.012 0.011 0.026 0.026 0.004 0.025 
734    ZCF25    (0)   25 :  0.004 0.014 0.004 0.927 0.009 0.003 0.006 0.005 0.007 0.008 0.007 0.006 
735    ZCF26    (0)   25 :  0.004 0.006 0.005 0.935 0.003 0.004 0.014 0.004 0.003 0.008 0.006 0.008 
736    ZCF27    (0)   25 :  0.005 0.007 0.006 0.934 0.003 0.008 0.004 0.013 0.003 0.006 0.007 0.004 
737    ZCF28    (0)   25 :  0.013 0.010 0.018 0.883 0.004 0.016 0.008 0.022 0.004 0.006 0.012 0.003 
738    ZCF29    (0)   25 :  0.005 0.053 0.677 0.082 0.016 0.006 0.010 0.034 0.047 0.016 0.017 0.037 
739    ZCF30    (0)   25 :  0.004 0.004 0.004 0.934 0.004 0.008 0.008 0.007 0.005 0.007 0.011 0.004 
740    ZCF31    (0)   25 :  0.030 0.006 0.010 0.837 0.004 0.005 0.005 0.080 0.004 0.002 0.013 0.003 
741    ZCF32    (0)   25 :  0.006 0.011 0.223 0.683 0.006 0.013 0.006 0.007 0.003 0.004 0.035 0.004 
742    ZCF33    (0)   25 :  0.035 0.006 0.054 0.860 0.003 0.014 0.004 0.003 0.004 0.003 0.010 0.003 
743    ZCF34    (0)   25 :  0.005 0.034 0.028 0.769 0.047 0.006 0.004 0.017 0.022 0.008 0.013 0.046 
744    ZCF35    (0)   25 :  0.007 0.012 0.039 0.880 0.014 0.004 0.008 0.006 0.009 0.003 0.005 0.013 
745    ZCF36    (0)   25 :  0.057 0.007 0.009 0.835 0.006 0.055 0.005 0.005 0.002 0.007 0.009 0.005 
746    ZCF37    (0)   25 :  0.007 0.018 0.044 0.868 0.005 0.010 0.004 0.022 0.003 0.004 0.005 0.009 
747    ZCF38    (0)   25 :  0.004 0.007 0.007 0.890 0.008 0.006 0.014 0.032 0.014 0.004 0.007 0.007 
748    ZCF39    (0)   25 :  0.003 0.006 0.008 0.431 0.033 0.009 0.003 0.019 0.017 0.007 0.011 0.453 
749    ZCF40    (0)   25 :  0.003 0.017 0.004 0.901 0.008 0.008 0.010 0.016 0.004 0.011 0.011 0.008 
750    ZCF41    (0)   25 :  0.011 0.059 0.060 0.729 0.003 0.019 0.009 0.008 0.003 0.007 0.087 0.004 
751    ZCF42    (0)   25 :  0.005 0.010 0.034 0.814 0.006 0.004 0.035 0.047 0.007 0.011 0.012 0.017 


Estimated Allele Frequencies in each cluster
First column gives estimated ancestral frequencies


Locus 1 : 
11 alleles
0.0% missing data
 206   (0.227) 0.208 0.005 0.003 0.062 0.301 0.143 0.681 0.193 0.308 0.002 0.466 0.196 
 204   (0.434) 0.533 0.989 0.939 0.633 0.572 0.472 0.215 0.799 0.437 0.996 0.174 0.742 
 222   (0.072) 0.132 0.001 0.055 0.110 0.001 0.001 0.001 0.002 0.001 0.000 0.127 0.001 
 218   (0.055) 0.001 0.001 0.001 0.003 0.110 0.378 0.064 0.001 0.001 0.000 0.004 0.060 
 216   (0.019) 0.000 0.000 0.000 0.001 0.013 0.000 0.000 0.000 0.000 0.000 0.001 0.000 
 208   (0.028) 0.000 0.001 0.001 0.005 0.002 0.000 0.000 0.001 0.164 0.000 0.003 0.000 
 224   (0.051) 0.123 0.001 0.001 0.007 0.000 0.001 0.037 0.002 0.001 0.000 0.091 0.000 
 220   (0.062) 0.001 0.001 0.001 0.156 0.000 0.004 0.001 0.001 0.087 0.000 0.120 0.001 
 230   (0.019) 0.000 0.000 0.000 0.001 0.000 0.000 0.000 0.000 0.000 0.000 0.011 0.000 
 210   (0.015) 0.000 0.000 0.000 0.015 0.000 0.000 0.000 0.000 0.000 0.000 0.001 0.000 
 202   (0.017) 0.000 0.000 0.000 0.007 0.000 0.000 0.000 0.000 0.000 0.000 0.002 0.000 

Locus 2 : 
5 alleles
0.7% missing data
 179   (0.596) 0.991 0.783 0.643 0.770 0.553 0.995 0.481 0.272 0.044 0.986 0.660 0.395 
 173   (0.313) 0.008 0.216 0.156 0.204 0.369 0.004 0.518 0.725 0.954 0.013 0.311 0.541 
 182   (0.040) 0.000 0.001 0.000 0.002 0.078 0.000 0.000 0.001 0.001 0.000 0.010 0.063 
 170   (0.031) 0.000 0.000 0.201 0.001 0.000 0.000 0.000 0.001 0.000 0.000 0.017 0.000 
 176   (0.021) 0.000 0.000 0.000 0.022 0.000 0.000 0.000 0.000 0.000 0.000 0.002 0.000 

Locus 3 : 
7 alleles
0.0% missing data
 198   (0.502) 0.686 0.752 0.150 0.317 0.740 0.833 0.513 0.866 0.230 0.123 0.556 0.568 
 207   (0.220) 0.310 0.008 0.846 0.543 0.015 0.122 0.003 0.114 0.045 0.004 0.277 0.005 
 216   (0.083) 0.001 0.236 0.001 0.004 0.021 0.001 0.481 0.001 0.289 0.493 0.006 0.116 
 195   (0.104) 0.002 0.002 0.002 0.005 0.208 0.027 0.001 0.017 0.434 0.380 0.057 0.310 
 213   (0.030) 0.001 0.000 0.000 0.001 0.017 0.017 0.000 0.001 0.001 0.000 0.003 0.001 
 210   (0.037) 0.000 0.000 0.000 0.052 0.000 0.000 0.000 0.001 0.001 0.000 0.098 0.000 
 219   (0.024) 0.000 0.001 0.000 0.077 0.000 0.000 0.000 0.000 0.000 0.000 0.003 0.000 

Locus 4 : 
7 alleles
0.0% missing data
 166   (0.351) 0.422 0.012 0.277 0.118 0.456 0.660 0.667 0.668 0.980 0.514 0.311 0.315 
 182   (0.166) 0.505 0.420 0.078 0.210 0.001 0.055 0.111 0.081 0.002 0.001 0.209 0.001 
 178   (0.262) 0.009 0.005 0.051 0.414 0.413 0.283 0.104 0.246 0.005 0.483 0.344 0.672 
 184   (0.119) 0.061 0.559 0.593 0.215 0.031 0.001 0.115 0.002 0.002 0.001 0.019 0.010 
 180   (0.030) 0.000 0.000 0.000 0.003 0.098 0.000 0.000 0.001 0.000 0.001 0.014 0.000 
 186   (0.041) 0.002 0.002 0.000 0.029 0.000 0.000 0.002 0.001 0.001 0.000 0.097 0.001 
 168   (0.030) 0.000 0.002 0.001 0.011 0.000 0.000 0.001 0.001 0.009 0.000 0.006 0.000 

Locus 5 : 
9 alleles
0.0% missing data
 215   (0.500) 0.556 0.937 0.244 0.854 0.170 0.850 0.830 0.692 0.011 0.938 0.412 0.378 
 207   (0.190) 0.224 0.054 0.339 0.037 0.714 0.008 0.154 0.004 0.188 0.060 0.062 0.619 
 225   (0.071) 0.144 0.001 0.001 0.003 0.001 0.047 0.001 0.258 0.001 0.000 0.364 0.001 
 217   (0.095) 0.074 0.003 0.414 0.040 0.001 0.091 0.013 0.002 0.001 0.001 0.123 0.001 
 211   (0.018) 0.000 0.000 0.000 0.001 0.004 0.000 0.000 0.000 0.000 0.000 0.002 0.000 
 205   (0.031) 0.000 0.001 0.000 0.001 0.111 0.000 0.000 0.001 0.312 0.000 0.002 0.000 
 189   (0.040) 0.000 0.001 0.001 0.053 0.000 0.000 0.001 0.002 0.486 0.000 0.005 0.000 
 227   (0.036) 0.001 0.004 0.000 0.002 0.000 0.003 0.001 0.040 0.001 0.000 0.029 0.000 
 223   (0.019) 0.000 0.000 0.000 0.008 0.000 0.000 0.000 0.000 0.000 0.000 0.002 0.000 

Locus 6 : 
2 alleles
1.1% missing data
 205   (0.072) 0.536 0.001 0.001 0.017 0.001 0.001 0.003 0.164 0.001 0.000 0.114 0.001 
 203   (0.928) 0.464 0.999 0.999 0.983 0.999 0.999 0.997 0.836 0.999 1.000 0.886 0.999 

Locus 7 : 
9 alleles
0.3% missing data
 187   (0.223) 0.670 0.428 0.633 0.175 0.002 0.635 0.301 0.201 0.003 0.001 0.325 0.002 
 199   (0.129) 0.006 0.003 0.012 0.314 0.001 0.268 0.002 0.166 0.121 0.001 0.145 0.001 
 189   (0.127) 0.318 0.003 0.002 0.007 0.174 0.092 0.050 0.003 0.003 0.004 0.243 0.168 
 195   (0.267) 0.003 0.558 0.003 0.214 0.279 0.003 0.644 0.624 0.638 0.992 0.209 0.659 
 191   (0.072) 0.001 0.001 0.001 0.008 0.293 0.001 0.001 0.003 0.110 0.001 0.044 0.121 
 183   (0.035) 0.000 0.001 0.001 0.021 0.059 0.000 0.000 0.001 0.001 0.000 0.003 0.000 
 193   (0.082) 0.001 0.001 0.001 0.095 0.191 0.001 0.001 0.002 0.097 0.001 0.024 0.048 
 201   (0.043) 0.000 0.001 0.347 0.163 0.000 0.001 0.001 0.001 0.001 0.000 0.005 0.000 
 197   (0.023) 0.000 0.003 0.000 0.003 0.000 0.000 0.000 0.000 0.026 0.000 0.003 0.000 

Locus 8 : 
8 alleles
0.4% missing data
 213   (0.185) 0.638 0.003 0.034 0.107 0.238 0.412 0.002 0.127 0.084 0.391 0.079 0.447 
 207   (0.178) 0.340 0.520 0.293 0.174 0.003 0.089 0.161 0.075 0.003 0.001 0.263 0.008 
 215   (0.097) 0.009 0.002 0.038 0.088 0.002 0.001 0.001 0.126 0.268 0.164 0.008 0.101 
 209   (0.216) 0.009 0.005 0.556 0.459 0.118 0.003 0.097 0.664 0.041 0.011 0.224 0.170 
 211   (0.187) 0.002 0.467 0.078 0.139 0.394 0.003 0.638 0.005 0.457 0.432 0.145 0.271 
 205   (0.088) 0.001 0.002 0.001 0.008 0.245 0.492 0.099 0.002 0.146 0.001 0.169 0.003 
 217   (0.033) 0.000 0.001 0.000 0.016 0.000 0.000 0.000 0.001 0.000 0.000 0.110 0.000 
 199   (0.018) 0.000 0.000 0.000 0.008 0.000 0.000 0.000 0.000 0.000 0.000 0.001 0.000 

Locus 9 : 
7 alleles
0.3% missing data
 184   (0.211) 0.569 0.004 0.216 0.424 0.002 0.895 0.003 0.712 0.004 0.001 0.449 0.003 
 186   (0.254) 0.356 0.008 0.108 0.054 0.842 0.013 0.080 0.007 0.639 0.266 0.269 0.382 
 188   (0.336) 0.073 0.984 0.674 0.291 0.143 0.090 0.340 0.276 0.222 0.006 0.261 0.024 
 176   (0.080) 0.001 0.002 0.001 0.070 0.012 0.001 0.001 0.003 0.134 0.015 0.011 0.229 
 190   (0.076) 0.001 0.002 0.001 0.041 0.002 0.001 0.576 0.002 0.001 0.711 0.007 0.338 
 182   (0.025) 0.000 0.000 0.000 0.120 0.000 0.000 0.000 0.000 0.000 0.000 0.002 0.000 
 192   (0.019) 0.000 0.000 0.000 0.001 0.000 0.000 0.000 0.000 0.000 0.000 0.001 0.023 

Locus 10 : 
3 alleles
0.0% missing data
 220   (0.211) 0.470 0.004 0.760 0.320 0.002 0.375 0.093 0.037 0.003 0.001 0.415 0.002 
 217   (0.769) 0.530 0.996 0.240 0.679 0.998 0.625 0.824 0.963 0.997 0.999 0.584 0.998 
 223   (0.020) 0.000 0.000 0.000 0.001 0.000 0.000 0.083 0.000 0.000 0.000 0.001 0.000 

Locus 11 : 
6 alleles
0.0% missing data
 205   (0.289) 0.711 0.113 0.646 0.457 0.002 0.979 0.888 0.007 0.041 0.002 0.412 0.003 
 202   (0.162) 0.246 0.009 0.047 0.053 0.049 0.003 0.002 0.024 0.007 0.897 0.084 0.240 
 211   (0.432) 0.041 0.876 0.239 0.129 0.948 0.017 0.109 0.494 0.951 0.101 0.466 0.756 
 208   (0.064) 0.001 0.001 0.001 0.311 0.001 0.001 0.001 0.475 0.001 0.000 0.034 0.001 
 217   (0.030) 0.000 0.000 0.067 0.013 0.000 0.000 0.000 0.001 0.000 0.000 0.002 0.000 
 214   (0.023) 0.000 0.000 0.000 0.038 0.000 0.000 0.000 0.000 0.000 0.000 0.002 0.000 

Values of parameters used in structure:
DATAFILE=C:\Users\eschumacher\Documents\GitHub\GCC_QUAC_ZAIN\Data_Files\Structure_Files\ZAIN\ZAIN_rebinned_wild\project_data,	OUTFILE=C:\Users\eschumacher\Documents\GitHub\GCC_QUAC_ZAIN\Data_Files\Structure_Files\ZAIN\ZAIN_rebinned_wild\50-50\Results\50-50_run_58,	NUMINDS=751,	NUMLOCI=11,	MISSING=-9,	LABEL=1,	POPDATA=1,	POPFLAG=0,	PHENOTYPE=0,	EXTRACOLS=0,	MAXPOPS=12,	BURNIN=50000,	NUMREPS=50000,	USEPOPINFO=0,	INFERALPHA=1,	INFERLAMBDA=0,	POPSPECIFICLAMBDA=0,	POPALPHAS=0,	COMPUTEPROB=1,	NOADMIX=0,	ADMBURNIN=2500,	UPDATEFREQ=1,	PRINTLIKES=0,	INTERMEDSAVE=0,	PRINTKLD=0,	PRINTNET=0,	PRINTLAMBDA=0,	ANCESTDIST=0,	NUMBOXES=1000,	ANCESTPINT=0.90000,	GENSBACK=2,	MIGRPRIOR=0.05000,	PRINTQHAT=0,	PRINTQSUM=0,	ALPHA=1.0000,	FREQSCORR=1,	FPRIORMEAN=0.0100,	FPRIORSD=0.0500,	ONEFST=0,	LAMBDA=1.0000,	UNIFPRIORALPHA=1,	ALPHAMAX=10.0000,	ALPHAPRIORA=1.0000,	ALPHAPRIORB=2.0000,	ALPHAPROPSD=0.0250,	STARTATPOPINFO=0,	RANDOMIZE=1,	LINKAGE=0,	METROFREQ=10,	REPORTHITRATE=0,	MARKOVPHASE=-1,	PHASED=0,	PLOIDY=2,	PHASEINFO=0	LOCPRIOR=0, 	LOCPRIORINIT=1.000000, 	LOCDATA=0, 	LOCISPOP=0, 	LOCPRIORSTEP=0.100000, 	MAXLOCPRIOR=20.000000, 	SEED=1660249238,	
[STRAT parameters]:    NUMSIMSTATS=1000,	PHENOTYPECOL=-9,	POOLFREQ=10,	LOCUSxONLY=0,	EMERROR=0.00100,	MISSINGPHENO=-9,	