

----------------------------------------------------
STRUCTURE by Pritchard, Stephens and Donnelly (2000)
     and Falush, Stephens and Pritchard (2003)
       Code by Pritchard, Falush and Hubisz
             Version 2.3.4 (Jul 2012)
----------------------------------------------------



Command line arguments:   bin\structure -m C:\Users\eschumacher\Documents\GitHub\GCC_QUAC_ZAIN\Data_Files\Structure_Files\ZAIN\ZAIN_rebinned_wild\50-50\mainparams -e C:\Users\eschumacher\Documents\GitHub\GCC_QUAC_ZAIN\Data_Files\Structure_Files\ZAIN\ZAIN_rebinned_wild\50-50\extraparams 
Input File:    C:\Users\eschumacher\Documents\GitHub\GCC_QUAC_ZAIN\Data_Files\Structure_Files\ZAIN\ZAIN_rebinned_wild\project_data

Run parameters:
   751 individuals
   11 loci
   12 populations assumed
   50000 Burn-in period
   50000 Reps


--------------------------------------------
Proportion of membership of each pre-defined
 population in each of the 12 clusters

Given    Inferred Clusters                                                                      Number of
 Pop       1      2      3      4      5      6      7      8      9     10     11     12      Individuals

  1:     0.891  0.020  0.010  0.005  0.008  0.020  0.006  0.014  0.005  0.004  0.006  0.011       35
  2:     0.006  0.005  0.008  0.021  0.019  0.009  0.666  0.006  0.017  0.013  0.225  0.005       36
  3:     0.004  0.005  0.014  0.027  0.009  0.006  0.770  0.006  0.008  0.020  0.125  0.005       33
  4:     0.006  0.017  0.007  0.009  0.035  0.008  0.013  0.006  0.873  0.009  0.008  0.010       40
  5:     0.004  0.003  0.006  0.009  0.006  0.004  0.007  0.005  0.006  0.911  0.036  0.004       39
  6:     0.042  0.028  0.055  0.013  0.013  0.645  0.033  0.103  0.019  0.014  0.019  0.017       40
  7:     0.021  0.058  0.047  0.022  0.051  0.075  0.010  0.618  0.021  0.011  0.010  0.054       37
  8:     0.006  0.003  0.006  0.018  0.006  0.005  0.754  0.003  0.006  0.012  0.176  0.005       40
  9:     0.819  0.007  0.006  0.003  0.040  0.011  0.005  0.007  0.005  0.012  0.006  0.079       28
 10:     0.005  0.006  0.005  0.006  0.926  0.004  0.007  0.004  0.021  0.005  0.007  0.005       14
 11:     0.009  0.830  0.007  0.004  0.018  0.006  0.007  0.047  0.006  0.039  0.012  0.015       13
 12:     0.004  0.002  0.006  0.008  0.006  0.004  0.015  0.004  0.021  0.027  0.895  0.007       14
 13:     0.004  0.008  0.006  0.038  0.013  0.005  0.838  0.008  0.009  0.011  0.052  0.006       25
 14:     0.005  0.005  0.006  0.925  0.005  0.006  0.015  0.005  0.008  0.006  0.009  0.005       40
 15:     0.023  0.008  0.018  0.008  0.026  0.021  0.021  0.010  0.788  0.018  0.052  0.008       32
 16:     0.003  0.955  0.003  0.004  0.005  0.003  0.004  0.006  0.004  0.004  0.004  0.003       20
 17:     0.485  0.006  0.157  0.005  0.013  0.245  0.010  0.038  0.008  0.005  0.009  0.019        4
 18:     0.145  0.013  0.009  0.008  0.010  0.496  0.023  0.007  0.009  0.005  0.009  0.264       23
 19:     0.014  0.006  0.007  0.004  0.006  0.009  0.005  0.008  0.006  0.004  0.005  0.926       39
 20:     0.052  0.822  0.011  0.004  0.020  0.015  0.006  0.011  0.005  0.004  0.005  0.044       38
 21:     0.004  0.004  0.011  0.051  0.007  0.005  0.038  0.006  0.009  0.116  0.744  0.004       45
 22:     0.005  0.011  0.007  0.025  0.024  0.006  0.296  0.013  0.012  0.115  0.481  0.005       28
 23:     0.350  0.008  0.007  0.006  0.005  0.048  0.006  0.025  0.008  0.008  0.006  0.524        6
 24:     0.014  0.006  0.868  0.014  0.009  0.016  0.007  0.018  0.006  0.011  0.013  0.019       40
 25:     0.017  0.044  0.018  0.011  0.018  0.033  0.008  0.802  0.009  0.010  0.021  0.010       42
--------------------------------------------

Allele-freq. divergence among pops (Net nucleotide distance),
computed using point estimates of P.

      1       2       3       4       5       6       7       8       9      10      11      12      
 1      -    0.1811  0.2235  0.3701  0.2570  0.0952  0.2499  0.1318  0.2156  0.2948  0.2520  0.0982  
 2   0.1811     -    0.2600  0.3576  0.2312  0.1500  0.2918  0.1090  0.2613  0.3682  0.2882  0.2241  
 3   0.2235  0.2600     -    0.1876  0.1870  0.1187  0.1769  0.1163  0.1849  0.2494  0.1327  0.2049  
 4   0.3701  0.3576  0.1876     -    0.2825  0.1975  0.1129  0.2780  0.2032  0.2928  0.1247  0.3885  
 5   0.2570  0.2312  0.1870  0.2825     -    0.1817  0.2063  0.1583  0.1959  0.2462  0.1922  0.2803  
 6   0.0952  0.1500  0.1187  0.1975  0.1817     -    0.1293  0.0700  0.1226  0.2535  0.1383  0.1146  
 7   0.2499  0.2918  0.1769  0.1129  0.2063  0.1293     -    0.2017  0.2074  0.2442  0.0494  0.2783  
 8   0.1318  0.1090  0.1163  0.2780  0.1583  0.0700  0.2017     -    0.1536  0.2006  0.1642  0.1227  
 9   0.2156  0.2613  0.1849  0.2032  0.1959  0.1226  0.2074  0.1536     -    0.1987  0.1711  0.1866  
10   0.2948  0.3682  0.2494  0.2928  0.2462  0.2535  0.2442  0.2006  0.1987     -    0.1395  0.3071  
11   0.2520  0.2882  0.1327  0.1247  0.1922  0.1383  0.0494  0.1642  0.1711  0.1395     -    0.2784  
12   0.0982  0.2241  0.2049  0.3885  0.2803  0.1146  0.2783  0.1227  0.1866  0.3071  0.2784     -    

Average distances (expected heterozygosity) between individuals in same cluster:
cluster  1  : 0.4695 
cluster  2  : 0.4148 
cluster  3  : 0.3870 
cluster  4  : 0.3621 
cluster  5  : 0.2408 
cluster  6  : 0.6092 
cluster  7  : 0.4040 
cluster  8  : 0.5344 
cluster  9  : 0.3990 
cluster 10  : 0.2283 
cluster 11  : 0.4290 
cluster 12  : 0.3117 

--------------------------------------------
Estimated Ln Prob of Data   = -13383.2
Mean value of ln likelihood = -12969.0
Variance of ln likelihood   = 828.6
Mean value of alpha         = 0.0318

Mean value of Fst_1         = 0.4449
Mean value of Fst_2         = 0.4218
Mean value of Fst_3         = 0.4227
Mean value of Fst_4         = 0.4556
Mean value of Fst_5         = 0.6437
Mean value of Fst_6         = 0.1302
Mean value of Fst_7         = 0.3893
Mean value of Fst_8         = 0.1405
Mean value of Fst_9         = 0.4068
Mean value of Fst_10         = 0.6713
Mean value of Fst_11         = 0.4357
Mean value of Fst_12         = 0.5038


Inferred ancestry of individuals:
        Label (%Miss) Pop:  Inferred clusters
  1    ZFB01    (0)    1 :  0.956 0.005 0.003 0.003 0.002 0.004 0.004 0.003 0.004 0.003 0.003 0.010 
  2    ZFB02    (0)    1 :  0.886 0.036 0.005 0.003 0.007 0.024 0.003 0.007 0.010 0.002 0.003 0.013 
  3    ZFB03    (0)    1 :  0.872 0.004 0.010 0.003 0.005 0.017 0.010 0.017 0.007 0.020 0.014 0.021 
  4    ZFB04    (0)    1 :  0.930 0.024 0.004 0.002 0.008 0.008 0.004 0.005 0.005 0.002 0.003 0.007 
  5    ZFB05    (0)    1 :  0.734 0.112 0.029 0.010 0.038 0.009 0.003 0.034 0.008 0.008 0.004 0.010 
  6    ZFB06    (0)    1 :  0.804 0.065 0.021 0.011 0.022 0.008 0.003 0.038 0.007 0.009 0.005 0.009 
  7    ZFB07    (9)    1 :  0.809 0.007 0.013 0.006 0.006 0.013 0.005 0.048 0.004 0.005 0.005 0.079 
  8    ZFB08    (0)    1 :  0.884 0.005 0.024 0.008 0.010 0.011 0.009 0.006 0.006 0.005 0.008 0.025 
  9    ZFB09    (0)    1 :  0.958 0.004 0.004 0.002 0.003 0.006 0.003 0.004 0.004 0.003 0.003 0.008 
 10    ZFB10    (0)    1 :  0.924 0.006 0.005 0.007 0.006 0.013 0.017 0.004 0.005 0.002 0.008 0.004 
 11    ZFB11    (0)    1 :  0.956 0.008 0.003 0.002 0.004 0.006 0.005 0.003 0.004 0.002 0.003 0.004 
 12    ZFB12    (0)    1 :  0.896 0.023 0.025 0.003 0.003 0.013 0.006 0.012 0.004 0.004 0.006 0.005 
 13    ZFB13    (0)    1 :  0.884 0.007 0.012 0.008 0.014 0.035 0.011 0.006 0.004 0.004 0.009 0.007 
 14    ZFB14    (0)    1 :  0.952 0.003 0.004 0.003 0.005 0.009 0.004 0.003 0.004 0.003 0.003 0.006 
 15    ZFB15    (0)    1 :  0.962 0.007 0.003 0.002 0.003 0.004 0.002 0.003 0.003 0.002 0.002 0.007 
 16    ZFB16    (0)    1 :  0.926 0.009 0.008 0.005 0.012 0.011 0.007 0.005 0.003 0.003 0.006 0.005 
 17    ZFB17    (0)    1 :  0.853 0.018 0.025 0.009 0.029 0.018 0.007 0.009 0.013 0.002 0.009 0.007 
 18    ZFB18    (0)    1 :  0.962 0.003 0.003 0.002 0.003 0.007 0.003 0.003 0.004 0.002 0.002 0.005 
 19    ZFB19    (0)    1 :  0.464 0.008 0.034 0.008 0.006 0.343 0.033 0.035 0.004 0.007 0.025 0.033 
 20    ZFB20    (0)    1 :  0.900 0.026 0.008 0.004 0.021 0.013 0.006 0.006 0.003 0.003 0.005 0.005 
 21    ZFB21    (0)    1 :  0.958 0.006 0.003 0.002 0.004 0.004 0.002 0.005 0.003 0.003 0.002 0.007 
 22    ZFB22    (0)    1 :  0.888 0.040 0.010 0.009 0.005 0.010 0.007 0.007 0.007 0.002 0.009 0.006 
 23    ZFB23    (0)    1 :  0.955 0.010 0.003 0.002 0.005 0.005 0.004 0.003 0.003 0.003 0.003 0.003 
 24    ZFB24    (0)    1 :  0.949 0.015 0.003 0.002 0.005 0.004 0.004 0.004 0.003 0.003 0.003 0.005 
 25    ZFB25    (0)    1 :  0.957 0.004 0.003 0.003 0.003 0.004 0.009 0.003 0.004 0.003 0.005 0.004 
 26    ZFB26    (0)    1 :  0.935 0.020 0.003 0.003 0.009 0.003 0.008 0.004 0.004 0.003 0.005 0.004 
 27    ZFB27    (0)    1 :  0.947 0.020 0.002 0.002 0.003 0.004 0.004 0.004 0.004 0.002 0.003 0.004 
 28    ZFB28    (0)    1 :  0.820 0.074 0.013 0.003 0.011 0.019 0.006 0.031 0.009 0.004 0.006 0.004 
 29    ZFB29    (0)    1 :  0.953 0.008 0.003 0.002 0.007 0.006 0.003 0.004 0.005 0.002 0.002 0.005 
 30    ZFB30    (0)    1 :  0.717 0.059 0.019 0.016 0.005 0.008 0.004 0.134 0.003 0.007 0.005 0.024 
 31    ZFB31    (0)    1 :  0.943 0.005 0.003 0.004 0.003 0.011 0.009 0.004 0.004 0.003 0.005 0.005 
 32    ZFB32    (0)    1 :  0.792 0.045 0.036 0.004 0.018 0.021 0.011 0.028 0.022 0.006 0.009 0.007 
 33    ZFB33    (0)    1 :  0.963 0.007 0.003 0.002 0.003 0.004 0.003 0.003 0.002 0.002 0.002 0.006 
 34    ZFB34    (0)    1 :  0.944 0.004 0.004 0.003 0.003 0.007 0.003 0.004 0.006 0.003 0.003 0.016 
 35    ZFB35    (0)    1 :  0.942 0.007 0.004 0.003 0.005 0.004 0.004 0.004 0.005 0.004 0.004 0.014 
 36  ZFBP101    (0)    2 :  0.010 0.007 0.011 0.040 0.073 0.014 0.190 0.007 0.043 0.014 0.586 0.005 
 37  ZFBP102    (0)    2 :  0.015 0.009 0.008 0.014 0.035 0.015 0.348 0.011 0.009 0.004 0.525 0.006 
 38  ZFBP103    (0)    2 :  0.008 0.006 0.007 0.011 0.043 0.012 0.059 0.007 0.073 0.018 0.753 0.004 
 39  ZFBP104    (0)    2 :  0.017 0.006 0.030 0.007 0.005 0.017 0.256 0.012 0.003 0.007 0.617 0.023 
 40  ZFBP105    (0)    2 :  0.006 0.004 0.008 0.005 0.007 0.007 0.705 0.006 0.005 0.011 0.232 0.005 
 41  ZFBP106    (0)    2 :  0.003 0.003 0.005 0.011 0.012 0.004 0.785 0.004 0.006 0.015 0.149 0.004 
 42  ZFBP107    (0)    2 :  0.009 0.017 0.007 0.005 0.037 0.006 0.466 0.015 0.006 0.016 0.412 0.005 
 43  ZFBP108    (0)    2 :  0.003 0.003 0.003 0.004 0.004 0.003 0.957 0.003 0.003 0.006 0.009 0.003 
 44  ZFBP109    (0)    2 :  0.003 0.002 0.004 0.005 0.005 0.008 0.936 0.005 0.003 0.005 0.020 0.005 
 45  ZFBP110    (0)    2 :  0.042 0.005 0.010 0.005 0.031 0.076 0.229 0.019 0.019 0.066 0.489 0.008 
 46  ZFBP111    (0)    2 :  0.003 0.003 0.011 0.094 0.005 0.003 0.280 0.004 0.004 0.009 0.582 0.003 
 47  ZFBP112    (0)    2 :  0.003 0.005 0.007 0.050 0.017 0.008 0.851 0.004 0.015 0.013 0.023 0.004 
 48  ZFBP113    (0)    2 :  0.003 0.003 0.006 0.004 0.004 0.005 0.948 0.004 0.003 0.003 0.013 0.004 
 49  ZFBP114    (0)    2 :  0.003 0.007 0.003 0.010 0.021 0.004 0.744 0.010 0.005 0.005 0.184 0.004 
 50  ZFBP115    (0)    2 :  0.002 0.003 0.008 0.010 0.007 0.003 0.074 0.004 0.007 0.014 0.864 0.002 
 51  ZFBP116    (0)    2 :  0.003 0.004 0.008 0.005 0.005 0.004 0.919 0.005 0.004 0.005 0.035 0.003 
 52  ZFBP117    (0)    2 :  0.003 0.002 0.004 0.006 0.005 0.005 0.938 0.003 0.008 0.006 0.016 0.003 
 53  ZFBP118    (0)    2 :  0.003 0.007 0.003 0.014 0.016 0.003 0.856 0.010 0.004 0.004 0.077 0.003 
 54  ZFBP119    (0)    2 :  0.003 0.002 0.015 0.016 0.014 0.006 0.503 0.005 0.031 0.019 0.381 0.004 
 55  ZFBP120    (0)    2 :  0.006 0.005 0.008 0.005 0.005 0.005 0.684 0.006 0.003 0.012 0.255 0.005 
 56  ZFBP121    (0)    2 :  0.005 0.003 0.005 0.005 0.007 0.006 0.908 0.005 0.007 0.008 0.037 0.005 
 57  ZFBP122    (9)    2 :  0.003 0.003 0.008 0.012 0.006 0.004 0.844 0.004 0.005 0.006 0.102 0.004 
 58  ZFBP123    (0)    2 :  0.003 0.005 0.009 0.015 0.035 0.005 0.891 0.004 0.008 0.005 0.015 0.004 
 59  ZFBP124    (0)    2 :  0.004 0.003 0.004 0.004 0.006 0.004 0.939 0.003 0.004 0.005 0.016 0.007 
 60  ZFBP125    (0)    2 :  0.002 0.002 0.004 0.013 0.005 0.003 0.924 0.003 0.006 0.009 0.026 0.002 
 61  ZFBP126    (0)    2 :  0.010 0.010 0.016 0.007 0.021 0.031 0.740 0.013 0.017 0.003 0.127 0.005 
 62  ZFBP127    (0)    2 :  0.003 0.003 0.003 0.005 0.006 0.004 0.683 0.005 0.020 0.088 0.178 0.004 
 63  ZFBP128    (0)    2 :  0.004 0.002 0.004 0.034 0.007 0.005 0.875 0.002 0.017 0.016 0.031 0.004 
 64  ZFBP129    (0)    2 :  0.004 0.003 0.005 0.125 0.008 0.007 0.816 0.005 0.008 0.007 0.006 0.006 
 65  ZFBP130    (0)    2 :  0.002 0.003 0.009 0.065 0.008 0.004 0.821 0.003 0.026 0.013 0.043 0.002 
 66  ZFBP131    (0)    2 :  0.003 0.003 0.005 0.005 0.003 0.004 0.957 0.003 0.003 0.003 0.006 0.004 
 67  ZFBP132    (0)    2 :  0.004 0.003 0.003 0.004 0.004 0.004 0.944 0.003 0.004 0.013 0.013 0.003 
 68  ZFBP133    (0)    2 :  0.002 0.002 0.005 0.075 0.003 0.005 0.884 0.002 0.009 0.003 0.007 0.003 
 69  ZFBP134    (0)    2 :  0.003 0.003 0.011 0.012 0.003 0.004 0.048 0.003 0.015 0.005 0.890 0.004 
 70  ZFBP135    (0)    2 :  0.015 0.004 0.006 0.019 0.059 0.033 0.484 0.006 0.172 0.017 0.177 0.006 
 71  ZFBP136    (0)    2 :  0.003 0.007 0.008 0.038 0.161 0.006 0.494 0.004 0.043 0.015 0.217 0.003 
 72  ZFBP201    (0)    3 :  0.005 0.005 0.007 0.004 0.005 0.007 0.927 0.005 0.004 0.011 0.015 0.004 
 73  ZFBP202    (0)    3 :  0.005 0.003 0.005 0.006 0.005 0.005 0.916 0.004 0.004 0.010 0.031 0.006 
 74  ZFBP203    (0)    3 :  0.005 0.041 0.027 0.016 0.008 0.011 0.828 0.026 0.005 0.005 0.022 0.006 
 75  ZFBP204    (0)    3 :  0.004 0.004 0.011 0.017 0.037 0.006 0.661 0.005 0.012 0.016 0.223 0.004 
 76  ZFBP205    (0)    3 :  0.002 0.004 0.005 0.009 0.010 0.004 0.942 0.003 0.007 0.003 0.007 0.003 
 77  ZFBP206    (0)    3 :  0.003 0.006 0.012 0.023 0.025 0.005 0.898 0.004 0.007 0.004 0.007 0.006 
 78  ZFBP207    (0)    3 :  0.004 0.003 0.004 0.008 0.007 0.005 0.597 0.004 0.013 0.081 0.270 0.004 
 79  ZFBP208    (0)    3 :  0.003 0.010 0.016 0.009 0.016 0.005 0.913 0.006 0.005 0.003 0.010 0.004 
 80  ZFBP209    (0)    3 :  0.002 0.002 0.004 0.056 0.003 0.004 0.905 0.002 0.008 0.003 0.007 0.003 
 81  ZFBP210    (0)    3 :  0.005 0.008 0.011 0.012 0.006 0.006 0.908 0.005 0.005 0.011 0.019 0.005 
 82  ZFBP211    (0)    3 :  0.005 0.003 0.005 0.004 0.008 0.004 0.936 0.004 0.004 0.009 0.012 0.006 
 83  ZFBP212    (0)    3 :  0.008 0.003 0.003 0.005 0.003 0.003 0.695 0.003 0.003 0.036 0.233 0.004 
 84  ZFBP213    (0)    3 :  0.005 0.004 0.010 0.015 0.024 0.007 0.887 0.005 0.010 0.011 0.009 0.014 
 85  ZFBP214    (0)    3 :  0.007 0.004 0.047 0.103 0.018 0.020 0.673 0.008 0.039 0.035 0.029 0.017 
 86  ZFBP215    (0)    3 :  0.003 0.002 0.004 0.006 0.005 0.004 0.945 0.003 0.005 0.006 0.013 0.004 
 87  ZFBP216    (0)    3 :  0.004 0.006 0.029 0.005 0.006 0.008 0.765 0.009 0.004 0.005 0.154 0.005 
 88  ZFBP217    (0)    3 :  0.008 0.004 0.025 0.183 0.004 0.007 0.603 0.007 0.007 0.041 0.106 0.006 
 89  ZFBP218    (0)    3 :  0.002 0.003 0.006 0.009 0.003 0.003 0.946 0.003 0.003 0.003 0.016 0.003 
 90  ZFBP219    (0)    3 :  0.003 0.004 0.006 0.004 0.003 0.004 0.952 0.004 0.003 0.003 0.011 0.003 
 91  ZFBP220    (0)    3 :  0.003 0.003 0.007 0.042 0.007 0.005 0.575 0.004 0.020 0.013 0.319 0.003 
 92  ZFBP221    (0)    3 :  0.004 0.003 0.005 0.008 0.002 0.004 0.435 0.003 0.003 0.007 0.522 0.004 
 93  ZFBP222    (0)    3 :  0.003 0.005 0.007 0.007 0.005 0.007 0.942 0.004 0.008 0.003 0.007 0.005 
 94  ZFBP223    (0)    3 :  0.008 0.004 0.005 0.009 0.009 0.007 0.594 0.006 0.008 0.197 0.147 0.005 
 95  ZFBP224    (0)    3 :  0.003 0.004 0.007 0.005 0.011 0.005 0.929 0.005 0.004 0.005 0.013 0.008 
 96  ZFBP225    (0)    3 :  0.003 0.008 0.017 0.226 0.011 0.008 0.208 0.008 0.013 0.019 0.477 0.003 
 97  ZFBP226    (0)    3 :  0.003 0.004 0.006 0.004 0.004 0.004 0.925 0.004 0.003 0.004 0.035 0.003 
 98  ZFBP227    (0)    3 :  0.010 0.007 0.122 0.006 0.010 0.018 0.395 0.032 0.005 0.009 0.368 0.016 
 99  ZFBP228    (0)    3 :  0.004 0.002 0.004 0.007 0.005 0.004 0.368 0.004 0.016 0.068 0.512 0.005 
100  ZFBP229    (0)    3 :  0.002 0.003 0.006 0.016 0.003 0.005 0.866 0.003 0.007 0.004 0.081 0.003 
101  ZFBP230    (0)    3 :  0.003 0.003 0.009 0.033 0.007 0.006 0.473 0.004 0.025 0.010 0.424 0.003 
102  ZFBP231    (0)    3 :  0.004 0.004 0.005 0.004 0.013 0.005 0.936 0.005 0.004 0.006 0.010 0.005 
103  ZFBP232    (0)    3 :  0.003 0.003 0.004 0.007 0.005 0.003 0.954 0.003 0.003 0.004 0.009 0.003 
104  ZFBP233    (0)    3 :  0.005 0.004 0.011 0.013 0.009 0.005 0.912 0.005 0.005 0.006 0.020 0.006 
105   ZFCC01    (0)    4 :  0.006 0.005 0.005 0.004 0.008 0.005 0.004 0.004 0.930 0.005 0.003 0.021 
106   ZFCC03    (0)    4 :  0.003 0.003 0.003 0.004 0.005 0.004 0.004 0.003 0.952 0.009 0.003 0.007 
107   ZFCC04    (0)    4 :  0.004 0.004 0.005 0.005 0.013 0.004 0.004 0.004 0.942 0.006 0.004 0.006 
108   ZFCC05    (0)    4 :  0.006 0.004 0.009 0.007 0.049 0.006 0.006 0.007 0.870 0.018 0.006 0.011 
109   ZFCC08    (0)    4 :  0.002 0.002 0.008 0.015 0.008 0.005 0.013 0.003 0.924 0.005 0.007 0.008 
110   ZFCC09    (0)    4 :  0.004 0.003 0.003 0.003 0.006 0.003 0.003 0.003 0.951 0.007 0.003 0.010 
111   ZFCC10    (0)    4 :  0.004 0.004 0.003 0.003 0.008 0.005 0.004 0.004 0.919 0.004 0.003 0.039 
112   ZFCC11    (0)    4 :  0.004 0.004 0.005 0.004 0.008 0.004 0.005 0.004 0.935 0.012 0.004 0.012 
113   ZFCC12    (0)    4 :  0.010 0.055 0.008 0.005 0.036 0.026 0.006 0.013 0.801 0.008 0.007 0.025 
114   ZFCC13    (0)    4 :  0.004 0.007 0.012 0.008 0.007 0.005 0.008 0.006 0.919 0.009 0.011 0.004 
115   ZFCC14    (0)    4 :  0.008 0.006 0.003 0.006 0.021 0.010 0.009 0.005 0.915 0.004 0.004 0.007 
116   ZFCC15    (0)    4 :  0.004 0.005 0.008 0.004 0.006 0.005 0.004 0.005 0.947 0.005 0.004 0.005 
117   ZFCC16    (0)    4 :  0.005 0.004 0.005 0.004 0.014 0.005 0.003 0.004 0.944 0.004 0.003 0.006 
118   ZFCC17    (0)    4 :  0.006 0.012 0.004 0.004 0.037 0.004 0.003 0.006 0.910 0.006 0.003 0.006 
119   ZFCC18    (0)    4 :  0.003 0.004 0.005 0.006 0.009 0.005 0.004 0.004 0.937 0.009 0.004 0.010 
120   ZFCC19    (0)    4 :  0.005 0.008 0.007 0.003 0.010 0.005 0.003 0.006 0.944 0.003 0.003 0.004 
121   ZFCC20    (0)    4 :  0.004 0.004 0.007 0.005 0.012 0.004 0.003 0.004 0.941 0.007 0.005 0.004 
122   ZFCC21    (0)    4 :  0.005 0.006 0.041 0.036 0.013 0.041 0.039 0.005 0.789 0.003 0.016 0.006 
123   ZFCC22    (0)    4 :  0.003 0.005 0.010 0.047 0.011 0.005 0.192 0.003 0.627 0.006 0.074 0.015 
124   ZFCC26    (0)    4 :  0.004 0.004 0.004 0.004 0.009 0.005 0.003 0.004 0.951 0.004 0.003 0.005 
125   ZFCC27    (0)    4 :  0.003 0.003 0.003 0.003 0.006 0.003 0.003 0.003 0.958 0.007 0.003 0.004 
126   ZFCC29    (0)    4 :  0.008 0.005 0.010 0.005 0.019 0.006 0.004 0.004 0.923 0.005 0.005 0.006 
127   ZFCC30    (0)    4 :  0.003 0.003 0.004 0.005 0.007 0.003 0.003 0.003 0.949 0.012 0.004 0.004 
128   ZFCC32    (0)    4 :  0.004 0.008 0.013 0.006 0.011 0.004 0.004 0.006 0.924 0.006 0.006 0.009 
129   ZFCC33    (0)    4 :  0.010 0.004 0.005 0.004 0.331 0.008 0.004 0.008 0.607 0.007 0.004 0.008 
130   ZFCC34    (0)    4 :  0.025 0.020 0.007 0.020 0.048 0.009 0.071 0.006 0.664 0.065 0.046 0.019 
131   ZFCC35    (0)    4 :  0.002 0.003 0.004 0.004 0.007 0.002 0.003 0.003 0.960 0.003 0.004 0.004 
132   ZFCC36    (0)    4 :  0.004 0.013 0.018 0.010 0.011 0.005 0.007 0.005 0.911 0.004 0.007 0.004 
133   ZFCC37    (0)    4 :  0.008 0.043 0.010 0.006 0.028 0.035 0.009 0.014 0.801 0.008 0.008 0.031 
134   ZFCC40    (0)    4 :  0.004 0.009 0.003 0.003 0.014 0.005 0.005 0.004 0.937 0.003 0.003 0.008 
135   ZFCC42    (0)    4 :  0.028 0.344 0.004 0.006 0.464 0.013 0.005 0.020 0.055 0.047 0.008 0.006 
136   ZFCC44    (0)    4 :  0.003 0.005 0.002 0.003 0.014 0.003 0.003 0.004 0.947 0.010 0.003 0.003 
137   ZFCC45    (9)    4 :  0.008 0.018 0.007 0.004 0.047 0.009 0.005 0.021 0.849 0.009 0.005 0.019 
138   ZFCC46    (0)    4 :  0.003 0.004 0.007 0.033 0.015 0.005 0.011 0.003 0.889 0.010 0.017 0.003 
139   ZFCC47    (0)    4 :  0.006 0.028 0.005 0.007 0.008 0.008 0.005 0.005 0.892 0.005 0.005 0.027 
140   ZFCC48    (0)    4 :  0.004 0.004 0.010 0.036 0.016 0.017 0.028 0.003 0.860 0.004 0.012 0.005 
141   ZFCC50    (0)    4 :  0.004 0.005 0.004 0.003 0.009 0.003 0.003 0.004 0.954 0.003 0.003 0.005 
142   ZFCC51    (0)    4 :  0.004 0.003 0.003 0.003 0.004 0.003 0.003 0.003 0.956 0.009 0.003 0.005 
143   ZFCC52    (0)    4 :  0.004 0.007 0.008 0.014 0.037 0.005 0.014 0.004 0.888 0.005 0.010 0.004 
144   ZFCC53    (0)    4 :  0.004 0.003 0.003 0.003 0.005 0.003 0.003 0.003 0.961 0.006 0.003 0.004 
145  ZFCNS01    (0)    5 :  0.002 0.020 0.055 0.003 0.003 0.007 0.005 0.037 0.007 0.828 0.030 0.003 
146  ZFCNS02    (0)    5 :  0.002 0.002 0.003 0.004 0.003 0.002 0.003 0.003 0.005 0.965 0.004 0.003 
147  ZFCNS05    (0)    5 :  0.005 0.003 0.006 0.005 0.005 0.003 0.006 0.003 0.008 0.944 0.008 0.005 
148  ZFCNS06    (0)    5 :  0.003 0.002 0.003 0.004 0.003 0.002 0.004 0.003 0.005 0.964 0.004 0.003 
149  ZFCNS07    (0)    5 :  0.003 0.002 0.003 0.009 0.003 0.003 0.006 0.003 0.003 0.955 0.006 0.003 
150  ZFCNS10    (0)    5 :  0.003 0.003 0.003 0.005 0.003 0.002 0.007 0.003 0.004 0.949 0.014 0.002 
151  ZFCNS11    (0)    5 :  0.003 0.011 0.024 0.004 0.003 0.006 0.006 0.015 0.007 0.903 0.015 0.003 
152  ZFCNS15    (0)    5 :  0.004 0.003 0.004 0.007 0.006 0.004 0.015 0.003 0.003 0.902 0.047 0.003 
153  ZFCNS17    (0)    5 :  0.003 0.002 0.003 0.004 0.004 0.002 0.004 0.003 0.005 0.964 0.004 0.003 
154  ZFCNS18    (0)    5 :  0.003 0.003 0.003 0.004 0.003 0.002 0.007 0.003 0.005 0.951 0.014 0.003 
155  ZFCNS19    (0)    5 :  0.003 0.002 0.003 0.003 0.003 0.002 0.003 0.003 0.004 0.966 0.004 0.003 
156  ZFCNS20    (0)    5 :  0.003 0.003 0.004 0.013 0.007 0.004 0.012 0.003 0.005 0.929 0.013 0.003 
157  ZFCNS21    (0)    5 :  0.002 0.002 0.003 0.002 0.003 0.002 0.003 0.003 0.004 0.966 0.006 0.003 
158  ZFCNS22    (0)    5 :  0.005 0.002 0.005 0.005 0.006 0.004 0.011 0.004 0.005 0.934 0.015 0.005 
159  ZFCNS23    (0)    5 :  0.004 0.011 0.011 0.012 0.025 0.005 0.006 0.008 0.014 0.893 0.005 0.006 
160  ZFCNS24    (0)    5 :  0.002 0.002 0.004 0.006 0.008 0.003 0.005 0.003 0.007 0.949 0.007 0.003 
161  ZFCNS25    (0)    5 :  0.003 0.003 0.004 0.009 0.008 0.003 0.010 0.003 0.005 0.939 0.011 0.003 
162  ZFCNS26    (0)    5 :  0.003 0.002 0.003 0.004 0.003 0.002 0.004 0.003 0.003 0.963 0.007 0.003 
163  ZFCNS27    (0)    5 :  0.003 0.002 0.004 0.008 0.006 0.004 0.019 0.003 0.003 0.892 0.052 0.003 
164  ZFCNS28    (0)    5 :  0.004 0.002 0.003 0.004 0.003 0.002 0.003 0.003 0.004 0.964 0.005 0.003 
165  ZFCNS29    (0)    5 :  0.004 0.003 0.004 0.005 0.007 0.003 0.007 0.003 0.008 0.944 0.007 0.004 
166  ZFCNS30    (0)    5 :  0.004 0.002 0.004 0.003 0.005 0.003 0.005 0.003 0.006 0.952 0.007 0.005 
167  ZFCNS31    (0)    5 :  0.003 0.002 0.003 0.004 0.003 0.003 0.004 0.003 0.003 0.965 0.005 0.003 
168  ZFCNS32    (0)    5 :  0.003 0.003 0.005 0.007 0.006 0.003 0.006 0.003 0.004 0.947 0.010 0.003 
169  ZFCNS33    (0)    5 :  0.003 0.002 0.003 0.004 0.003 0.002 0.003 0.002 0.003 0.966 0.005 0.003 
170  ZFCNS34    (0)    5 :  0.004 0.002 0.005 0.004 0.006 0.003 0.005 0.003 0.010 0.947 0.005 0.005 
171  ZFCNS35    (0)    5 :  0.023 0.003 0.004 0.004 0.003 0.012 0.013 0.003 0.007 0.891 0.028 0.010 
172  ZFCNS36    (0)    5 :  0.002 0.003 0.004 0.008 0.008 0.003 0.006 0.003 0.009 0.945 0.007 0.003 
173  ZFCNS37    (0)    5 :  0.004 0.002 0.005 0.008 0.006 0.004 0.006 0.010 0.004 0.829 0.118 0.004 
174  ZFCNS39    (0)    5 :  0.002 0.003 0.015 0.021 0.006 0.005 0.007 0.006 0.017 0.890 0.025 0.003 
175  ZFCNS40    (0)    5 :  0.002 0.003 0.010 0.120 0.013 0.004 0.008 0.006 0.030 0.676 0.125 0.003 
176  ZFCNS41    (0)    5 :  0.006 0.004 0.010 0.005 0.013 0.010 0.015 0.009 0.016 0.262 0.644 0.005 
177  ZFCNS42    (0)    5 :  0.003 0.002 0.003 0.003 0.003 0.002 0.004 0.003 0.003 0.964 0.006 0.003 
178  ZFCNS43    (0)    5 :  0.003 0.002 0.003 0.003 0.003 0.002 0.003 0.003 0.004 0.968 0.004 0.003 
179  ZFCNS44    (0)    5 :  0.003 0.003 0.003 0.003 0.004 0.002 0.007 0.003 0.005 0.951 0.013 0.003 
180  ZFCNS46    (0)    5 :  0.003 0.002 0.005 0.004 0.005 0.004 0.005 0.004 0.005 0.948 0.011 0.004 
181  ZFCNS47    (0)    5 :  0.003 0.002 0.003 0.003 0.003 0.002 0.003 0.002 0.004 0.968 0.004 0.003 
182  ZFCNS48    (0)    5 :  0.004 0.003 0.005 0.005 0.005 0.003 0.012 0.004 0.007 0.910 0.038 0.004 
183  ZFCNS49    (0)    5 :  0.004 0.003 0.003 0.004 0.003 0.003 0.013 0.003 0.003 0.906 0.055 0.003 
184   ZFCR01    (0)    6 :  0.006 0.012 0.004 0.005 0.003 0.888 0.009 0.043 0.006 0.003 0.004 0.017 
185   ZFCR02    (0)    6 :  0.013 0.009 0.005 0.008 0.011 0.898 0.011 0.010 0.020 0.005 0.005 0.004 
186   ZFCR03    (0)    6 :  0.017 0.054 0.013 0.007 0.059 0.792 0.014 0.012 0.014 0.003 0.005 0.009 
187   ZFCR04    (0)    6 :  0.177 0.026 0.013 0.020 0.005 0.562 0.014 0.055 0.015 0.010 0.025 0.077 
188   ZFCR05    (0)    6 :  0.010 0.007 0.011 0.004 0.004 0.912 0.004 0.016 0.012 0.002 0.003 0.016 
189   ZFCR06    (0)    6 :  0.019 0.004 0.005 0.011 0.006 0.799 0.022 0.015 0.013 0.065 0.030 0.012 
190   ZFCR07    (0)    6 :  0.052 0.011 0.129 0.004 0.056 0.419 0.010 0.186 0.014 0.066 0.042 0.012 
191   ZFCR08    (0)    6 :  0.022 0.047 0.007 0.039 0.033 0.157 0.023 0.474 0.088 0.005 0.014 0.090 
192   ZFCR09    (0)    6 :  0.081 0.286 0.019 0.016 0.019 0.378 0.068 0.027 0.024 0.014 0.053 0.013 
193   ZFCR11    (0)    6 :  0.019 0.009 0.018 0.002 0.004 0.844 0.014 0.023 0.007 0.010 0.035 0.016 
194   ZFCR12    (0)    6 :  0.007 0.003 0.016 0.013 0.009 0.754 0.010 0.008 0.009 0.113 0.053 0.005 
195   ZFCR13    (0)    6 :  0.039 0.003 0.234 0.006 0.007 0.214 0.114 0.351 0.009 0.007 0.012 0.006 
196   ZFCR14    (0)    6 :  0.014 0.005 0.028 0.012 0.005 0.880 0.007 0.015 0.009 0.006 0.008 0.011 
197   ZFCR15    (0)    6 :  0.037 0.008 0.017 0.033 0.009 0.773 0.019 0.054 0.012 0.005 0.015 0.018 
198   ZFCR16    (0)    6 :  0.019 0.004 0.010 0.017 0.004 0.884 0.014 0.026 0.008 0.003 0.006 0.007 
199   ZFCR18    (0)    6 :  0.289 0.004 0.007 0.006 0.032 0.610 0.008 0.013 0.012 0.006 0.006 0.008 
200   ZFCR19    (0)    6 :  0.022 0.030 0.008 0.033 0.006 0.848 0.013 0.005 0.010 0.006 0.014 0.006 
201   ZFCR20    (0)    6 :  0.024 0.012 0.037 0.006 0.030 0.806 0.026 0.016 0.006 0.005 0.009 0.024 
202   ZFCR21    (0)    6 :  0.003 0.003 0.024 0.010 0.007 0.913 0.004 0.011 0.011 0.003 0.005 0.004 
203   ZFCR22    (0)    6 :  0.007 0.005 0.050 0.013 0.006 0.888 0.006 0.008 0.005 0.003 0.007 0.002 
204   ZFCR23    (0)    6 :  0.011 0.034 0.051 0.006 0.004 0.709 0.048 0.086 0.003 0.005 0.039 0.004 
205   ZFCR24    (9)    6 :  0.097 0.021 0.101 0.007 0.011 0.105 0.511 0.091 0.008 0.004 0.013 0.031 
206   ZFCR25    (0)    6 :  0.008 0.005 0.011 0.003 0.006 0.930 0.004 0.010 0.005 0.003 0.005 0.010 
207   ZFCR26    (0)    6 :  0.004 0.037 0.179 0.012 0.006 0.704 0.010 0.012 0.013 0.004 0.009 0.009 
208   ZFCR27    (9)    6 :  0.014 0.012 0.034 0.003 0.003 0.482 0.003 0.415 0.005 0.003 0.003 0.023 
209   ZFCR28    (0)    6 :  0.004 0.005 0.006 0.050 0.009 0.690 0.061 0.108 0.010 0.030 0.021 0.005 
210   ZFCR29    (0)    6 :  0.008 0.005 0.015 0.004 0.004 0.940 0.004 0.004 0.004 0.002 0.004 0.006 
211   ZFCR30    (0)    6 :  0.007 0.007 0.043 0.008 0.008 0.876 0.006 0.011 0.006 0.010 0.011 0.007 
212   ZFCR31    (0)    6 :  0.167 0.050 0.029 0.018 0.026 0.486 0.067 0.020 0.012 0.047 0.062 0.014 
213   ZFCR33    (0)    6 :  0.007 0.042 0.033 0.013 0.010 0.060 0.012 0.696 0.048 0.007 0.017 0.056 
214   ZFCR34    (0)    6 :  0.176 0.016 0.274 0.009 0.004 0.373 0.018 0.056 0.023 0.010 0.034 0.005 
215   ZFCR35    (0)    6 :  0.115 0.019 0.006 0.004 0.004 0.807 0.006 0.011 0.010 0.004 0.006 0.009 
216   ZFCR36    (0)    6 :  0.040 0.015 0.019 0.004 0.006 0.860 0.006 0.010 0.006 0.017 0.009 0.007 
217   ZFCR37    (0)    6 :  0.059 0.039 0.584 0.003 0.014 0.049 0.004 0.119 0.059 0.004 0.004 0.062 
218   ZFCR38    (0)    6 :  0.007 0.026 0.036 0.013 0.013 0.255 0.007 0.537 0.043 0.007 0.009 0.047 
219   ZFCR39    (0)    6 :  0.020 0.179 0.008 0.039 0.044 0.237 0.063 0.288 0.089 0.003 0.019 0.010 
220   ZFCR40    (0)    6 :  0.010 0.030 0.012 0.004 0.006 0.743 0.009 0.133 0.023 0.005 0.014 0.011 
221   ZFCR41    (0)    6 :  0.006 0.003 0.017 0.025 0.006 0.766 0.008 0.013 0.027 0.014 0.111 0.007 
222   ZFCR42    (0)    6 :  0.007 0.017 0.083 0.019 0.019 0.632 0.020 0.097 0.050 0.018 0.029 0.009 
223   ZFCR43    (0)    6 :  0.025 0.004 0.010 0.004 0.004 0.876 0.040 0.010 0.004 0.006 0.006 0.011 
224  ZFENP25    (0)    7 :  0.005 0.005 0.007 0.012 0.006 0.045 0.011 0.835 0.024 0.003 0.005 0.043 
225  ZFENP26    (0)    7 :  0.006 0.008 0.004 0.003 0.004 0.007 0.002 0.950 0.004 0.002 0.004 0.006 
226  ZFENP27    (0)    7 :  0.014 0.044 0.006 0.014 0.046 0.267 0.014 0.285 0.183 0.074 0.029 0.025 
227  ZFENP28    (0)    7 :  0.009 0.014 0.010 0.005 0.005 0.025 0.004 0.876 0.011 0.010 0.004 0.027 
228  ZFENP29    (0)    7 :  0.004 0.005 0.008 0.004 0.007 0.029 0.004 0.914 0.010 0.004 0.005 0.005 
229  ZFENP30    (0)    7 :  0.008 0.015 0.013 0.007 0.100 0.011 0.005 0.787 0.031 0.010 0.005 0.008 
230  ZFENP31    (0)    7 :  0.015 0.376 0.006 0.004 0.363 0.012 0.006 0.178 0.014 0.006 0.004 0.016 
231  ZFENP32    (0)    7 :  0.227 0.222 0.012 0.006 0.119 0.097 0.018 0.213 0.015 0.028 0.024 0.019 
232  ZFENP33    (0)    7 :  0.013 0.012 0.044 0.003 0.042 0.017 0.007 0.811 0.005 0.005 0.007 0.033 
233  ZFENP34    (0)    7 :  0.035 0.011 0.007 0.004 0.097 0.027 0.006 0.171 0.022 0.011 0.007 0.603 
234  ZFENP35    (0)    7 :  0.015 0.025 0.007 0.005 0.007 0.005 0.009 0.888 0.005 0.011 0.016 0.007 
235  ZFENP36    (0)    7 :  0.009 0.011 0.008 0.002 0.007 0.007 0.003 0.931 0.003 0.010 0.004 0.005 
236  ZFENP37    (0)    7 :  0.016 0.061 0.031 0.004 0.008 0.008 0.006 0.522 0.009 0.009 0.008 0.319 
237  ZFENP38    (0)    7 :  0.012 0.026 0.440 0.004 0.014 0.011 0.005 0.413 0.017 0.018 0.007 0.032 
238  ZFENP39    (0)    7 :  0.013 0.022 0.011 0.003 0.006 0.101 0.004 0.790 0.014 0.005 0.005 0.026 
239  ZFENP40    (0)    7 :  0.016 0.047 0.007 0.004 0.014 0.074 0.010 0.787 0.009 0.006 0.007 0.021 
240  ZFENP41    (0)    7 :  0.020 0.015 0.006 0.009 0.048 0.029 0.007 0.768 0.067 0.008 0.007 0.018 
241  ZFENP42    (0)    7 :  0.003 0.107 0.033 0.005 0.009 0.010 0.003 0.812 0.006 0.003 0.005 0.004 
242  ZFENP43    (0)    7 :  0.007 0.024 0.082 0.005 0.009 0.018 0.008 0.705 0.029 0.050 0.031 0.032 
243  ZFENP44    (0)    7 :  0.005 0.072 0.027 0.003 0.021 0.010 0.006 0.799 0.014 0.012 0.013 0.017 
244  ZFENP45    (0)    7 :  0.009 0.055 0.047 0.307 0.018 0.023 0.028 0.464 0.016 0.009 0.016 0.009 
245  ZFENP46    (0)    7 :  0.008 0.019 0.057 0.005 0.012 0.014 0.015 0.807 0.003 0.008 0.023 0.029 
246  ZFENP47    (0)    7 :  0.039 0.381 0.006 0.152 0.016 0.144 0.014 0.158 0.068 0.004 0.005 0.012 
247  ZFENP48    (0)    7 :  0.011 0.020 0.015 0.010 0.294 0.046 0.012 0.068 0.017 0.007 0.005 0.494 
248  ZFENP49    (0)    7 :  0.032 0.009 0.010 0.009 0.151 0.593 0.010 0.160 0.008 0.006 0.007 0.005 
249  ZFENP50    (0)    7 :  0.008 0.038 0.067 0.012 0.005 0.041 0.054 0.737 0.004 0.004 0.024 0.006 
250  ZFENP51    (0)    7 :  0.028 0.303 0.015 0.044 0.030 0.035 0.004 0.511 0.007 0.005 0.004 0.015 
251  ZFENP52    (0)    7 :  0.003 0.006 0.010 0.005 0.007 0.006 0.005 0.924 0.009 0.009 0.013 0.004 
252  ZFENP53    (0)    7 :  0.007 0.017 0.024 0.033 0.009 0.019 0.041 0.799 0.008 0.010 0.025 0.009 
253  ZFENP54    (0)    7 :  0.013 0.011 0.015 0.006 0.026 0.706 0.028 0.151 0.016 0.005 0.013 0.009 
254  ZFENP55    (0)    7 :  0.054 0.018 0.573 0.004 0.011 0.058 0.005 0.235 0.004 0.004 0.004 0.030 
255  ZFENP56    (0)    7 :  0.013 0.012 0.062 0.005 0.011 0.011 0.004 0.847 0.008 0.009 0.008 0.010 
256  ZFENP57    (0)    7 :  0.013 0.050 0.017 0.002 0.013 0.015 0.004 0.840 0.005 0.012 0.007 0.022 
257  ZFENP58    (0)    7 :  0.025 0.011 0.023 0.105 0.318 0.093 0.009 0.362 0.018 0.017 0.013 0.005 
258  ZFENP59    (0)    7 :  0.014 0.045 0.009 0.005 0.029 0.028 0.005 0.771 0.076 0.005 0.005 0.009 
259  ZFENP60    (0)    7 :  0.038 0.015 0.016 0.015 0.006 0.084 0.011 0.756 0.011 0.006 0.009 0.032 
260  ZFENP61    (0)    7 :  0.022 0.008 0.009 0.003 0.008 0.060 0.003 0.847 0.017 0.004 0.004 0.016 
261 ZFFDSP01    (0)    8 :  0.006 0.003 0.007 0.023 0.003 0.005 0.806 0.003 0.005 0.016 0.118 0.005 
262 ZFFDSP02    (0)    8 :  0.003 0.002 0.004 0.006 0.003 0.005 0.947 0.003 0.005 0.004 0.015 0.004 
263 ZFFDSP04    (0)    8 :  0.005 0.002 0.005 0.013 0.003 0.005 0.929 0.002 0.005 0.003 0.024 0.004 
264 ZFFDSP05    (0)    8 :  0.004 0.003 0.007 0.010 0.003 0.005 0.521 0.003 0.004 0.006 0.430 0.003 
265 ZFFDSP06    (0)    8 :  0.003 0.002 0.005 0.011 0.003 0.005 0.938 0.002 0.006 0.003 0.019 0.004 
266 ZFFDSP07    (0)    8 :  0.002 0.005 0.008 0.022 0.022 0.005 0.907 0.004 0.011 0.004 0.007 0.004 
267 ZFFDSP08    (0)    8 :  0.003 0.004 0.012 0.073 0.026 0.004 0.809 0.005 0.011 0.011 0.040 0.004 
268 ZFFDSP10    (0)    8 :  0.004 0.003 0.006 0.010 0.008 0.004 0.918 0.004 0.004 0.005 0.030 0.004 
269 ZFFDSP11    (0)    8 :  0.005 0.003 0.008 0.008 0.003 0.005 0.896 0.003 0.004 0.003 0.058 0.004 
270 ZFFDSP12    (0)    8 :  0.002 0.003 0.004 0.007 0.005 0.003 0.952 0.003 0.003 0.004 0.011 0.003 
271 ZFFDSP13    (0)    8 :  0.003 0.003 0.008 0.005 0.008 0.005 0.038 0.005 0.007 0.011 0.903 0.004 
272 ZFFDSP14    (0)    8 :  0.003 0.003 0.007 0.017 0.007 0.005 0.935 0.003 0.006 0.004 0.006 0.004 
273 ZFFDSP16    (0)    8 :  0.007 0.003 0.007 0.004 0.004 0.011 0.910 0.006 0.006 0.016 0.019 0.007 
274 ZFFDSP17    (0)    8 :  0.003 0.003 0.007 0.009 0.004 0.004 0.931 0.003 0.005 0.004 0.020 0.005 
275 ZFFDSP18    (0)    8 :  0.005 0.002 0.004 0.013 0.004 0.006 0.938 0.003 0.006 0.005 0.009 0.006 
276 ZFFDSP19    (0)    8 :  0.004 0.003 0.005 0.019 0.003 0.005 0.739 0.003 0.026 0.130 0.055 0.007 
277 ZFFDSP21    (0)    8 :  0.003 0.002 0.004 0.010 0.004 0.007 0.507 0.003 0.017 0.072 0.363 0.008 
278 ZFFDSP22    (0)    8 :  0.002 0.002 0.006 0.058 0.004 0.004 0.898 0.003 0.005 0.004 0.011 0.003 
279 ZFFDSP23    (0)    8 :  0.003 0.002 0.005 0.172 0.003 0.005 0.634 0.003 0.005 0.009 0.157 0.004 
280 ZFFDSP24    (0)    8 :  0.005 0.003 0.006 0.007 0.005 0.004 0.590 0.003 0.005 0.011 0.354 0.005 
281 ZFFDSP26    (9)    8 :  0.004 0.003 0.005 0.014 0.004 0.005 0.678 0.003 0.005 0.006 0.269 0.003 
282 ZFFDSP27    (0)    8 :  0.004 0.003 0.004 0.007 0.004 0.005 0.921 0.003 0.004 0.008 0.032 0.006 
283 ZFFDSP28    (0)    8 :  0.037 0.011 0.012 0.008 0.017 0.013 0.809 0.007 0.007 0.005 0.047 0.028 
284 ZFFDSP30    (0)    8 :  0.056 0.007 0.009 0.010 0.010 0.008 0.312 0.005 0.007 0.031 0.539 0.006 
285 ZFFDSP31    (0)    8 :  0.003 0.002 0.005 0.005 0.006 0.004 0.930 0.004 0.005 0.007 0.019 0.009 
286 ZFFDSP32    (0)    8 :  0.002 0.002 0.005 0.006 0.004 0.004 0.941 0.003 0.003 0.004 0.021 0.004 
287 ZFFDSP33    (0)    8 :  0.003 0.003 0.004 0.006 0.003 0.003 0.949 0.003 0.002 0.005 0.016 0.003 
288 ZFFDSP34    (0)    8 :  0.003 0.002 0.005 0.010 0.004 0.004 0.938 0.002 0.006 0.005 0.017 0.004 
289 ZFFDSP35    (0)    8 :  0.006 0.003 0.006 0.008 0.004 0.005 0.629 0.003 0.004 0.005 0.324 0.004 
290 ZFFDSP37    (0)    8 :  0.004 0.003 0.004 0.005 0.004 0.004 0.935 0.003 0.004 0.006 0.025 0.004 
291 ZFFDSP38    (0)    8 :  0.005 0.003 0.004 0.005 0.004 0.004 0.948 0.003 0.003 0.006 0.011 0.004 
292 ZFFDSP39    (0)    8 :  0.004 0.002 0.003 0.007 0.003 0.004 0.254 0.002 0.003 0.006 0.708 0.003 
293 ZFFDSP40    (0)    8 :  0.006 0.002 0.003 0.004 0.003 0.005 0.437 0.003 0.004 0.008 0.520 0.004 
294 ZFFDSP42    (0)    8 :  0.004 0.002 0.006 0.077 0.003 0.005 0.777 0.003 0.006 0.010 0.104 0.004 
295 ZFFDSP43    (0)    8 :  0.004 0.002 0.003 0.008 0.003 0.004 0.924 0.003 0.004 0.010 0.032 0.004 
296 ZFFDSP44    (0)    8 :  0.005 0.003 0.005 0.005 0.005 0.003 0.746 0.003 0.003 0.010 0.206 0.005 
297 ZFFDSP45    (0)    8 :  0.005 0.002 0.005 0.006 0.004 0.005 0.921 0.003 0.005 0.007 0.035 0.004 
298 ZFFDSP46    (0)    8 :  0.004 0.002 0.004 0.011 0.004 0.006 0.882 0.003 0.005 0.009 0.063 0.004 
299 ZFFDSP47    (0)    8 :  0.004 0.003 0.005 0.012 0.004 0.003 0.219 0.003 0.003 0.013 0.727 0.003 
300 ZFFDSP48    (0)    8 :  0.004 0.002 0.004 0.006 0.004 0.004 0.265 0.003 0.004 0.011 0.689 0.004 
301    ZFI01    (0)    9 :  0.844 0.030 0.009 0.004 0.014 0.028 0.005 0.010 0.010 0.009 0.005 0.032 
302    ZFI02    (0)    9 :  0.911 0.012 0.007 0.004 0.003 0.015 0.005 0.005 0.004 0.007 0.004 0.021 
303    ZFI03    (0)    9 :  0.891 0.005 0.007 0.003 0.005 0.010 0.004 0.006 0.006 0.008 0.004 0.052 
304    ZFI04    (0)    9 :  0.135 0.016 0.006 0.003 0.004 0.006 0.003 0.006 0.004 0.005 0.003 0.807 
305    ZFI05    (0)    9 :  0.935 0.004 0.004 0.003 0.008 0.007 0.004 0.006 0.004 0.012 0.006 0.006 
306    ZFI06    (0)    9 :  0.745 0.014 0.008 0.003 0.007 0.042 0.016 0.023 0.004 0.087 0.034 0.017 
307    ZFI07    (0)    9 :  0.499 0.005 0.005 0.002 0.007 0.007 0.004 0.007 0.005 0.005 0.004 0.449 
308    ZFI08    (0)    9 :  0.797 0.009 0.009 0.004 0.005 0.026 0.003 0.010 0.006 0.005 0.003 0.123 
309    ZFI09    (0)    9 :  0.926 0.009 0.005 0.003 0.005 0.014 0.004 0.007 0.004 0.006 0.004 0.014 
310    ZFI10    (0)    9 :  0.862 0.010 0.007 0.004 0.005 0.005 0.005 0.007 0.004 0.044 0.007 0.039 
311    ZFI11    (0)    9 :  0.846 0.015 0.006 0.003 0.007 0.008 0.003 0.007 0.004 0.008 0.004 0.088 
312    ZFI12    (0)    9 :  0.788 0.004 0.011 0.003 0.005 0.011 0.005 0.006 0.006 0.014 0.005 0.142 
313    ZFI13    (0)    9 :  0.917 0.007 0.006 0.003 0.018 0.009 0.004 0.007 0.006 0.006 0.004 0.014 
314    ZFI14    (0)    9 :  0.941 0.004 0.004 0.003 0.005 0.006 0.007 0.004 0.004 0.006 0.007 0.008 
315    ZFI15    (0)    9 :  0.951 0.003 0.004 0.002 0.005 0.007 0.003 0.005 0.004 0.005 0.003 0.007 
316    ZFI16    (0)    9 :  0.940 0.003 0.005 0.003 0.004 0.008 0.003 0.005 0.004 0.005 0.004 0.017 
317    ZFI17    (0)    9 :  0.887 0.006 0.006 0.003 0.005 0.006 0.004 0.008 0.004 0.010 0.004 0.057 
318    ZFI18    (0)    9 :  0.941 0.006 0.004 0.002 0.004 0.005 0.003 0.007 0.003 0.006 0.003 0.016 
319    ZFI19    (9)    9 :  0.951 0.004 0.005 0.002 0.006 0.006 0.003 0.004 0.003 0.005 0.003 0.009 
320    ZFI20    (0)    9 :  0.945 0.004 0.005 0.003 0.003 0.011 0.005 0.004 0.004 0.004 0.004 0.008 
321    ZFI21    (0)    9 :  0.948 0.003 0.005 0.003 0.004 0.005 0.006 0.003 0.003 0.007 0.008 0.005 
322    ZFI22    (0)    9 :  0.917 0.008 0.005 0.004 0.004 0.013 0.005 0.005 0.007 0.004 0.004 0.025 
323    ZFI23    (0)    9 :  0.927 0.004 0.006 0.002 0.005 0.006 0.004 0.005 0.004 0.007 0.004 0.026 
324    ZFI24    (0)    9 :  0.875 0.004 0.010 0.004 0.008 0.009 0.004 0.006 0.007 0.011 0.005 0.057 
325    ZFI25    (0)    9 :  0.864 0.004 0.006 0.004 0.005 0.014 0.005 0.007 0.009 0.006 0.004 0.072 
326    ZFI26    (0)    9 :  0.862 0.004 0.007 0.003 0.009 0.011 0.004 0.007 0.009 0.005 0.004 0.075 
327    ZFI27    (0)    9 :  0.883 0.004 0.011 0.003 0.012 0.007 0.005 0.006 0.005 0.031 0.007 0.027 
328    ZFK01    (0)    9 :  0.003 0.003 0.004 0.003 0.960 0.003 0.003 0.003 0.005 0.006 0.004 0.003 
329    ZFK02    (0)   10 :  0.003 0.003 0.004 0.003 0.959 0.003 0.004 0.003 0.005 0.007 0.004 0.003 
330    ZFK03    (0)   10 :  0.003 0.003 0.003 0.003 0.963 0.003 0.003 0.003 0.005 0.005 0.003 0.003 
331    ZFK04    (0)   10 :  0.004 0.004 0.003 0.003 0.963 0.003 0.003 0.003 0.004 0.004 0.003 0.004 
332    ZFK05    (0)   10 :  0.007 0.011 0.003 0.002 0.938 0.004 0.003 0.006 0.011 0.003 0.003 0.009 
333    ZFK06    (0)   10 :  0.009 0.005 0.003 0.003 0.940 0.005 0.003 0.007 0.010 0.004 0.003 0.009 
334    ZFK07    (0)   10 :  0.002 0.003 0.005 0.005 0.958 0.003 0.003 0.003 0.005 0.005 0.005 0.002 
335    ZFK08    (0)   10 :  0.004 0.004 0.005 0.003 0.959 0.004 0.003 0.003 0.004 0.002 0.003 0.004 
336    ZFK10    (0)   10 :  0.004 0.003 0.003 0.003 0.962 0.003 0.003 0.003 0.005 0.004 0.003 0.004 
337    ZFK11    (0)   10 :  0.006 0.007 0.003 0.003 0.942 0.004 0.003 0.006 0.010 0.004 0.003 0.009 
338    ZFK12    (0)   10 :  0.002 0.003 0.010 0.008 0.945 0.003 0.005 0.004 0.007 0.003 0.007 0.002 
339    ZFK13    (0)   10 :  0.004 0.007 0.005 0.009 0.913 0.004 0.019 0.003 0.009 0.004 0.021 0.003 
340    ZFK14    (0)   10 :  0.008 0.016 0.010 0.031 0.650 0.007 0.020 0.006 0.208 0.014 0.022 0.008 
341    ZFK15    (0)   10 :  0.006 0.009 0.004 0.004 0.928 0.004 0.015 0.004 0.007 0.004 0.013 0.003 
342    ZFK16    (0)   10 :  0.002 0.003 0.006 0.005 0.952 0.003 0.005 0.004 0.007 0.005 0.006 0.003 
343   ZFLB01    (0)   11 :  0.011 0.922 0.004 0.003 0.007 0.004 0.012 0.008 0.003 0.006 0.012 0.007 
344   ZFLB02    (0)   11 :  0.008 0.766 0.007 0.004 0.004 0.009 0.004 0.110 0.003 0.003 0.005 0.078 
345   ZFLB03    (0)   11 :  0.007 0.671 0.009 0.005 0.016 0.010 0.005 0.174 0.004 0.079 0.009 0.010 
346   ZFLB04    (0)   11 :  0.021 0.657 0.004 0.005 0.010 0.004 0.014 0.008 0.005 0.235 0.032 0.005 
347   ZFLB05    (0)   11 :  0.019 0.903 0.004 0.003 0.007 0.005 0.006 0.008 0.003 0.023 0.012 0.007 
348   ZFLB06    (0)   11 :  0.004 0.908 0.004 0.004 0.037 0.005 0.006 0.010 0.007 0.006 0.005 0.004 
349   ZFLB07    (0)   11 :  0.006 0.569 0.017 0.007 0.086 0.008 0.016 0.119 0.009 0.120 0.038 0.005 
350   ZFLB08    (0)   11 :  0.012 0.795 0.011 0.004 0.008 0.008 0.004 0.085 0.004 0.006 0.006 0.056 
351   ZFLB09    (9)   11 :  0.006 0.942 0.004 0.003 0.010 0.004 0.005 0.007 0.005 0.004 0.005 0.005 
352   ZFLB10    (0)   11 :  0.007 0.946 0.003 0.002 0.006 0.004 0.005 0.007 0.003 0.009 0.006 0.003 
353   ZFLB11    (0)   11 :  0.003 0.918 0.008 0.008 0.019 0.004 0.006 0.007 0.013 0.004 0.007 0.003 
354   ZFLB12    (0)   11 :  0.005 0.950 0.004 0.002 0.008 0.004 0.003 0.008 0.005 0.004 0.003 0.005 
355   ZFLB13    (0)   11 :  0.004 0.841 0.015 0.004 0.010 0.009 0.010 0.064 0.011 0.008 0.015 0.009 
356  ZFLTI01    (0)   12 :  0.004 0.002 0.008 0.011 0.006 0.006 0.022 0.003 0.032 0.009 0.891 0.005 
357  ZFLTI02    (0)   12 :  0.003 0.002 0.007 0.010 0.008 0.004 0.012 0.004 0.066 0.028 0.846 0.009 
358  ZFLTI03    (0)   12 :  0.003 0.002 0.006 0.009 0.005 0.002 0.007 0.003 0.009 0.010 0.938 0.005 
359  ZFLTI04    (0)   12 :  0.005 0.003 0.008 0.005 0.013 0.005 0.012 0.004 0.010 0.019 0.910 0.007 
360  ZFLTI05    (0)   12 :  0.003 0.002 0.004 0.005 0.006 0.003 0.009 0.003 0.007 0.018 0.934 0.006 
361  ZFLTI06    (0)   12 :  0.004 0.002 0.004 0.008 0.004 0.004 0.012 0.003 0.006 0.006 0.945 0.003 
362  ZFLTI07    (0)   12 :  0.004 0.002 0.005 0.004 0.004 0.005 0.011 0.004 0.006 0.007 0.943 0.004 
363  ZFLTI08    (0)   12 :  0.005 0.002 0.009 0.004 0.006 0.004 0.007 0.005 0.005 0.018 0.920 0.014 
364  ZFLTI09    (0)   12 :  0.005 0.003 0.006 0.004 0.005 0.004 0.017 0.003 0.006 0.008 0.929 0.011 
365  ZFLTI10    (0)   12 :  0.003 0.002 0.004 0.004 0.005 0.005 0.017 0.004 0.010 0.006 0.933 0.007 
366  ZFLTI11    (0)   12 :  0.003 0.003 0.005 0.020 0.005 0.003 0.016 0.003 0.008 0.008 0.920 0.007 
367  ZFLTI12    (0)   12 :  0.003 0.002 0.005 0.013 0.006 0.004 0.012 0.003 0.019 0.010 0.915 0.007 
368  ZFLTI13    (0)   12 :  0.004 0.003 0.009 0.009 0.007 0.004 0.008 0.004 0.024 0.046 0.876 0.006 
369  ZFLTI14    (0)   12 :  0.003 0.002 0.006 0.006 0.010 0.006 0.052 0.004 0.085 0.178 0.635 0.012 
370 ZFONF101    (0)   13 :  0.003 0.002 0.003 0.006 0.002 0.003 0.965 0.003 0.002 0.003 0.006 0.003 
371 ZFONF102    (0)   13 :  0.005 0.011 0.004 0.022 0.003 0.006 0.925 0.008 0.003 0.003 0.006 0.004 
372 ZFONF103    (0)   13 :  0.004 0.003 0.009 0.017 0.019 0.004 0.764 0.006 0.011 0.049 0.108 0.006 
373 ZFONF104    (0)   13 :  0.002 0.002 0.003 0.021 0.002 0.003 0.941 0.002 0.004 0.003 0.014 0.003 
374 ZFONF105    (0)   13 :  0.003 0.003 0.005 0.121 0.005 0.003 0.810 0.004 0.005 0.009 0.031 0.003 
375 ZFONF106    (0)   13 :  0.003 0.002 0.002 0.006 0.003 0.003 0.961 0.002 0.004 0.003 0.006 0.005 
376 ZFONF107    (0)   13 :  0.016 0.039 0.006 0.009 0.037 0.013 0.766 0.046 0.011 0.015 0.026 0.016 
377 ZFONF108    (0)   13 :  0.004 0.007 0.004 0.011 0.047 0.004 0.843 0.009 0.012 0.025 0.026 0.008 
378 ZFONF109    (9)   13 :  0.004 0.005 0.003 0.041 0.019 0.004 0.861 0.006 0.015 0.010 0.024 0.009 
379 ZFONF110    (0)   13 :  0.002 0.002 0.003 0.013 0.003 0.003 0.951 0.002 0.005 0.005 0.009 0.002 
380 ZFONF111    (0)   13 :  0.010 0.015 0.018 0.018 0.005 0.020 0.796 0.021 0.011 0.007 0.068 0.012 
381 ZFONF112    (0)   13 :  0.003 0.003 0.003 0.171 0.005 0.003 0.769 0.003 0.006 0.013 0.011 0.011 
382 ZFONF113    (9)   13 :  0.002 0.004 0.007 0.010 0.008 0.003 0.927 0.005 0.006 0.007 0.017 0.004 
383 ZFONF115    (0)   13 :  0.003 0.003 0.004 0.015 0.006 0.004 0.930 0.004 0.006 0.010 0.008 0.008 
384 ZFONF116    (0)   13 :  0.004 0.003 0.005 0.018 0.007 0.004 0.924 0.004 0.005 0.011 0.008 0.007 
385 ZFONF117    (0)   13 :  0.004 0.004 0.007 0.053 0.013 0.004 0.310 0.005 0.010 0.038 0.547 0.006 
386 ZFONF118    (0)   13 :  0.003 0.002 0.007 0.014 0.006 0.004 0.898 0.004 0.008 0.011 0.029 0.013 
387 ZFONF119    (0)   13 :  0.003 0.005 0.005 0.018 0.014 0.005 0.926 0.004 0.007 0.004 0.008 0.003 
388 ZFONF120    (0)   13 :  0.003 0.005 0.012 0.042 0.026 0.005 0.868 0.003 0.015 0.004 0.014 0.003 
389 ZFONF121    (0)   13 :  0.003 0.004 0.006 0.082 0.008 0.003 0.865 0.003 0.004 0.006 0.011 0.004 
390 ZFONF122    (0)   13 :  0.005 0.003 0.009 0.008 0.019 0.006 0.649 0.005 0.018 0.017 0.252 0.010 
391 ZFONF123    (0)   13 :  0.006 0.040 0.004 0.031 0.008 0.008 0.870 0.014 0.005 0.003 0.008 0.003 
392 ZFONF124    (0)   13 :  0.003 0.006 0.003 0.026 0.016 0.003 0.911 0.005 0.006 0.006 0.012 0.003 
393 ZFONF125    (0)   13 :  0.007 0.036 0.013 0.175 0.038 0.010 0.615 0.029 0.024 0.006 0.041 0.004 
394 ZFONF126    (0)   13 :  0.004 0.002 0.010 0.008 0.009 0.006 0.908 0.004 0.013 0.011 0.018 0.008 
395 ZFONF201    (0)   14 :  0.072 0.029 0.010 0.605 0.005 0.046 0.087 0.014 0.041 0.004 0.053 0.034 
396 ZFONF202    (0)   14 :  0.003 0.002 0.006 0.896 0.004 0.005 0.055 0.002 0.010 0.003 0.009 0.004 
397 ZFONF203    (0)   14 :  0.003 0.003 0.012 0.939 0.008 0.004 0.008 0.004 0.006 0.003 0.006 0.004 
398 ZFONF204    (0)   14 :  0.006 0.007 0.006 0.896 0.008 0.007 0.006 0.008 0.035 0.003 0.008 0.010 
399 ZFONF206    (0)   14 :  0.011 0.013 0.006 0.896 0.003 0.017 0.007 0.019 0.010 0.003 0.006 0.011 
400 ZFONF207    (0)   14 :  0.003 0.003 0.005 0.954 0.005 0.003 0.006 0.004 0.004 0.004 0.005 0.004 
401 ZFONF208    (0)   14 :  0.005 0.004 0.009 0.851 0.007 0.005 0.051 0.004 0.009 0.005 0.046 0.005 
402 ZFONF209    (0)   14 :  0.010 0.007 0.008 0.885 0.012 0.006 0.007 0.006 0.023 0.009 0.012 0.014 
403 ZFONF210    (0)   14 :  0.004 0.002 0.003 0.952 0.003 0.002 0.009 0.002 0.004 0.007 0.009 0.003 
404 ZFONF211    (0)   14 :  0.004 0.015 0.015 0.849 0.013 0.007 0.032 0.011 0.011 0.014 0.025 0.004 
405 ZFONF212    (0)   14 :  0.003 0.002 0.003 0.952 0.003 0.002 0.011 0.002 0.003 0.006 0.010 0.003 
406 ZFONF214    (0)   14 :  0.002 0.006 0.014 0.904 0.005 0.006 0.032 0.006 0.007 0.003 0.012 0.003 
407 ZFONF215    (0)   14 :  0.002 0.002 0.004 0.945 0.004 0.003 0.019 0.002 0.005 0.004 0.007 0.002 
408 ZFONF216    (0)   14 :  0.002 0.003 0.004 0.960 0.005 0.002 0.005 0.003 0.004 0.005 0.005 0.002 
409 ZFONF217    (0)   14 :  0.002 0.003 0.004 0.923 0.005 0.003 0.039 0.002 0.005 0.004 0.007 0.003 
410 ZFONF218    (0)   14 :  0.003 0.006 0.005 0.949 0.004 0.004 0.005 0.007 0.003 0.004 0.005 0.003 
411 ZFONF219    (0)   14 :  0.002 0.002 0.002 0.971 0.003 0.002 0.005 0.002 0.003 0.003 0.003 0.002 
412 ZFONF220    (0)   14 :  0.002 0.003 0.005 0.927 0.008 0.003 0.030 0.003 0.005 0.004 0.005 0.005 
413 ZFONF222    (0)   14 :  0.003 0.007 0.005 0.955 0.004 0.004 0.003 0.006 0.003 0.004 0.003 0.002 
414 ZFONF223    (0)   14 :  0.004 0.007 0.007 0.944 0.005 0.006 0.007 0.006 0.003 0.003 0.004 0.004 
415 ZFONF224    (0)   14 :  0.002 0.002 0.003 0.969 0.003 0.002 0.004 0.002 0.003 0.004 0.004 0.002 
416 ZFONF225    (0)   14 :  0.002 0.002 0.003 0.965 0.003 0.003 0.007 0.002 0.003 0.004 0.005 0.002 
417 ZFONF226    (0)   14 :  0.003 0.003 0.008 0.945 0.010 0.003 0.008 0.003 0.005 0.004 0.006 0.003 
418 ZFONF227    (0)   14 :  0.002 0.002 0.003 0.970 0.002 0.003 0.004 0.002 0.003 0.003 0.004 0.002 
419 ZFONF228    (0)   14 :  0.004 0.004 0.005 0.929 0.006 0.005 0.011 0.005 0.005 0.012 0.009 0.006 
420 ZFONF230    (0)   14 :  0.002 0.002 0.003 0.952 0.003 0.003 0.013 0.003 0.005 0.003 0.008 0.002 
421 ZFONF231    (0)   14 :  0.002 0.005 0.011 0.938 0.003 0.004 0.008 0.005 0.007 0.005 0.008 0.002 
422 ZFONF232    (0)   14 :  0.002 0.002 0.003 0.965 0.003 0.003 0.008 0.002 0.003 0.003 0.004 0.002 
423 ZFONF233    (0)   14 :  0.002 0.002 0.003 0.963 0.004 0.003 0.004 0.003 0.004 0.004 0.004 0.003 
424 ZFONF234    (0)   14 :  0.005 0.004 0.008 0.873 0.017 0.014 0.013 0.023 0.010 0.012 0.016 0.005 
425 ZFONF235    (0)   14 :  0.002 0.002 0.003 0.970 0.002 0.003 0.004 0.002 0.003 0.003 0.003 0.002 
426 ZFONF236    (0)   14 :  0.018 0.011 0.004 0.828 0.010 0.013 0.014 0.021 0.018 0.026 0.012 0.025 
427 ZFONF238    (0)   14 :  0.003 0.002 0.007 0.949 0.004 0.005 0.009 0.003 0.006 0.003 0.007 0.004 
428 ZFONF239    (0)   14 :  0.004 0.004 0.003 0.938 0.003 0.006 0.004 0.005 0.013 0.004 0.003 0.011 
429 ZFONF240    (0)   14 :  0.002 0.002 0.003 0.963 0.003 0.003 0.005 0.002 0.007 0.004 0.005 0.002 
430 ZFONF241    (0)   14 :  0.007 0.004 0.005 0.901 0.006 0.008 0.015 0.008 0.004 0.017 0.011 0.014 
431 ZFONF242    (0)   14 :  0.002 0.002 0.003 0.959 0.003 0.003 0.009 0.002 0.006 0.003 0.006 0.002 
432 ZFONF243    (0)   14 :  0.003 0.003 0.006 0.946 0.005 0.002 0.006 0.003 0.004 0.010 0.009 0.003 
433 ZFONF244    (0)   14 :  0.002 0.002 0.003 0.961 0.004 0.003 0.008 0.002 0.004 0.003 0.005 0.002 
434 ZFONF245    (0)   14 :  0.002 0.002 0.003 0.962 0.003 0.003 0.004 0.002 0.005 0.004 0.009 0.002 
435   ZFOS01    (0)   15 :  0.003 0.003 0.008 0.009 0.007 0.007 0.021 0.004 0.892 0.006 0.035 0.005 
436   ZFOS02    (0)   15 :  0.008 0.007 0.007 0.009 0.009 0.020 0.043 0.007 0.810 0.010 0.037 0.034 
437   ZFOS03    (0)   15 :  0.010 0.029 0.009 0.005 0.008 0.011 0.009 0.008 0.891 0.003 0.011 0.005 
438   ZFOS04    (0)   15 :  0.023 0.004 0.005 0.007 0.011 0.017 0.074 0.008 0.745 0.013 0.086 0.007 
439   ZFOS05    (0)   15 :  0.005 0.003 0.008 0.014 0.009 0.013 0.043 0.005 0.852 0.011 0.030 0.007 
440   ZFOS06    (0)   15 :  0.005 0.005 0.013 0.011 0.006 0.005 0.013 0.006 0.899 0.019 0.014 0.005 
441   ZFOS07    (0)   15 :  0.023 0.004 0.005 0.004 0.058 0.021 0.008 0.005 0.851 0.005 0.007 0.008 
442   ZFOS08    (0)   15 :  0.028 0.003 0.004 0.006 0.025 0.013 0.018 0.006 0.862 0.011 0.015 0.011 
443   ZFOS09    (0)   15 :  0.012 0.007 0.009 0.007 0.003 0.037 0.042 0.007 0.806 0.005 0.059 0.007 
444   ZFOS10    (0)   15 :  0.018 0.011 0.003 0.002 0.006 0.018 0.003 0.011 0.896 0.009 0.004 0.020 
445   ZFOS11    (0)   15 :  0.006 0.007 0.009 0.009 0.060 0.103 0.017 0.041 0.455 0.117 0.169 0.005 
446   ZFOS12    (0)   15 :  0.021 0.025 0.092 0.006 0.348 0.098 0.019 0.062 0.209 0.054 0.055 0.010 
447   ZFOS13    (0)   15 :  0.011 0.005 0.016 0.005 0.011 0.026 0.015 0.006 0.870 0.007 0.019 0.008 
448   ZFOS14    (0)   15 :  0.145 0.018 0.040 0.009 0.025 0.040 0.016 0.014 0.528 0.065 0.093 0.008 
449   ZFOS15    (0)   15 :  0.008 0.004 0.004 0.003 0.034 0.005 0.003 0.006 0.918 0.006 0.004 0.005 
450   ZFOS16    (0)   15 :  0.011 0.009 0.005 0.010 0.009 0.028 0.044 0.008 0.807 0.022 0.042 0.007 
451   ZFOS17    (0)   15 :  0.006 0.006 0.007 0.005 0.005 0.005 0.004 0.005 0.937 0.005 0.005 0.009 
452   ZFOS18    (0)   15 :  0.005 0.007 0.004 0.002 0.008 0.008 0.005 0.009 0.926 0.011 0.007 0.010 
453   ZFOS19    (0)   15 :  0.004 0.003 0.008 0.004 0.005 0.004 0.003 0.005 0.952 0.004 0.004 0.004 
454   ZFOS20    (0)   15 :  0.010 0.004 0.003 0.005 0.005 0.007 0.006 0.005 0.938 0.007 0.005 0.005 
455   ZFOS21    (0)   15 :  0.006 0.007 0.004 0.006 0.011 0.008 0.018 0.004 0.893 0.010 0.028 0.005 
456   ZFOS22    (0)   15 :  0.003 0.005 0.012 0.008 0.013 0.005 0.007 0.006 0.922 0.006 0.010 0.003 
457   ZFOS23    (0)   15 :  0.244 0.010 0.008 0.002 0.005 0.035 0.003 0.011 0.668 0.005 0.003 0.005 
458   ZFOS24    (0)   15 :  0.004 0.004 0.004 0.003 0.013 0.005 0.003 0.006 0.942 0.008 0.005 0.004 
459   ZFOS25    (0)   15 :  0.010 0.005 0.029 0.018 0.010 0.018 0.014 0.010 0.424 0.066 0.381 0.016 
460   ZFOS26    (0)   15 :  0.010 0.005 0.008 0.006 0.016 0.025 0.115 0.010 0.368 0.029 0.394 0.014 
461   ZFOS27    (0)   15 :  0.010 0.008 0.004 0.008 0.019 0.005 0.026 0.005 0.867 0.019 0.022 0.006 
462   ZFOS28    (0)   15 :  0.013 0.013 0.007 0.004 0.008 0.011 0.009 0.009 0.887 0.010 0.014 0.016 
463   ZFOS29    (0)   15 :  0.019 0.011 0.004 0.009 0.010 0.009 0.008 0.005 0.899 0.012 0.010 0.005 
464   ZFOS30    (0)   15 :  0.006 0.005 0.009 0.009 0.012 0.007 0.011 0.003 0.919 0.003 0.012 0.005 
465   ZFOS31    (0)   15 :  0.041 0.006 0.220 0.036 0.076 0.034 0.029 0.005 0.476 0.009 0.065 0.004 
466   ZFOS32    (0)   15 :  0.008 0.004 0.004 0.007 0.003 0.019 0.014 0.004 0.907 0.007 0.017 0.007 
467   ZFPB01    (0)   16 :  0.004 0.957 0.004 0.003 0.005 0.003 0.002 0.008 0.003 0.004 0.003 0.004 
468   ZFPB02    (0)   16 :  0.003 0.943 0.006 0.013 0.003 0.004 0.005 0.007 0.004 0.004 0.006 0.002 
469   ZFPB03    (0)   16 :  0.005 0.926 0.002 0.004 0.012 0.004 0.007 0.005 0.008 0.018 0.008 0.003 
470   ZFPB05    (0)   16 :  0.002 0.965 0.003 0.004 0.003 0.002 0.003 0.004 0.003 0.003 0.004 0.002 
471   ZFPB06    (0)   16 :  0.004 0.953 0.002 0.002 0.008 0.003 0.003 0.007 0.006 0.004 0.003 0.004 
472   ZFPB07    (0)   16 :  0.003 0.958 0.004 0.006 0.003 0.003 0.006 0.005 0.004 0.002 0.005 0.002 
473   ZFPB08    (0)   16 :  0.004 0.939 0.003 0.006 0.007 0.004 0.007 0.008 0.009 0.005 0.005 0.003 
474   ZFPB10    (0)   16 :  0.005 0.951 0.004 0.002 0.005 0.004 0.003 0.007 0.003 0.008 0.005 0.003 
475   ZFPB11    (0)   16 :  0.003 0.958 0.006 0.004 0.004 0.004 0.003 0.006 0.005 0.002 0.003 0.003 
476   ZFPB12    (0)   16 :  0.003 0.956 0.005 0.004 0.005 0.003 0.003 0.009 0.004 0.003 0.003 0.003 
477   ZFPB13    (0)   16 :  0.004 0.961 0.003 0.004 0.003 0.003 0.004 0.005 0.003 0.004 0.004 0.003 
478   ZFPB14    (0)   16 :  0.003 0.957 0.004 0.006 0.003 0.003 0.006 0.004 0.004 0.002 0.005 0.002 
479   ZFPB15    (0)   16 :  0.003 0.950 0.003 0.007 0.004 0.004 0.008 0.005 0.006 0.003 0.005 0.002 
480   ZFPB17    (0)   16 :  0.003 0.962 0.004 0.002 0.004 0.003 0.003 0.006 0.004 0.003 0.003 0.003 
481   ZFPB18    (0)   16 :  0.002 0.965 0.004 0.004 0.003 0.003 0.003 0.004 0.004 0.002 0.004 0.002 
482   ZFPB19    (0)   16 :  0.004 0.946 0.003 0.003 0.008 0.004 0.006 0.006 0.007 0.005 0.004 0.004 
483   ZFPB20    (0)   16 :  0.003 0.972 0.002 0.002 0.003 0.002 0.002 0.004 0.002 0.002 0.003 0.002 
484   ZFPB21    (0)   16 :  0.003 0.958 0.002 0.004 0.004 0.003 0.007 0.004 0.004 0.004 0.004 0.002 
485   ZFPB22    (0)   16 :  0.003 0.967 0.003 0.002 0.004 0.003 0.002 0.005 0.003 0.003 0.002 0.003 
486   ZFPB23    (0)   16 :  0.004 0.958 0.004 0.003 0.004 0.004 0.004 0.006 0.004 0.003 0.004 0.003 
487   ZFSF01    (0)   17 :  0.696 0.003 0.145 0.002 0.004 0.033 0.004 0.065 0.007 0.005 0.005 0.030 
488   ZFSF02    (0)   17 :  0.429 0.006 0.385 0.005 0.006 0.083 0.016 0.025 0.010 0.006 0.018 0.009 
489   ZFSF03    (0)   17 :  0.222 0.010 0.060 0.003 0.005 0.617 0.005 0.055 0.004 0.003 0.005 0.012 
490   ZFSF04    (0)   17 :  0.593 0.006 0.038 0.010 0.038 0.247 0.014 0.005 0.010 0.004 0.010 0.025 
491  ZFSW101    (0)   18 :  0.029 0.007 0.007 0.006 0.010 0.759 0.066 0.006 0.004 0.005 0.012 0.090 
492  ZFSW102    (0)   18 :  0.057 0.012 0.012 0.005 0.034 0.723 0.010 0.006 0.010 0.003 0.005 0.121 
493  ZFSW103    (0)   18 :  0.055 0.005 0.010 0.013 0.017 0.193 0.034 0.009 0.007 0.012 0.035 0.611 
494  ZFSW104    (9)   18 :  0.451 0.006 0.018 0.011 0.010 0.442 0.012 0.007 0.011 0.003 0.011 0.018 
495  ZFSW105    (0)   18 :  0.086 0.004 0.006 0.008 0.007 0.711 0.080 0.004 0.009 0.005 0.007 0.072 
496  ZFSW106    (0)   18 :  0.024 0.015 0.012 0.020 0.004 0.718 0.015 0.023 0.009 0.016 0.010 0.134 
497  ZFSW107    (0)   18 :  0.037 0.084 0.009 0.007 0.044 0.263 0.014 0.007 0.007 0.003 0.006 0.520 
498  ZFSW108    (0)   18 :  0.047 0.014 0.005 0.003 0.005 0.022 0.003 0.011 0.006 0.003 0.003 0.881 
499  ZFSW109    (0)   18 :  0.022 0.010 0.004 0.007 0.003 0.112 0.005 0.004 0.009 0.006 0.005 0.812 
500  ZFSW110    (0)   18 :  0.014 0.011 0.007 0.007 0.010 0.769 0.014 0.006 0.005 0.006 0.008 0.141 
501  ZFSW111    (0)   18 :  0.010 0.010 0.005 0.008 0.008 0.805 0.060 0.004 0.010 0.003 0.007 0.069 
502  ZFSW112    (0)   18 :  0.020 0.005 0.005 0.010 0.007 0.045 0.058 0.006 0.038 0.006 0.013 0.786 
503  ZFSW113    (0)   18 :  0.078 0.003 0.017 0.004 0.006 0.807 0.023 0.008 0.007 0.005 0.022 0.019 
504  ZFSW114    (0)   18 :  0.019 0.006 0.012 0.011 0.006 0.194 0.020 0.005 0.011 0.004 0.011 0.701 
505  ZFSW115    (0)   18 :  0.012 0.003 0.006 0.003 0.005 0.904 0.006 0.006 0.006 0.003 0.004 0.042 
506  ZFSW116    (0)   18 :  0.058 0.024 0.021 0.009 0.022 0.732 0.056 0.010 0.008 0.006 0.012 0.042 
507  ZFSW117    (0)   18 :  0.019 0.012 0.014 0.010 0.008 0.841 0.022 0.008 0.007 0.007 0.011 0.040 
508  ZFSW119    (0)   18 :  0.081 0.005 0.019 0.003 0.009 0.412 0.003 0.006 0.018 0.003 0.003 0.438 
509  ZFSW120    (0)   18 :  0.360 0.019 0.009 0.002 0.005 0.530 0.002 0.007 0.005 0.002 0.002 0.055 
510  ZFSW121    (0)   18 :  0.015 0.006 0.010 0.004 0.005 0.923 0.004 0.004 0.005 0.002 0.003 0.019 
511  ZFSW122    (0)   18 :  0.564 0.010 0.004 0.015 0.005 0.324 0.012 0.005 0.006 0.014 0.012 0.029 
512  ZFSW123    (0)   18 :  0.400 0.019 0.003 0.003 0.004 0.129 0.007 0.010 0.007 0.003 0.003 0.414 
513  ZFSW124    (0)   18 :  0.878 0.005 0.005 0.003 0.007 0.055 0.005 0.006 0.010 0.003 0.003 0.021 
514  ZFSW201    (0)   19 :  0.201 0.020 0.006 0.003 0.007 0.006 0.003 0.011 0.005 0.005 0.003 0.731 
515  ZFSW202    (0)   19 :  0.013 0.006 0.010 0.003 0.007 0.011 0.003 0.004 0.005 0.003 0.003 0.932 
516  ZFSW203    (0)   19 :  0.023 0.012 0.005 0.003 0.005 0.010 0.003 0.007 0.008 0.003 0.002 0.918 
517  ZFSW204    (0)   19 :  0.008 0.011 0.005 0.002 0.016 0.007 0.003 0.007 0.007 0.003 0.003 0.925 
518  ZFSW205    (0)   19 :  0.011 0.003 0.004 0.002 0.003 0.005 0.004 0.004 0.004 0.004 0.005 0.951 
519  ZFSW206    (0)   19 :  0.004 0.003 0.004 0.002 0.003 0.004 0.003 0.005 0.003 0.003 0.003 0.963 
520  ZFSW207    (0)   19 :  0.013 0.004 0.004 0.006 0.006 0.009 0.006 0.006 0.004 0.008 0.006 0.929 
521  ZFSW208    (0)   19 :  0.005 0.005 0.006 0.003 0.004 0.005 0.003 0.005 0.003 0.004 0.003 0.953 
522  ZFSW209    (0)   19 :  0.006 0.004 0.005 0.009 0.003 0.032 0.003 0.061 0.003 0.003 0.003 0.867 
523  ZFSW210    (0)   19 :  0.005 0.003 0.006 0.008 0.005 0.006 0.008 0.005 0.004 0.019 0.011 0.922 
524  ZFSW211    (0)   19 :  0.005 0.003 0.006 0.002 0.004 0.004 0.004 0.007 0.003 0.006 0.005 0.949 
525  ZFSW212    (0)   19 :  0.005 0.003 0.004 0.002 0.004 0.003 0.004 0.004 0.004 0.005 0.004 0.958 
526  ZFSW213    (0)   19 :  0.005 0.003 0.004 0.002 0.004 0.004 0.003 0.003 0.005 0.003 0.003 0.961 
527  ZFSW214    (0)   19 :  0.004 0.003 0.005 0.002 0.003 0.005 0.004 0.003 0.006 0.003 0.003 0.957 
528  ZFSW215    (0)   19 :  0.010 0.004 0.004 0.003 0.002 0.009 0.004 0.005 0.005 0.002 0.003 0.949 
529  ZFSW216    (0)   19 :  0.005 0.003 0.004 0.002 0.004 0.004 0.004 0.004 0.003 0.004 0.005 0.956 
530  ZFSW217    (0)   19 :  0.010 0.004 0.005 0.003 0.003 0.006 0.003 0.004 0.006 0.003 0.003 0.950 
531  ZFSW218    (0)   19 :  0.005 0.003 0.004 0.002 0.003 0.003 0.003 0.003 0.004 0.003 0.003 0.963 
532  ZFSW219    (0)   19 :  0.005 0.006 0.007 0.003 0.021 0.009 0.004 0.015 0.007 0.004 0.004 0.914 
533  ZFSW220    (0)   19 :  0.005 0.013 0.005 0.003 0.007 0.007 0.003 0.012 0.004 0.003 0.003 0.937 
534  ZFSW221    (0)   19 :  0.006 0.003 0.006 0.003 0.005 0.004 0.004 0.006 0.004 0.005 0.005 0.950 
535  ZFSW222    (0)   19 :  0.009 0.004 0.006 0.002 0.003 0.009 0.002 0.004 0.003 0.003 0.002 0.955 
536  ZFSW223    (0)   19 :  0.004 0.009 0.005 0.003 0.005 0.005 0.003 0.010 0.005 0.003 0.002 0.944 
537  ZFSW224    (0)   19 :  0.005 0.003 0.006 0.003 0.004 0.004 0.004 0.006 0.004 0.005 0.003 0.954 
538  ZFSW225    (0)   19 :  0.011 0.005 0.005 0.002 0.004 0.004 0.003 0.007 0.004 0.005 0.004 0.946 
539  ZFSW226    (0)   19 :  0.050 0.015 0.004 0.010 0.003 0.011 0.016 0.007 0.005 0.009 0.007 0.864 
540  ZFSW227    (0)   19 :  0.006 0.003 0.004 0.002 0.003 0.004 0.003 0.004 0.004 0.004 0.003 0.960 
541  ZFSW229    (0)   19 :  0.006 0.003 0.004 0.002 0.003 0.004 0.003 0.005 0.003 0.004 0.003 0.960 
542  ZFSW230    (0)   19 :  0.011 0.009 0.004 0.005 0.004 0.005 0.024 0.005 0.009 0.004 0.017 0.904 
543  ZFSW231    (0)   19 :  0.006 0.004 0.005 0.002 0.004 0.004 0.003 0.006 0.003 0.004 0.004 0.955 
544  ZFSW232    (0)   19 :  0.020 0.004 0.011 0.003 0.003 0.015 0.004 0.004 0.003 0.004 0.004 0.926 
545  ZFSW233    (0)   19 :  0.007 0.015 0.013 0.008 0.009 0.047 0.013 0.016 0.005 0.004 0.009 0.855 
546  ZFSW234    (0)   19 :  0.006 0.005 0.003 0.002 0.003 0.004 0.002 0.004 0.003 0.003 0.002 0.962 
547  ZFSW235    (0)   19 :  0.006 0.005 0.006 0.003 0.009 0.004 0.004 0.004 0.006 0.004 0.004 0.944 
548  ZFSW236    (0)   19 :  0.005 0.003 0.004 0.002 0.003 0.003 0.003 0.003 0.004 0.003 0.003 0.964 
549  ZFSW237    (0)   19 :  0.010 0.004 0.007 0.003 0.007 0.007 0.004 0.005 0.011 0.003 0.003 0.938 
550  ZFSW238    (0)   19 :  0.013 0.011 0.081 0.020 0.026 0.043 0.007 0.035 0.046 0.002 0.008 0.707 
551  ZFSW239    (0)   19 :  0.022 0.022 0.003 0.004 0.003 0.007 0.018 0.004 0.006 0.004 0.014 0.893 
552  ZFSW240    (0)   19 :  0.011 0.007 0.004 0.002 0.005 0.005 0.002 0.004 0.004 0.003 0.003 0.950 
553   ZFTS01    (0)   20 :  0.008 0.938 0.003 0.003 0.005 0.014 0.006 0.009 0.003 0.003 0.005 0.004 
554   ZFTS02    (0)   20 :  0.012 0.883 0.020 0.008 0.022 0.013 0.008 0.005 0.005 0.004 0.006 0.015 
555   ZFTS03    (0)   20 :  0.015 0.898 0.013 0.005 0.012 0.012 0.006 0.005 0.005 0.003 0.004 0.020 
556   ZFTS04    (0)   20 :  0.007 0.946 0.006 0.004 0.006 0.007 0.004 0.004 0.004 0.002 0.003 0.007 
557   ZFTS05    (0)   20 :  0.009 0.882 0.011 0.004 0.040 0.010 0.006 0.011 0.005 0.004 0.005 0.014 
558   ZFTS07    (0)   20 :  0.011 0.938 0.006 0.003 0.007 0.006 0.003 0.009 0.004 0.003 0.003 0.008 
559   ZFTS08    (0)   20 :  0.022 0.903 0.009 0.003 0.005 0.011 0.003 0.007 0.007 0.003 0.003 0.024 
560   ZFTS09    (0)   20 :  0.012 0.901 0.007 0.002 0.003 0.015 0.003 0.016 0.003 0.003 0.004 0.030 
561   ZFTS10    (0)   20 :  0.168 0.695 0.012 0.003 0.048 0.014 0.005 0.012 0.004 0.004 0.006 0.028 
562   ZFTS11    (0)   20 :  0.011 0.903 0.006 0.003 0.006 0.023 0.004 0.016 0.004 0.004 0.005 0.015 
563   ZFTS12    (0)   20 :  0.006 0.939 0.007 0.005 0.006 0.005 0.004 0.005 0.007 0.004 0.003 0.008 
564   ZFTS14    (0)   20 :  0.005 0.943 0.010 0.005 0.004 0.005 0.004 0.005 0.004 0.003 0.004 0.008 
565   ZFTS15    (0)   20 :  0.009 0.908 0.008 0.003 0.013 0.020 0.006 0.012 0.003 0.004 0.006 0.008 
566   ZFTS16    (0)   20 :  0.288 0.570 0.006 0.005 0.055 0.022 0.009 0.012 0.005 0.006 0.008 0.015 
567   ZFTS17    (9)   20 :  0.026 0.822 0.011 0.003 0.011 0.012 0.007 0.020 0.006 0.017 0.014 0.051 
568   ZFTS18    (0)   20 :  0.019 0.902 0.008 0.004 0.008 0.008 0.004 0.006 0.006 0.003 0.003 0.029 
569   ZFTS19    (9)   20 :  0.385 0.267 0.006 0.003 0.008 0.009 0.003 0.008 0.005 0.004 0.003 0.299 
570   ZFTS20    (0)   20 :  0.020 0.853 0.014 0.004 0.008 0.009 0.004 0.010 0.010 0.004 0.004 0.061 
571   ZFTS21    (0)   20 :  0.011 0.938 0.006 0.003 0.004 0.008 0.003 0.007 0.004 0.003 0.003 0.010 
572   ZFTS22    (0)   20 :  0.016 0.917 0.007 0.003 0.004 0.009 0.003 0.010 0.006 0.004 0.003 0.019 
573   ZFTS23    (0)   20 :  0.007 0.925 0.009 0.006 0.012 0.006 0.006 0.004 0.007 0.003 0.005 0.009 
574   ZFTS24    (0)   20 :  0.012 0.924 0.006 0.004 0.009 0.006 0.004 0.005 0.008 0.003 0.003 0.015 
575   ZFTS25    (0)   20 :  0.047 0.774 0.016 0.003 0.007 0.049 0.009 0.031 0.003 0.007 0.012 0.042 
576   ZFTS26    (0)   20 :  0.253 0.283 0.005 0.002 0.004 0.009 0.003 0.005 0.004 0.003 0.003 0.426 
577   ZFTS27    (0)   20 :  0.021 0.883 0.011 0.004 0.021 0.014 0.009 0.008 0.005 0.003 0.006 0.017 
578   ZFTS28    (0)   20 :  0.025 0.796 0.025 0.008 0.038 0.017 0.023 0.013 0.012 0.007 0.012 0.025 
579   ZFTS29    (0)   20 :  0.075 0.792 0.009 0.002 0.014 0.010 0.002 0.028 0.005 0.003 0.002 0.059 
580   ZFTS30    (0)   20 :  0.056 0.829 0.011 0.002 0.021 0.016 0.003 0.020 0.004 0.003 0.003 0.032 
581   ZFTS31    (0)   20 :  0.009 0.903 0.006 0.004 0.038 0.007 0.005 0.006 0.005 0.003 0.004 0.010 
582   ZFTS32    (0)   20 :  0.017 0.847 0.008 0.003 0.016 0.039 0.007 0.024 0.005 0.004 0.007 0.022 
583   ZFTS33    (0)   20 :  0.011 0.836 0.020 0.004 0.012 0.024 0.009 0.017 0.005 0.006 0.010 0.045 
584   ZFTS34    (0)   20 :  0.015 0.918 0.008 0.006 0.004 0.010 0.008 0.004 0.004 0.003 0.004 0.015 
585   ZFTS35    (0)   20 :  0.091 0.736 0.026 0.005 0.037 0.033 0.006 0.012 0.006 0.003 0.004 0.042 
586   ZFTS36    (0)   20 :  0.007 0.940 0.007 0.005 0.005 0.006 0.004 0.005 0.004 0.003 0.003 0.010 
587   ZFTS37    (0)   20 :  0.097 0.649 0.022 0.004 0.046 0.024 0.006 0.009 0.006 0.003 0.005 0.129 
588   ZFTS38    (0)   20 :  0.102 0.664 0.022 0.003 0.059 0.045 0.005 0.021 0.006 0.004 0.004 0.065 
589   ZFTS39    (0)   20 :  0.022 0.903 0.007 0.005 0.004 0.010 0.005 0.007 0.007 0.005 0.004 0.020 
590   ZFTS40    (0)   20 :  0.035 0.694 0.024 0.008 0.151 0.027 0.016 0.014 0.006 0.005 0.011 0.010 
591 ZFTSP101    (0)   21 :  0.004 0.003 0.005 0.009 0.008 0.006 0.264 0.004 0.011 0.179 0.504 0.003 
592 ZFTSP102    (0)   21 :  0.005 0.003 0.022 0.006 0.019 0.006 0.014 0.005 0.008 0.841 0.063 0.008 
593 ZFTSP103    (0)   21 :  0.004 0.002 0.018 0.017 0.005 0.011 0.022 0.005 0.059 0.603 0.249 0.005 
594 ZFTSP104    (0)   21 :  0.002 0.002 0.006 0.008 0.004 0.003 0.006 0.003 0.003 0.005 0.955 0.003 
595 ZFTSP105    (0)   21 :  0.004 0.003 0.013 0.006 0.004 0.003 0.009 0.003 0.010 0.136 0.804 0.004 
596 ZFTSP106    (0)   21 :  0.005 0.005 0.016 0.273 0.006 0.011 0.356 0.010 0.007 0.017 0.292 0.004 
597 ZFTSP107    (0)   21 :  0.003 0.003 0.017 0.009 0.004 0.004 0.006 0.005 0.008 0.029 0.910 0.003 
598 ZFTSP108    (0)   21 :  0.003 0.005 0.029 0.538 0.007 0.008 0.020 0.017 0.010 0.085 0.274 0.003 
599 ZFTSP109    (0)   21 :  0.003 0.003 0.043 0.020 0.005 0.006 0.010 0.006 0.007 0.005 0.889 0.004 
600 ZFTSP110    (0)   21 :  0.003 0.003 0.007 0.007 0.004 0.005 0.064 0.005 0.007 0.012 0.880 0.003 
601 ZFTSP111    (0)   21 :  0.003 0.003 0.004 0.004 0.006 0.003 0.034 0.004 0.005 0.033 0.898 0.003 
602 ZFTSP112    (0)   21 :  0.004 0.006 0.009 0.006 0.025 0.005 0.018 0.006 0.012 0.025 0.881 0.004 
603 ZFTSP113    (0)   21 :  0.003 0.003 0.018 0.011 0.006 0.005 0.011 0.006 0.007 0.009 0.917 0.004 
604 ZFTSP114    (0)   21 :  0.002 0.003 0.005 0.006 0.004 0.003 0.006 0.003 0.006 0.036 0.922 0.002 
605 ZFTSP115    (0)   21 :  0.003 0.006 0.016 0.019 0.013 0.006 0.028 0.005 0.014 0.013 0.873 0.004 
606 ZFTSP116    (0)   21 :  0.003 0.003 0.009 0.006 0.013 0.004 0.036 0.006 0.006 0.081 0.831 0.004 
607 ZFTSP117    (0)   21 :  0.003 0.003 0.003 0.005 0.004 0.003 0.007 0.003 0.003 0.016 0.947 0.003 
608 ZFTSP118    (0)   21 :  0.005 0.002 0.005 0.004 0.004 0.004 0.006 0.003 0.005 0.097 0.860 0.004 
609 ZFTSP119    (0)   21 :  0.035 0.009 0.036 0.519 0.005 0.018 0.019 0.014 0.005 0.058 0.261 0.021 
610 ZFTSP120    (0)   21 :  0.007 0.003 0.003 0.004 0.004 0.004 0.050 0.003 0.005 0.079 0.837 0.003 
611 ZFTSP121    (0)   21 :  0.011 0.017 0.013 0.027 0.005 0.011 0.007 0.052 0.004 0.668 0.178 0.007 
612 ZFTSP122    (0)   21 :  0.003 0.002 0.006 0.032 0.007 0.003 0.024 0.004 0.012 0.088 0.817 0.003 
613 ZFTSP123    (0)   21 :  0.002 0.003 0.005 0.010 0.003 0.003 0.010 0.003 0.003 0.006 0.950 0.002 
614 ZFTSP124    (0)   21 :  0.002 0.003 0.006 0.013 0.004 0.004 0.025 0.003 0.006 0.005 0.927 0.002 
615 ZFTSP125    (0)   21 :  0.002 0.003 0.007 0.054 0.003 0.003 0.009 0.003 0.004 0.010 0.898 0.002 
616 ZFTSP126    (0)   21 :  0.003 0.004 0.013 0.015 0.005 0.004 0.025 0.005 0.005 0.017 0.901 0.004 
617 ZFTSP127    (0)   21 :  0.002 0.003 0.008 0.015 0.004 0.003 0.010 0.003 0.005 0.007 0.938 0.002 
618 ZFTSP128    (0)   21 :  0.003 0.003 0.005 0.007 0.003 0.004 0.011 0.005 0.006 0.033 0.917 0.003 
619 ZFTSP129    (0)   21 :  0.003 0.002 0.004 0.010 0.005 0.004 0.033 0.003 0.011 0.009 0.913 0.003 
620 ZFTSP130    (0)   21 :  0.002 0.003 0.006 0.010 0.003 0.002 0.005 0.003 0.004 0.013 0.947 0.002 
621 ZFTSP131    (0)   21 :  0.003 0.002 0.004 0.006 0.003 0.003 0.012 0.002 0.004 0.009 0.950 0.002 
622 ZFTSP132    (0)   21 :  0.004 0.003 0.005 0.009 0.019 0.004 0.031 0.005 0.007 0.081 0.828 0.005 
623 ZFTSP133    (0)   21 :  0.004 0.003 0.005 0.293 0.004 0.004 0.034 0.003 0.020 0.027 0.602 0.003 
624 ZFTSP134    (0)   21 :  0.002 0.003 0.005 0.046 0.007 0.003 0.011 0.004 0.010 0.040 0.865 0.003 
625 ZFTSP135    (0)   21 :  0.004 0.002 0.005 0.005 0.003 0.003 0.014 0.003 0.004 0.031 0.923 0.003 
626 ZFTSP136    (0)   21 :  0.005 0.003 0.005 0.010 0.003 0.003 0.057 0.003 0.004 0.105 0.799 0.004 
627 ZFTSP137    (0)   21 :  0.011 0.034 0.026 0.041 0.005 0.013 0.081 0.026 0.010 0.169 0.578 0.006 
628 ZFTSP138    (0)   21 :  0.003 0.004 0.006 0.007 0.006 0.004 0.079 0.004 0.006 0.038 0.838 0.003 
629 ZFTSP139    (0)   21 :  0.003 0.003 0.004 0.032 0.003 0.003 0.054 0.003 0.004 0.024 0.865 0.002 
630 ZFTSP140    (0)   21 :  0.005 0.010 0.029 0.009 0.021 0.006 0.034 0.008 0.013 0.022 0.838 0.004 
631 ZFTSP141    (0)   21 :  0.005 0.007 0.030 0.122 0.032 0.008 0.037 0.006 0.014 0.550 0.185 0.005 
632 ZFTSP142    (0)   21 :  0.004 0.002 0.011 0.008 0.005 0.006 0.034 0.006 0.006 0.347 0.565 0.005 
633 ZFTSP143    (0)   21 :  0.004 0.002 0.006 0.011 0.005 0.004 0.023 0.003 0.008 0.021 0.908 0.004 
634 ZFTSP144    (0)   21 :  0.006 0.003 0.007 0.005 0.008 0.004 0.019 0.004 0.008 0.061 0.868 0.007 
635 ZFTSP145    (0)   21 :  0.003 0.003 0.007 0.026 0.006 0.004 0.025 0.003 0.008 0.469 0.442 0.003 
636 ZFTSP201    (9)   22 :  0.003 0.005 0.013 0.083 0.043 0.005 0.608 0.007 0.023 0.018 0.187 0.004 
637 ZFTSP202    (0)   22 :  0.005 0.026 0.005 0.196 0.186 0.003 0.090 0.011 0.018 0.305 0.152 0.003 
638 ZFTSP203    (0)   22 :  0.004 0.003 0.004 0.008 0.018 0.004 0.628 0.005 0.009 0.058 0.255 0.005 
639 ZFTSP204    (0)   22 :  0.004 0.003 0.003 0.007 0.006 0.004 0.271 0.004 0.016 0.129 0.547 0.007 
640 ZFTSP205    (0)   22 :  0.005 0.009 0.004 0.009 0.047 0.005 0.490 0.010 0.041 0.204 0.167 0.009 
641 ZFTSP206    (0)   22 :  0.005 0.004 0.007 0.021 0.022 0.008 0.804 0.004 0.034 0.020 0.063 0.008 
642 ZFTSP207    (0)   22 :  0.004 0.002 0.005 0.004 0.004 0.007 0.920 0.004 0.004 0.005 0.033 0.007 
643 ZFTSP208    (0)   22 :  0.009 0.003 0.005 0.004 0.007 0.006 0.887 0.005 0.004 0.041 0.022 0.008 
644 ZFTSP209    (0)   22 :  0.004 0.003 0.008 0.018 0.007 0.004 0.098 0.003 0.012 0.025 0.814 0.004 
645 ZFTSP210    (0)   22 :  0.004 0.003 0.004 0.011 0.007 0.004 0.366 0.005 0.004 0.009 0.580 0.005 
646 ZFTSP211    (0)   22 :  0.006 0.015 0.004 0.004 0.034 0.004 0.030 0.011 0.011 0.015 0.863 0.004 
647 ZFTSP212    (0)   22 :  0.002 0.002 0.004 0.034 0.003 0.006 0.283 0.003 0.010 0.039 0.606 0.008 
648 ZFTSP213    (0)   22 :  0.002 0.004 0.006 0.006 0.003 0.004 0.028 0.006 0.003 0.016 0.919 0.002 
649 ZFTSP214    (0)   22 :  0.004 0.002 0.019 0.029 0.005 0.015 0.028 0.006 0.039 0.556 0.294 0.004 
650 ZFTSP215    (0)   22 :  0.004 0.003 0.004 0.004 0.007 0.004 0.309 0.004 0.006 0.596 0.057 0.004 
651 ZFTSP216    (0)   22 :  0.019 0.056 0.005 0.008 0.032 0.014 0.083 0.052 0.013 0.147 0.566 0.006 
652 ZFTSP217    (0)   22 :  0.003 0.003 0.006 0.009 0.004 0.004 0.025 0.005 0.003 0.007 0.929 0.003 
653 ZFTSP218    (0)   22 :  0.004 0.003 0.010 0.009 0.004 0.006 0.226 0.004 0.005 0.022 0.702 0.003 
654 ZFTSP219    (0)   22 :  0.008 0.006 0.025 0.014 0.022 0.011 0.153 0.005 0.018 0.034 0.696 0.008 
655 ZFTSP220    (0)   22 :  0.010 0.039 0.010 0.040 0.011 0.011 0.387 0.025 0.015 0.186 0.260 0.005 
656 ZFTSP221    (0)   22 :  0.004 0.005 0.013 0.052 0.028 0.005 0.568 0.011 0.008 0.191 0.111 0.005 
657 ZFTSP222    (0)   22 :  0.006 0.071 0.011 0.017 0.030 0.010 0.203 0.129 0.005 0.007 0.507 0.004 
658 ZFTSP223    (0)   22 :  0.002 0.003 0.004 0.004 0.002 0.003 0.010 0.003 0.003 0.031 0.934 0.002 
659 ZFTSP224    (0)   22 :  0.002 0.003 0.004 0.019 0.006 0.003 0.008 0.004 0.006 0.250 0.693 0.002 
660 ZFTSP225    (0)   22 :  0.004 0.002 0.006 0.048 0.004 0.003 0.071 0.004 0.004 0.106 0.744 0.004 
661 ZFTSP226    (0)   22 :  0.003 0.002 0.006 0.010 0.005 0.003 0.007 0.004 0.005 0.103 0.848 0.003 
662 ZFTSP227    (0)   22 :  0.004 0.014 0.006 0.017 0.023 0.005 0.625 0.017 0.010 0.005 0.269 0.003 
663 ZFTSP228    (0)   22 :  0.006 0.011 0.006 0.007 0.096 0.004 0.085 0.013 0.016 0.096 0.655 0.004 
664    ZFW01    (0)   23 :  0.191 0.004 0.005 0.005 0.002 0.063 0.014 0.004 0.006 0.005 0.009 0.692 
665    ZFW02    (0)   23 :  0.028 0.005 0.006 0.003 0.003 0.040 0.005 0.004 0.006 0.003 0.003 0.894 
666    ZFW03    (0)   23 :  0.175 0.003 0.005 0.002 0.003 0.036 0.004 0.006 0.003 0.015 0.007 0.739 
667    ZFW04    (0)   23 :  0.472 0.009 0.006 0.002 0.004 0.018 0.005 0.006 0.011 0.003 0.004 0.460 
668    ZFW05    (0)   23 :  0.690 0.004 0.013 0.020 0.006 0.108 0.004 0.095 0.013 0.018 0.007 0.022 
669    ZFW06    (0)   23 :  0.545 0.024 0.005 0.002 0.008 0.021 0.006 0.036 0.009 0.003 0.005 0.336 
670   ZFWB01    (0)   24 :  0.005 0.006 0.926 0.007 0.016 0.006 0.006 0.005 0.005 0.006 0.006 0.007 
671   ZFWB02    (0)   24 :  0.165 0.004 0.553 0.004 0.006 0.070 0.010 0.099 0.007 0.021 0.018 0.044 
672   ZFWB03    (0)   24 :  0.006 0.002 0.956 0.004 0.003 0.004 0.004 0.004 0.005 0.004 0.005 0.005 
673   ZFWB05    (0)   24 :  0.044 0.032 0.611 0.052 0.007 0.180 0.020 0.008 0.005 0.010 0.019 0.012 
674   ZFWB06    (0)   24 :  0.009 0.005 0.915 0.005 0.012 0.007 0.007 0.006 0.005 0.009 0.006 0.014 
675   ZFWB07    (0)   24 :  0.004 0.006 0.932 0.008 0.005 0.010 0.004 0.011 0.006 0.004 0.004 0.005 
676   ZFWB10    (0)   24 :  0.023 0.027 0.796 0.048 0.008 0.038 0.009 0.007 0.004 0.009 0.013 0.017 
677   ZFWB11    (0)   24 :  0.004 0.009 0.945 0.005 0.007 0.005 0.003 0.007 0.004 0.003 0.004 0.004 
678   ZFWB12    (0)   24 :  0.018 0.002 0.899 0.004 0.003 0.005 0.004 0.004 0.005 0.033 0.016 0.005 
679   ZFWB13    (9)   24 :  0.007 0.005 0.721 0.044 0.011 0.019 0.018 0.006 0.020 0.106 0.041 0.004 
680   ZFWB14    (0)   24 :  0.004 0.003 0.946 0.006 0.006 0.005 0.005 0.004 0.004 0.004 0.007 0.005 
681   ZFWB15    (9)   24 :  0.009 0.005 0.925 0.008 0.005 0.014 0.006 0.007 0.005 0.004 0.006 0.007 
682   ZFWB18    (0)   24 :  0.003 0.003 0.954 0.005 0.006 0.004 0.004 0.004 0.004 0.004 0.006 0.003 
683   ZFWB19    (0)   24 :  0.011 0.005 0.932 0.003 0.005 0.014 0.003 0.011 0.004 0.003 0.003 0.005 
684   ZFWB20    (0)   24 :  0.005 0.004 0.943 0.003 0.007 0.009 0.004 0.006 0.003 0.005 0.006 0.005 
685   ZFWB21    (0)   24 :  0.004 0.004 0.935 0.004 0.011 0.007 0.006 0.008 0.007 0.004 0.005 0.005 
686   ZFWB22    (0)   24 :  0.032 0.005 0.813 0.003 0.010 0.019 0.008 0.008 0.004 0.048 0.042 0.008 
687   ZFWB23    (0)   24 :  0.005 0.007 0.678 0.090 0.030 0.047 0.027 0.007 0.012 0.051 0.040 0.007 
688   ZFWB24    (0)   24 :  0.007 0.003 0.945 0.006 0.010 0.005 0.004 0.004 0.003 0.004 0.006 0.002 
689   ZFWB25    (0)   24 :  0.010 0.007 0.922 0.004 0.014 0.008 0.005 0.006 0.004 0.004 0.006 0.010 
690   ZFWB26    (0)   24 :  0.007 0.004 0.923 0.002 0.005 0.007 0.005 0.009 0.003 0.009 0.010 0.015 
691   ZFWB27    (0)   24 :  0.004 0.004 0.908 0.003 0.007 0.006 0.006 0.026 0.004 0.010 0.006 0.016 
692   ZFWB29    (0)   24 :  0.070 0.006 0.857 0.005 0.010 0.020 0.004 0.008 0.006 0.003 0.004 0.007 
693   ZFWB30    (0)   24 :  0.008 0.007 0.907 0.005 0.024 0.017 0.004 0.010 0.008 0.003 0.004 0.003 
694   ZFWB31    (0)   24 :  0.002 0.003 0.955 0.004 0.005 0.004 0.004 0.005 0.004 0.005 0.006 0.004 
695   ZFWB32    (9)   24 :  0.014 0.013 0.875 0.004 0.004 0.019 0.005 0.017 0.010 0.004 0.004 0.030 
696   ZFWB35    (0)   24 :  0.002 0.002 0.959 0.003 0.004 0.003 0.003 0.005 0.004 0.004 0.005 0.004 
697   ZFWB36    (0)   24 :  0.005 0.003 0.933 0.004 0.007 0.004 0.004 0.010 0.005 0.009 0.006 0.011 
698   ZFWB37    (0)   24 :  0.005 0.003 0.940 0.003 0.004 0.004 0.005 0.006 0.004 0.009 0.008 0.008 
699   ZFWB38    (0)   24 :  0.005 0.003 0.945 0.004 0.004 0.005 0.004 0.006 0.003 0.004 0.007 0.011 
700   ZFWB39    (9)   24 :  0.003 0.004 0.945 0.005 0.010 0.004 0.004 0.005 0.005 0.005 0.005 0.004 
701   ZFWB40    (0)   24 :  0.004 0.007 0.932 0.006 0.010 0.010 0.004 0.007 0.008 0.003 0.005 0.004 
702   ZFWB41    (9)   24 :  0.006 0.005 0.928 0.007 0.005 0.010 0.006 0.008 0.006 0.005 0.007 0.006 
703   ZFWB42    (0)   24 :  0.003 0.002 0.960 0.005 0.004 0.004 0.004 0.003 0.004 0.004 0.004 0.003 
704   ZFWB43    (0)   24 :  0.002 0.003 0.957 0.003 0.003 0.003 0.003 0.008 0.003 0.004 0.004 0.005 
705   ZFWB44    (0)   24 :  0.013 0.005 0.291 0.003 0.004 0.008 0.005 0.266 0.005 0.007 0.006 0.388 
706   ZFWB46    (0)   24 :  0.006 0.004 0.928 0.004 0.021 0.007 0.003 0.010 0.005 0.003 0.004 0.006 
707   ZFWB47    (9)   24 :  0.017 0.007 0.862 0.005 0.004 0.018 0.005 0.018 0.007 0.004 0.006 0.047 
708   ZFWB48    (0)   24 :  0.006 0.005 0.763 0.106 0.051 0.009 0.004 0.037 0.007 0.004 0.005 0.004 
709   ZFWB49    (0)   24 :  0.005 0.005 0.701 0.075 0.011 0.009 0.025 0.020 0.006 0.004 0.136 0.005 
710    ZCF01    (0)   25 :  0.021 0.045 0.017 0.003 0.020 0.007 0.003 0.838 0.004 0.029 0.006 0.007 
711    ZCF02    (0)   25 :  0.248 0.021 0.065 0.004 0.006 0.022 0.003 0.608 0.004 0.004 0.004 0.011 
712    ZCF03    (0)   25 :  0.009 0.099 0.033 0.003 0.007 0.008 0.008 0.801 0.006 0.007 0.011 0.007 
713    ZCF04    (0)   25 :  0.006 0.019 0.003 0.005 0.005 0.005 0.007 0.934 0.005 0.003 0.006 0.003 
714    ZCF05    (0)   25 :  0.021 0.012 0.008 0.003 0.005 0.075 0.002 0.850 0.006 0.003 0.003 0.012 
715    ZCF06    (0)   25 :  0.004 0.013 0.006 0.007 0.026 0.013 0.006 0.847 0.051 0.010 0.012 0.004 
716    ZCF07    (0)   25 :  0.012 0.004 0.026 0.003 0.004 0.008 0.003 0.908 0.003 0.015 0.005 0.009 
717    ZCF08    (0)   25 :  0.021 0.007 0.027 0.007 0.006 0.006 0.004 0.901 0.005 0.008 0.005 0.004 
718    ZCF09    (0)   25 :  0.006 0.130 0.006 0.123 0.033 0.009 0.036 0.483 0.023 0.090 0.058 0.002 
719    ZCF10    (0)   25 :  0.009 0.010 0.024 0.012 0.014 0.007 0.008 0.854 0.006 0.017 0.025 0.016 
720    ZCF11    (0)   25 :  0.008 0.006 0.022 0.004 0.004 0.011 0.011 0.902 0.004 0.008 0.009 0.011 
721    ZCF12    (0)   25 :  0.007 0.027 0.004 0.006 0.016 0.008 0.004 0.916 0.004 0.002 0.003 0.004 
722    ZCF13    (0)   25 :  0.009 0.010 0.010 0.022 0.003 0.006 0.004 0.905 0.006 0.005 0.003 0.017 
723    ZCF14    (0)   25 :  0.014 0.017 0.006 0.010 0.173 0.358 0.021 0.365 0.007 0.007 0.011 0.011 
724    ZCF15    (0)   25 :  0.005 0.008 0.036 0.005 0.009 0.030 0.003 0.877 0.012 0.003 0.005 0.007 
725    ZCF16    (0)   25 :  0.004 0.009 0.010 0.004 0.015 0.008 0.003 0.924 0.005 0.008 0.005 0.007 
726    ZCF17    (0)   25 :  0.005 0.003 0.023 0.003 0.007 0.005 0.003 0.931 0.005 0.005 0.004 0.006 
727    ZCF18    (0)   25 :  0.009 0.027 0.010 0.012 0.006 0.030 0.005 0.867 0.008 0.003 0.004 0.019 
728    ZCF19    (0)   25 :  0.018 0.070 0.010 0.004 0.068 0.455 0.004 0.337 0.016 0.002 0.004 0.011 
729    ZCF20    (0)   25 :  0.013 0.007 0.019 0.005 0.006 0.011 0.013 0.887 0.004 0.010 0.013 0.012 
730    ZCF21    (0)   25 :  0.006 0.025 0.009 0.004 0.008 0.008 0.003 0.907 0.008 0.004 0.007 0.011 
731    ZCF22    (0)   25 :  0.018 0.011 0.013 0.005 0.010 0.029 0.007 0.856 0.006 0.014 0.013 0.018 
732    ZCF23    (0)   25 :  0.008 0.008 0.013 0.006 0.004 0.004 0.003 0.927 0.003 0.007 0.004 0.013 
733    ZCF24    (0)   25 :  0.003 0.010 0.012 0.025 0.014 0.004 0.005 0.860 0.011 0.028 0.026 0.003 
734    ZCF25    (0)   25 :  0.004 0.004 0.005 0.007 0.016 0.007 0.009 0.924 0.006 0.007 0.007 0.003 
735    ZCF26    (0)   25 :  0.004 0.005 0.004 0.003 0.006 0.005 0.003 0.936 0.015 0.009 0.007 0.004 
736    ZCF27    (0)   25 :  0.005 0.006 0.014 0.003 0.008 0.006 0.003 0.935 0.004 0.006 0.004 0.007 
737    ZCF28    (0)   25 :  0.013 0.016 0.019 0.004 0.011 0.014 0.004 0.886 0.008 0.005 0.004 0.016 
738    ZCF29    (0)   25 :  0.005 0.681 0.034 0.048 0.047 0.017 0.018 0.084 0.010 0.016 0.034 0.006 
739    ZCF30    (0)   25 :  0.004 0.004 0.007 0.005 0.003 0.009 0.004 0.937 0.007 0.007 0.004 0.007 
740    ZCF31    (0)   25 :  0.027 0.010 0.092 0.004 0.006 0.014 0.004 0.830 0.005 0.002 0.003 0.005 
741    ZCF32    (0)   25 :  0.008 0.224 0.008 0.003 0.010 0.035 0.007 0.681 0.005 0.004 0.004 0.012 
742    ZCF33    (0)   25 :  0.033 0.055 0.003 0.004 0.006 0.011 0.003 0.859 0.004 0.003 0.003 0.015 
743    ZCF34    (0)   25 :  0.005 0.025 0.018 0.023 0.035 0.012 0.042 0.782 0.005 0.008 0.040 0.005 
744    ZCF35    (0)   25 :  0.007 0.033 0.006 0.009 0.011 0.004 0.012 0.889 0.008 0.003 0.014 0.004 
745    ZCF36    (0)   25 :  0.065 0.008 0.005 0.003 0.007 0.009 0.006 0.823 0.005 0.006 0.005 0.058 
746    ZCF37    (0)   25 :  0.008 0.045 0.018 0.003 0.021 0.005 0.005 0.867 0.004 0.005 0.009 0.011 
747    ZCF38    (0)   25 :  0.004 0.005 0.027 0.013 0.007 0.008 0.009 0.892 0.018 0.005 0.006 0.007 
748    ZCF39    (0)   25 :  0.004 0.010 0.023 0.016 0.007 0.012 0.033 0.408 0.003 0.006 0.468 0.009 
749    ZCF40    (0)   25 :  0.004 0.004 0.014 0.004 0.017 0.009 0.009 0.900 0.009 0.014 0.010 0.007 
750    ZCF41    (0)   25 :  0.010 0.056 0.008 0.003 0.056 0.068 0.003 0.758 0.009 0.008 0.004 0.016 
751    ZCF42    (0)   25 :  0.005 0.038 0.045 0.006 0.010 0.012 0.006 0.807 0.041 0.011 0.017 0.003 


Estimated Allele Frequencies in each cluster
First column gives estimated ancestral frequencies


Locus 1 : 
11 alleles
0.0% missing data
 206   (0.239) 0.208 0.003 0.194 0.309 0.005 0.474 0.300 0.062 0.682 0.002 0.197 0.137 
 204   (0.414) 0.534 0.938 0.798 0.436 0.988 0.173 0.572 0.632 0.214 0.996 0.740 0.473 
 222   (0.078) 0.130 0.056 0.002 0.001 0.002 0.128 0.001 0.109 0.001 0.000 0.001 0.001 
 218   (0.057) 0.001 0.001 0.001 0.001 0.001 0.005 0.111 0.003 0.064 0.000 0.060 0.382 
 216   (0.018) 0.000 0.000 0.000 0.000 0.000 0.001 0.013 0.001 0.000 0.000 0.000 0.000 
 208   (0.027) 0.000 0.001 0.001 0.164 0.001 0.003 0.002 0.005 0.000 0.000 0.000 0.000 
 224   (0.053) 0.124 0.001 0.002 0.001 0.001 0.088 0.000 0.008 0.037 0.000 0.000 0.001 
 220   (0.061) 0.001 0.001 0.001 0.088 0.001 0.117 0.000 0.156 0.001 0.000 0.000 0.004 
 230   (0.017) 0.000 0.000 0.000 0.000 0.000 0.010 0.000 0.001 0.000 0.000 0.000 0.000 
 210   (0.018) 0.000 0.000 0.000 0.000 0.000 0.001 0.000 0.015 0.000 0.000 0.000 0.000 
 202   (0.018) 0.000 0.000 0.000 0.000 0.000 0.002 0.000 0.008 0.000 0.000 0.000 0.000 

Locus 2 : 
5 alleles
0.7% missing data
 179   (0.591) 0.991 0.643 0.271 0.043 0.783 0.667 0.551 0.770 0.481 0.986 0.397 0.995 
 173   (0.314) 0.008 0.156 0.726 0.955 0.215 0.303 0.369 0.204 0.518 0.013 0.541 0.004 
 182   (0.040) 0.000 0.000 0.001 0.001 0.001 0.010 0.079 0.002 0.000 0.000 0.061 0.000 
 170   (0.032) 0.000 0.201 0.001 0.000 0.000 0.018 0.000 0.002 0.000 0.000 0.000 0.000 
 176   (0.023) 0.000 0.000 0.000 0.000 0.000 0.002 0.000 0.022 0.000 0.000 0.000 0.000 

Locus 3 : 
7 alleles
0.0% missing data
 198   (0.497) 0.684 0.151 0.866 0.230 0.755 0.561 0.741 0.317 0.514 0.122 0.569 0.833 
 207   (0.218) 0.312 0.845 0.115 0.046 0.008 0.272 0.015 0.544 0.003 0.003 0.005 0.123 
 216   (0.080) 0.001 0.001 0.001 0.289 0.233 0.006 0.019 0.004 0.481 0.493 0.118 0.001 
 195   (0.105) 0.002 0.002 0.016 0.434 0.002 0.059 0.209 0.005 0.001 0.381 0.307 0.026 
 213   (0.031) 0.001 0.000 0.001 0.001 0.000 0.003 0.017 0.001 0.000 0.000 0.000 0.017 
 210   (0.041) 0.000 0.000 0.001 0.001 0.001 0.097 0.000 0.052 0.000 0.000 0.000 0.000 
 219   (0.028) 0.000 0.000 0.001 0.000 0.002 0.003 0.000 0.077 0.000 0.000 0.000 0.000 

Locus 4 : 
7 alleles
0.0% missing data
 166   (0.350) 0.423 0.277 0.666 0.980 0.013 0.314 0.457 0.118 0.665 0.513 0.315 0.661 
 182   (0.166) 0.504 0.077 0.081 0.002 0.423 0.216 0.001 0.208 0.111 0.001 0.001 0.053 
 178   (0.264) 0.010 0.051 0.248 0.005 0.005 0.337 0.411 0.416 0.105 0.484 0.672 0.284 
 184   (0.122) 0.061 0.593 0.002 0.003 0.554 0.018 0.031 0.216 0.115 0.001 0.011 0.001 
 180   (0.030) 0.000 0.000 0.001 0.000 0.000 0.013 0.099 0.003 0.000 0.000 0.000 0.000 
 186   (0.040) 0.002 0.000 0.001 0.001 0.002 0.097 0.000 0.028 0.002 0.000 0.001 0.001 
 168   (0.028) 0.000 0.001 0.001 0.009 0.003 0.006 0.000 0.011 0.001 0.000 0.000 0.000 

Locus 5 : 
9 alleles
0.0% missing data
 215   (0.488) 0.555 0.244 0.694 0.010 0.936 0.405 0.169 0.852 0.831 0.937 0.376 0.859 
 207   (0.195) 0.225 0.339 0.004 0.188 0.054 0.060 0.713 0.039 0.153 0.061 0.621 0.009 
 225   (0.071) 0.142 0.001 0.257 0.001 0.001 0.367 0.001 0.003 0.001 0.000 0.001 0.046 
 217   (0.099) 0.075 0.415 0.002 0.001 0.003 0.129 0.001 0.040 0.013 0.001 0.001 0.084 
 211   (0.018) 0.000 0.000 0.000 0.000 0.000 0.002 0.004 0.001 0.000 0.000 0.000 0.000 
 205   (0.032) 0.000 0.000 0.001 0.311 0.001 0.002 0.112 0.001 0.000 0.000 0.000 0.000 
 189   (0.040) 0.000 0.001 0.002 0.486 0.001 0.004 0.000 0.053 0.001 0.000 0.000 0.000 
 227   (0.040) 0.001 0.000 0.039 0.001 0.004 0.030 0.000 0.002 0.001 0.000 0.000 0.002 
 223   (0.018) 0.000 0.000 0.000 0.000 0.000 0.002 0.000 0.007 0.000 0.000 0.000 0.000 

Locus 6 : 
2 alleles
1.1% missing data
 205   (0.072) 0.537 0.001 0.165 0.001 0.001 0.112 0.001 0.017 0.003 0.000 0.001 0.001 
 203   (0.928) 0.463 0.999 0.835 0.999 0.999 0.888 0.999 0.983 0.997 1.000 0.999 0.999 

Locus 7 : 
9 alleles
0.3% missing data
 187   (0.229) 0.673 0.633 0.199 0.003 0.430 0.324 0.002 0.178 0.301 0.001 0.002 0.637 
 199   (0.127) 0.006 0.011 0.164 0.121 0.003 0.144 0.001 0.313 0.002 0.001 0.001 0.272 
 189   (0.120) 0.315 0.001 0.003 0.002 0.003 0.255 0.174 0.007 0.050 0.004 0.168 0.086 
 195   (0.259) 0.003 0.003 0.626 0.640 0.555 0.199 0.279 0.214 0.644 0.992 0.656 0.003 
 191   (0.072) 0.001 0.001 0.003 0.111 0.002 0.042 0.292 0.009 0.001 0.001 0.123 0.001 
 183   (0.035) 0.000 0.001 0.001 0.001 0.001 0.003 0.060 0.021 0.000 0.000 0.000 0.000 
 193   (0.089) 0.001 0.001 0.002 0.095 0.002 0.025 0.192 0.094 0.001 0.001 0.050 0.001 
 201   (0.044) 0.000 0.348 0.001 0.001 0.001 0.005 0.000 0.161 0.001 0.000 0.000 0.000 
 197   (0.026) 0.000 0.000 0.001 0.025 0.003 0.003 0.000 0.004 0.000 0.000 0.000 0.000 

Locus 8 : 
8 alleles
0.4% missing data
 213   (0.183) 0.637 0.033 0.127 0.084 0.003 0.078 0.237 0.107 0.002 0.390 0.448 0.417 
 207   (0.176) 0.342 0.293 0.076 0.003 0.523 0.260 0.003 0.174 0.161 0.001 0.008 0.087 
 215   (0.097) 0.009 0.039 0.126 0.269 0.002 0.008 0.002 0.087 0.001 0.165 0.100 0.001 
 209   (0.207) 0.009 0.555 0.664 0.041 0.005 0.220 0.115 0.459 0.097 0.010 0.172 0.002 
 211   (0.195) 0.002 0.078 0.005 0.456 0.465 0.143 0.397 0.139 0.639 0.433 0.269 0.003 
 205   (0.090) 0.001 0.001 0.002 0.146 0.002 0.182 0.246 0.008 0.099 0.001 0.003 0.489 
 217   (0.034) 0.000 0.000 0.001 0.000 0.000 0.108 0.000 0.018 0.000 0.000 0.000 0.000 
 199   (0.018) 0.000 0.000 0.000 0.000 0.000 0.001 0.000 0.008 0.000 0.000 0.000 0.000 

Locus 9 : 
7 alleles
0.3% missing data
 184   (0.206) 0.571 0.215 0.713 0.003 0.004 0.452 0.002 0.422 0.002 0.001 0.003 0.898 
 186   (0.247) 0.356 0.108 0.006 0.638 0.007 0.270 0.842 0.053 0.080 0.265 0.388 0.011 
 188   (0.355) 0.072 0.675 0.276 0.224 0.984 0.259 0.144 0.295 0.340 0.006 0.025 0.089 
 176   (0.077) 0.001 0.001 0.003 0.134 0.001 0.011 0.011 0.069 0.001 0.014 0.228 0.001 
 190   (0.072) 0.001 0.001 0.001 0.001 0.002 0.006 0.002 0.040 0.576 0.713 0.334 0.001 
 182   (0.024) 0.000 0.000 0.000 0.000 0.000 0.002 0.000 0.120 0.000 0.000 0.000 0.000 
 192   (0.020) 0.000 0.000 0.000 0.000 0.000 0.001 0.000 0.001 0.000 0.000 0.023 0.000 

Locus 10 : 
3 alleles
0.0% missing data
 220   (0.214) 0.472 0.760 0.037 0.003 0.004 0.412 0.002 0.323 0.092 0.001 0.002 0.373 
 217   (0.765) 0.528 0.240 0.962 0.997 0.996 0.587 0.998 0.676 0.825 0.999 0.998 0.627 
 223   (0.020) 0.000 0.000 0.000 0.000 0.000 0.001 0.000 0.001 0.083 0.000 0.000 0.000 

Locus 11 : 
6 alleles
0.0% missing data
 205   (0.301) 0.713 0.648 0.007 0.042 0.111 0.415 0.002 0.456 0.889 0.002 0.003 0.981 
 202   (0.162) 0.245 0.047 0.025 0.007 0.009 0.080 0.048 0.054 0.002 0.897 0.241 0.003 
 211   (0.420) 0.039 0.237 0.492 0.949 0.878 0.471 0.949 0.128 0.108 0.100 0.755 0.014 
 208   (0.063) 0.001 0.001 0.474 0.001 0.001 0.030 0.001 0.312 0.001 0.000 0.000 0.001 
 217   (0.032) 0.000 0.068 0.001 0.000 0.000 0.002 0.000 0.013 0.000 0.000 0.000 0.000 
 214   (0.021) 0.000 0.000 0.000 0.000 0.000 0.002 0.000 0.038 0.000 0.000 0.000 0.000 

Values of parameters used in structure:
DATAFILE=C:\Users\eschumacher\Documents\GitHub\GCC_QUAC_ZAIN\Data_Files\Structure_Files\ZAIN\ZAIN_rebinned_wild\project_data,	OUTFILE=C:\Users\eschumacher\Documents\GitHub\GCC_QUAC_ZAIN\Data_Files\Structure_Files\ZAIN\ZAIN_rebinned_wild\50-50\Results\50-50_run_59,	NUMINDS=751,	NUMLOCI=11,	MISSING=-9,	LABEL=1,	POPDATA=1,	POPFLAG=0,	PHENOTYPE=0,	EXTRACOLS=0,	MAXPOPS=12,	BURNIN=50000,	NUMREPS=50000,	USEPOPINFO=0,	INFERALPHA=1,	INFERLAMBDA=0,	POPSPECIFICLAMBDA=0,	POPALPHAS=0,	COMPUTEPROB=1,	NOADMIX=0,	ADMBURNIN=2500,	UPDATEFREQ=1,	PRINTLIKES=0,	INTERMEDSAVE=0,	PRINTKLD=0,	PRINTNET=0,	PRINTLAMBDA=0,	ANCESTDIST=0,	NUMBOXES=1000,	ANCESTPINT=0.90000,	GENSBACK=2,	MIGRPRIOR=0.05000,	PRINTQHAT=0,	PRINTQSUM=0,	ALPHA=1.0000,	FREQSCORR=1,	FPRIORMEAN=0.0100,	FPRIORSD=0.0500,	ONEFST=0,	LAMBDA=1.0000,	UNIFPRIORALPHA=1,	ALPHAMAX=10.0000,	ALPHAPRIORA=1.0000,	ALPHAPRIORB=2.0000,	ALPHAPROPSD=0.0250,	STARTATPOPINFO=0,	RANDOMIZE=1,	LINKAGE=0,	METROFREQ=10,	REPORTHITRATE=0,	MARKOVPHASE=-1,	PHASED=0,	PLOIDY=2,	PHASEINFO=0	LOCPRIOR=0, 	LOCPRIORINIT=1.000000, 	LOCDATA=0, 	LOCISPOP=0, 	LOCPRIORSTEP=0.100000, 	MAXLOCPRIOR=20.000000, 	SEED=1660249449,	
[STRAT parameters]:    NUMSIMSTATS=1000,	PHENOTYPECOL=-9,	POOLFREQ=10,	LOCUSxONLY=0,	EMERROR=0.00100,	MISSINGPHENO=-9,	