ZFB01	206	204	179	179	198	207	166	166	215	207	205	205	187	187	213	213	184	186	220	220	205	205
ZFB02	222	206	179	179	198	207	166	166	215	207	203	205	187	187	207	207	184	188	220	220	205	205
ZFB03	206	204	179	179	198	207	182	178	215	215	205	205	187	187	207	213	184	186	217	217	202	205
ZFB04	222	222	179	179	198	198	166	182	207	207	203	205	187	187	207	207	184	188	220	220	205	205
ZFB05	204	204	179	179	198	207	166	182	215	215	205	205	187	187	207	215	188	188	217	220	205	205
ZFB06	222	204	179	179	198	207	166	182	215	215	205	205	187	187	213	215	188	188	217	220	205	205
ZFB07	204	204	179	179	198	207	182	182	215	207	-9	-9	187	199	213	213	184	186	217	217	205	205
ZFB08	206	204	179	179	198	207	166	166	215	215	205	205	187	187	213	213	184	184	217	217	205	211
ZFB09	206	204	179	179	198	207	166	182	215	225	205	205	187	187	213	213	184	186	217	220	205	205
ZFB10	206	206	179	179	198	207	182	182	207	207	205	205	187	187	207	213	184	186	217	220	205	211
ZFB11	206	204	179	179	198	198	166	184	207	225	205	205	189	187	207	213	186	186	220	220	205	205
ZFB12	204	204	179	179	198	198	166	182	215	225	205	205	187	187	213	209	186	186	220	220	202	205
ZFB13	222	204	179	179	198	207	166	182	215	225	203	205	189	187	207	213	184	186	217	217	205	211
ZFB14	206	204	179	179	198	198	182	182	215	225	203	205	189	187	207	213	186	186	217	220	205	205
ZFB15	204	204	179	179	198	207	166	182	207	225	205	205	187	187	207	213	184	184	220	220	205	205
ZFB16	204	204	179	179	198	207	182	182	207	225	205	205	187	187	207	213	184	184	217	220	205	211
ZFB17	204	204	179	173	198	198	182	182	207	225	205	205	187	187	207	213	184	188	217	220	205	205
ZFB18	206	206	179	179	198	207	182	182	215	225	205	205	187	187	213	213	186	186	217	220	205	205
ZFB19	222	204	179	179	198	207	166	178	207	225	203	205	189	199	207	213	184	186	217	217	205	211
ZFB20	204	204	179	179	198	207	182	182	207	225	205	205	187	187	213	213	184	188	220	220	205	211
ZFB21	204	204	179	179	207	207	182	182	215	215	205	205	187	187	213	213	184	186	217	220	205	205
ZFB22	204	204	179	173	198	207	182	182	207	217	205	205	187	187	213	213	184	186	220	220	205	205
ZFB23	206	204	179	179	198	207	182	184	207	225	205	205	187	187	207	213	186	186	217	220	202	205
ZFB24	204	204	179	179	198	198	166	184	207	225	205	205	187	187	207	213	186	186	220	220	205	205
ZFB25	206	204	179	179	198	207	182	182	207	207	205	205	189	187	213	213	186	186	217	217	205	205
ZFB26	204	204	179	179	198	207	182	184	207	207	205	205	187	187	207	213	186	186	217	217	205	205
ZFB27	206	204	179	179	207	207	166	184	207	207	205	205	189	187	213	213	184	186	220	220	205	205
ZFB28	206	204	179	179	198	207	182	184	215	215	205	205	189	189	213	209	186	188	217	220	202	205
ZFB29	206	204	179	179	198	198	182	184	215	225	205	205	187	187	207	207	186	186	220	220	205	205
ZFB30	204	204	179	179	207	207	166	184	215	207	205	205	187	199	213	215	184	186	217	220	205	205
ZFB31	206	204	179	179	198	207	182	182	207	225	203	203	189	189	213	213	186	186	217	220	205	205
ZFB32	206	204	179	179	198	198	166	184	215	215	205	205	189	187	213	209	186	188	217	217	202	205
ZFB33	222	204	179	179	198	207	166	182	215	207	205	205	187	187	207	213	184	186	220	220	205	205
ZFB34	222	206	179	179	198	198	166	182	215	215	203	205	187	187	213	213	184	186	217	220	205	205
ZFB35	204	204	179	179	198	198	166	182	215	207	203	205	187	187	207	213	184	186	217	220	205	205
ZFBP101	204	204	173	173	198	216	166	178	215	207	203	203	189	195	207	211	186	186	217	217	211	211
ZFBP102	204	204	179	173	198	198	166	178	207	207	203	203	189	191	207	211	186	176	217	217	211	211
ZFBP103	206	204	179	173	198	216	178	178	207	207	203	203	195	195	207	211	186	190	217	217	211	211
ZFBP104	204	204	179	173	198	195	178	178	207	207	203	203	189	195	213	211	184	186	217	217	211	211
ZFBP105	204	204	179	179	198	195	166	178	215	207	203	203	189	189	211	209	186	186	217	217	211	211
ZFBP106	204	204	179	179	198	198	166	178	207	207	203	203	195	195	211	211	186	186	217	217	211	211
ZFBP107	204	204	179	179	198	195	178	184	215	207	203	203	189	195	213	209	186	186	217	217	211	211
ZFBP108	204	204	179	179	198	195	178	178	207	207	203	203	191	183	211	205	186	186	217	217	211	211
ZFBP109	218	216	179	173	198	213	178	178	207	211	203	203	189	195	213	211	186	186	217	217	211	211
ZFBP110	206	204	179	173	198	198	178	178	215	215	203	203	189	193	207	211	186	186	217	217	202	202
ZFBP111	204	204	173	173	198	198	166	178	207	207	203	203	195	191	211	215	186	186	217	217	211	211
ZFBP112	204	204	179	173	198	216	166	178	207	205	203	203	189	191	205	209	186	188	217	217	211	211
ZFBP113	204	204	179	173	198	198	178	178	207	207	203	203	189	183	205	209	186	186	217	217	211	211
ZFBP114	204	218	179	179	198	198	178	184	207	207	203	203	191	191	211	211	186	176	217	217	211	211
ZFBP115	204	204	173	182	198	216	178	178	215	207	203	203	195	195	211	209	186	186	217	217	211	211
ZFBP116	204	204	179	173	198	198	178	178	207	207	203	203	195	183	211	209	186	186	217	217	211	211
ZFBP117	206	206	179	173	198	195	178	178	215	207	203	203	191	183	211	211	186	186	217	217	211	211
ZFBP118	204	204	179	173	198	198	180	184	207	207	203	203	191	183	213	211	186	176	217	217	211	211
ZFBP119	206	204	173	182	198	198	166	178	215	215	203	203	195	195	211	211	186	186	217	217	211	211
ZFBP120	204	204	179	179	198	195	166	178	215	207	203	203	189	191	213	209	186	186	217	217	211	211
ZFBP121	206	204	179	179	198	198	166	178	215	207	203	203	189	191	211	211	186	186	217	217	211	211
ZFBP122	204	204	179	173	198	198	166	178	207	207	203	203	195	193	-9	-9	186	186	217	217	211	211
ZFBP123	204	204	179	173	198	198	166	178	207	207	203	203	195	191	211	205	188	188	217	217	211	211
ZFBP124	204	218	179	179	198	198	166	178	207	207	203	203	189	193	213	211	186	188	217	217	211	211
ZFBP125	206	204	179	173	198	195	180	178	207	207	203	203	195	195	211	211	186	186	217	217	211	211
ZFBP126	206	206	179	173	198	198	178	178	207	207	203	203	195	193	207	209	186	186	217	217	211	211
ZFBP127	204	204	179	179	198	213	178	178	207	207	203	203	195	193	211	211	186	190	217	217	211	211
ZFBP128	206	204	179	173	198	216	166	180	207	207	203	203	189	195	213	205	186	186	217	217	211	211
ZFBP129	206	208	179	179	198	198	166	180	215	207	203	203	195	191	211	205	186	186	217	217	211	211
ZFBP130	206	204	173	173	198	216	180	180	207	207	203	203	195	195	211	209	186	186	217	217	211	211
ZFBP131	206	204	179	179	198	198	166	180	207	207	203	203	191	193	205	209	186	186	217	217	211	211
ZFBP132	206	204	179	179	198	198	180	178	207	207	203	203	191	193	211	211	186	186	217	217	202	211
ZFBP133	206	206	173	173	198	198	166	166	207	207	203	203	195	191	205	205	186	186	217	217	211	211
ZFBP134	206	204	173	173	198	198	166	166	207	207	203	203	189	191	213	209	190	190	217	217	211	211
ZFBP135	206	206	179	179	198	216	166	178	215	207	203	203	189	195	207	211	186	186	217	217	211	211
ZFBP136	204	204	179	173	198	216	166	178	207	207	203	203	189	195	211	211	188	188	217	217	211	211
ZFBP201	206	204	179	179	198	198	166	178	207	207	203	203	191	193	205	209	186	188	217	217	202	211
ZFBP202	204	204	179	173	198	195	166	178	215	207	203	203	189	193	213	205	186	186	217	217	211	211
ZFBP203	204	204	179	173	198	207	166	178	207	207	203	203	195	193	205	209	186	188	217	217	211	211
ZFBP204	204	204	179	173	198	195	166	178	215	207	203	203	189	195	211	211	186	188	217	217	211	211
ZFBP205	206	204	173	182	198	198	166	178	207	207	203	203	191	193	211	205	188	188	217	217	211	211
ZFBP206	204	204	179	173	198	198	166	166	207	207	203	203	195	193	205	205	188	188	217	217	211	211
ZFBP207	206	218	182	182	198	195	166	178	215	207	203	203	195	191	211	211	186	188	217	217	202	202
ZFBP208	204	204	179	173	198	198	166	178	207	207	203	203	191	193	205	209	188	188	217	217	211	211
ZFBP209	206	206	173	173	198	213	166	166	207	207	203	203	195	193	211	205	186	186	217	217	211	211
ZFBP210	204	204	179	173	198	198	166	166	207	207	203	203	193	193	205	209	186	188	217	217	202	211
ZFBP211	204	204	179	179	198	198	166	180	215	207	203	203	191	191	213	211	186	186	217	217	211	211
ZFBP212	204	204	179	179	198	195	166	178	207	207	203	203	191	193	213	213	186	186	217	217	202	211
ZFBP213	204	204	179	179	198	198	166	166	215	207	203	203	195	191	205	205	186	188	217	217	211	211
ZFBP214	206	204	173	173	198	198	166	166	215	215	203	203	195	193	205	205	186	188	217	217	202	211
ZFBP215	206	204	179	179	198	198	166	178	207	207	203	203	195	193	211	205	186	186	217	217	211	211
ZFBP216	204	204	179	173	198	198	166	178	215	207	203	203	189	193	209	209	186	186	217	217	211	211
ZFBP217	206	204	173	173	198	198	166	166	215	207	203	203	191	193	215	205	186	186	217	217	202	211
ZFBP218	204	218	173	173	198	195	166	178	207	207	203	203	191	191	205	209	186	186	217	217	211	211
ZFBP219	204	204	179	173	198	198	178	178	207	207	203	203	191	183	205	209	186	186	217	217	211	211
ZFBP220	206	204	179	173	198	216	166	178	207	207	203	203	195	191	211	209	186	186	217	217	211	211
ZFBP221	204	218	173	173	198	195	166	178	207	207	203	203	189	191	213	209	186	186	217	217	202	211
ZFBP222	206	206	179	179	198	198	166	166	207	207	203	203	191	191	205	209	186	188	217	217	211	211
ZFBP223	206	204	179	179	198	195	166	178	215	207	203	203	191	193	213	211	186	188	217	217	202	202
ZFBP224	204	204	179	173	198	198	178	178	215	207	203	203	191	191	205	205	186	188	217	217	211	211
ZFBP225	206	204	179	173	216	195	166	178	207	207	203	203	195	191	215	209	186	188	217	217	211	211
ZFBP226	204	204	179	179	198	198	166	178	207	207	203	203	191	191	211	209	186	186	217	217	211	211
ZFBP227	204	204	179	173	198	198	178	178	215	207	203	203	195	191	211	209	184	186	217	217	211	211
ZFBP228	206	204	179	179	198	195	166	178	215	207	203	203	191	191	213	211	186	190	217	217	211	211
ZFBP229	206	206	179	173	198	195	166	178	207	207	203	203	195	193	211	209	186	186	217	217	211	211
ZFBP230	206	204	173	173	198	216	166	178	215	207	203	203	189	191	211	209	186	186	217	217	211	211
ZFBP231	204	204	179	182	198	198	180	178	215	205	203	203	189	191	213	211	186	188	217	217	211	211
ZFBP232	204	204	179	173	198	198	166	180	207	207	203	203	189	191	211	211	186	186	217	217	211	211
ZFBP233	204	204	173	173	198	213	166	178	215	205	203	203	189	191	213	213	186	188	217	217	211	211
ZFCC01	206	204	179	173	198	216	166	166	215	215	203	203	187	187	211	205	188	190	217	223	205	205
ZFCC03	206	206	179	179	216	216	166	166	215	215	203	203	195	195	211	205	188	190	217	217	205	205
ZFCC04	206	204	173	173	216	216	166	182	215	215	203	203	195	187	211	205	188	190	217	217	205	205
ZFCC05	204	204	179	173	198	216	166	182	215	215	203	203	195	195	211	205	188	190	217	217	205	205
ZFCC08	206	218	173	173	198	216	166	166	215	215	203	203	195	195	211	205	188	190	217	217	205	211
ZFCC09	206	218	179	179	216	216	166	166	215	215	203	203	195	187	211	211	188	190	217	217	205	205
ZFCC10	206	218	179	179	198	216	166	166	215	215	203	203	195	187	211	205	188	188	217	223	205	205
ZFCC11	206	204	179	179	198	216	166	166	215	215	203	203	195	195	211	205	188	190	217	223	205	205
ZFCC12	206	204	179	173	198	216	166	178	215	217	203	203	195	187	207	211	188	188	217	217	205	205
ZFCC13	206	204	179	173	198	216	166	166	215	207	203	203	195	195	211	209	188	190	217	217	205	205
ZFCC14	206	206	179	173	198	216	182	184	215	215	203	203	195	187	211	205	186	188	217	217	205	205
ZFCC15	206	206	179	173	198	216	166	166	215	215	203	203	195	187	211	209	188	190	217	217	205	205
ZFCC16	206	206	179	173	198	216	166	166	215	215	203	203	195	187	207	211	188	188	217	217	205	205
ZFCC17	206	204	179	173	216	216	166	184	215	215	203	203	187	187	207	211	188	190	217	217	205	205
ZFCC18	206	204	179	173	216	216	166	166	215	215	203	203	195	187	211	205	188	190	217	217	205	205
ZFCC19	206	224	173	173	198	216	166	184	215	215	203	203	195	187	207	209	188	190	217	223	205	205
ZFCC20	206	204	173	173	198	216	166	166	215	215	203	203	195	195	207	207	190	190	217	217	205	205
ZFCC21	206	224	173	173	198	198	166	166	215	207	203	203	195	195	205	209	188	188	217	217	205	211
ZFCC22	204	218	173	173	198	198	166	166	207	207	203	203	195	195	211	205	188	190	217	217	205	211
ZFCC26	206	206	179	173	198	216	166	166	215	215	203	203	195	187	207	211	188	190	217	217	205	205
ZFCC27	206	206	179	179	198	216	166	166	215	215	203	203	195	195	211	211	188	190	217	223	205	205
ZFCC29	204	224	173	173	198	198	166	166	215	215	203	203	195	187	207	211	188	190	217	217	205	205
ZFCC30	206	204	179	173	216	216	166	166	215	215	203	203	195	195	211	211	188	190	217	223	205	205
ZFCC32	204	218	173	173	216	216	166	166	215	215	203	203	195	187	207	209	188	190	217	217	205	205
ZFCC33	206	204	179	179	198	216	182	182	215	215	203	203	195	195	211	211	188	188	217	217	205	205
ZFCC34	204	204	179	179	198	216	166	166	215	207	203	203	187	187	211	211	186	190	217	217	205	211
ZFCC35	206	218	173	173	198	216	166	184	215	215	203	203	195	195	211	211	188	190	217	223	205	205
ZFCC36	206	204	173	173	198	216	166	166	215	207	203	203	195	187	211	209	188	188	217	217	205	205
ZFCC37	206	204	179	173	198	198	166	178	215	217	203	203	195	187	211	211	188	188	217	217	205	205
ZFCC40	206	206	179	179	198	216	166	184	215	207	203	203	195	187	211	205	188	188	217	223	205	205
ZFCC42	204	204	179	173	207	216	182	184	215	217	203	203	187	187	211	211	188	188	217	217	202	205
ZFCC44	206	206	179	179	216	216	184	184	215	215	203	203	195	195	211	211	190	190	217	217	205	205
ZFCC45	206	204	179	179	216	216	182	184	215	215	203	203	195	187	205	209	-9	-9	217	217	205	205
ZFCC46	204	224	173	173	216	216	166	166	215	207	203	203	195	195	211	211	188	190	217	217	205	211
ZFCC47	204	218	173	173	198	216	166	166	215	217	203	203	195	187	211	211	188	190	217	217	205	205
ZFCC48	206	224	173	173	198	198	166	166	215	207	203	203	195	195	211	205	188	188	217	217	205	211
ZFCC50	206	206	173	173	198	216	166	184	215	215	203	203	187	187	207	211	190	190	217	217	205	205
ZFCC51	206	206	179	179	216	216	166	166	215	215	203	203	195	187	211	211	190	190	217	217	205	205
ZFCC52	206	204	179	173	198	216	166	166	215	207	203	203	195	187	211	211	188	188	217	223	205	211
ZFCC53	206	206	179	179	216	216	166	166	215	215	203	203	195	187	211	211	188	190	217	223	205	205
ZFCNS01	204	204	179	179	216	195	178	178	215	215	203	203	195	195	209	209	190	190	217	217	202	202
ZFCNS02	204	204	179	179	195	195	166	166	215	215	203	203	195	195	211	211	190	190	217	217	202	202
ZFCNS05	204	204	179	179	198	216	166	166	215	215	203	203	195	195	213	211	186	190	217	217	202	202
ZFCNS06	204	204	179	179	216	216	166	166	215	215	203	203	195	195	213	211	186	190	217	217	202	202
ZFCNS07	204	204	179	179	195	195	166	166	215	215	203	203	195	195	211	215	186	186	217	217	202	202
ZFCNS10	204	204	179	179	195	195	166	178	215	207	203	203	195	195	211	215	190	190	217	217	202	202
ZFCNS11	204	204	179	179	216	195	166	178	215	215	203	203	195	195	215	209	190	190	217	217	202	202
ZFCNS15	204	204	179	179	216	195	178	178	215	215	203	203	195	195	213	213	186	186	217	217	202	211
ZFCNS17	204	204	179	179	216	216	166	178	215	215	203	203	195	195	211	211	186	190	217	217	202	202
ZFCNS18	204	204	179	179	216	195	166	178	215	207	203	203	195	195	213	211	190	190	217	217	202	202
ZFCNS19	204	204	179	179	216	216	166	166	215	215	203	203	195	195	213	215	190	190	217	217	202	202
ZFCNS20	204	204	179	179	216	216	166	178	215	215	203	203	195	195	211	215	186	186	217	217	202	211
ZFCNS21	204	204	179	179	216	216	178	178	215	215	203	203	195	195	213	211	190	190	217	217	202	202
ZFCNS22	204	204	179	179	198	216	166	178	215	215	203	203	195	195	213	211	186	186	217	217	202	202
ZFCNS23	204	204	179	179	216	195	166	166	215	215	203	203	195	195	213	215	188	190	217	217	202	202
ZFCNS24	204	204	179	179	216	216	166	178	215	215	203	203	195	195	211	211	190	190	217	217	202	211
ZFCNS25	204	204	179	179	216	195	166	178	215	215	203	203	195	195	211	211	186	190	217	217	202	211
ZFCNS26	204	204	179	179	195	195	166	178	215	215	203	203	195	195	213	213	186	190	217	217	202	202
ZFCNS27	204	204	179	179	195	195	178	178	215	215	203	203	195	195	213	211	186	186	217	217	202	211
ZFCNS28	204	204	179	179	216	216	166	166	215	215	203	203	195	195	213	213	186	190	217	217	202	202
ZFCNS29	204	204	179	179	198	216	166	178	215	215	203	203	195	195	211	211	186	190	217	217	202	202
ZFCNS30	204	204	179	179	198	216	166	178	215	215	203	203	195	195	213	211	190	190	217	217	202	202
ZFCNS31	204	204	179	179	216	195	166	178	215	215	203	203	195	195	213	215	186	190	217	217	202	202
ZFCNS32	204	204	179	179	216	195	166	166	215	215	203	203	195	195	213	213	190	190	217	217	202	211
ZFCNS33	204	204	179	179	195	195	166	166	215	215	203	203	195	195	213	215	190	190	217	217	202	202
ZFCNS34	204	204	179	179	198	216	166	166	215	215	203	203	195	195	211	211	190	190	217	217	202	202
ZFCNS35	204	204	179	179	216	195	166	166	215	215	203	203	189	195	213	215	190	190	217	217	202	202
ZFCNS36	204	204	179	179	216	216	166	166	215	215	203	203	195	195	211	211	190	190	217	217	202	211
ZFCNS37	204	204	179	179	198	216	178	178	215	215	203	203	195	195	213	211	176	190	217	217	202	202
ZFCNS39	204	204	179	173	216	195	166	178	215	215	203	203	195	195	211	215	190	190	217	217	202	202
ZFCNS40	204	204	179	173	216	216	166	166	215	215	203	203	195	195	211	211	176	190	217	217	202	211
ZFCNS41	204	204	179	179	198	216	166	178	215	215	203	203	189	195	211	209	176	190	217	217	202	211
ZFCNS42	204	204	179	179	216	195	178	178	215	215	203	203	195	195	213	211	186	190	217	217	202	202
ZFCNS43	204	204	179	179	216	216	166	178	215	215	203	203	195	195	213	211	190	190	217	217	202	202
ZFCNS44	204	204	179	179	216	216	178	178	215	207	203	203	195	195	213	211	190	190	217	217	202	202
ZFCNS46	204	204	179	179	198	216	178	178	215	215	203	203	195	195	211	215	186	190	217	217	202	202
ZFCNS47	204	204	179	179	216	195	166	178	215	215	203	203	195	195	213	211	190	190	217	217	202	202
ZFCNS48	204	204	179	179	198	195	166	178	215	207	203	203	195	195	211	215	190	190	217	217	202	202
ZFCNS49	204	204	179	179	195	195	178	178	215	207	203	203	195	195	213	213	186	190	217	217	202	202
ZFCR01	206	206	179	173	207	207	178	186	215	217	203	203	193	199	207	205	184	186	217	220	205	205
ZFCR02	222	222	179	179	198	207	166	186	225	225	203	205	195	191	211	211	188	188	217	220	205	205
ZFCR03	222	224	179	173	198	198	166	184	215	225	203	203	187	187	205	209	186	188	217	220	211	211
ZFCR04	224	224	179	173	207	195	166	178	215	207	203	203	187	199	207	213	184	188	217	220	205	205
ZFCR05	206	206	179	173	198	207	182	178	225	225	203	203	187	199	211	209	184	184	217	220	205	205
ZFCR06	206	206	179	179	195	210	166	178	215	215	203	203	195	191	207	207	184	186	217	220	202	205
ZFCR07	204	224	179	179	198	198	178	178	215	215	203	203	195	195	207	209	184	188	217	220	202	211
ZFCR08	206	204	179	179	198	198	178	178	207	189	203	203	187	199	207	211	188	188	217	220	205	205
ZFCR09	206	204	179	173	198	207	166	184	215	217	203	203	189	187	211	209	184	186	217	220	202	211
ZFCR11	206	206	179	182	198	207	178	178	215	225	203	203	195	187	207	209	184	184	217	220	202	205
ZFCR12	206	224	179	173	195	210	178	186	215	227	203	203	195	195	213	211	184	188	217	220	202	211
ZFCR13	222	224	179	173	198	198	180	178	215	215	203	203	195	199	213	209	186	188	217	217	208	208
ZFCR14	206	220	179	173	198	207	166	178	225	225	203	205	195	199	213	211	184	188	217	220	205	211
ZFCR15	224	220	179	173	198	207	166	182	207	225	203	203	199	199	213	211	184	188	217	217	205	211
ZFCR16	220	230	173	173	198	198	166	178	215	225	203	205	193	199	207	207	186	186	217	220	205	205
ZFCR18	222	204	179	179	198	198	182	186	215	225	205	205	189	187	211	211	184	184	217	220	205	211
ZFCR19	206	220	173	170	198	207	166	182	225	225	203	203	195	187	213	211	186	186	217	220	205	211
ZFCR20	206	204	179	179	198	198	182	178	215	217	203	205	187	199	205	209	186	188	217	217	211	211
ZFCR21	206	220	173	173	210	210	166	182	215	225	203	203	189	195	209	217	184	188	217	217	205	211
ZFCR22	222	222	173	173	210	210	166	182	225	225	203	205	195	187	209	209	186	188	217	217	211	211
ZFCR23	204	204	179	173	210	210	178	178	207	225	203	203	189	187	209	209	186	186	220	220	211	208
ZFCR24	222	204	179	173	198	198	166	180	207	207	203	203	187	187	213	205	-9	-9	217	217	211	208
ZFCR25	222	222	173	173	198	210	178	178	215	225	203	203	187	187	207	217	184	184	217	217	205	211
ZFCR26	206	206	173	170	198	207	166	178	215	225	203	203	187	199	211	209	184	184	217	217	211	211
ZFCR27	206	220	179	179	198	207	166	178	215	217	203	203	-9	-9	207	217	184	184	220	220	208	208
ZFCR28	220	220	179	173	207	210	166	178	215	215	203	203	195	191	211	205	186	188	217	220	202	211
ZFCR29	206	206	179	173	198	207	166	182	225	225	203	203	189	187	209	217	184	184	217	220	211	211
ZFCR30	204	224	179	173	198	207	166	178	215	225	203	203	195	195	217	217	184	184	220	220	211	211
ZFCR31	204	204	179	173	198	207	166	178	215	225	203	203	187	187	207	211	186	186	217	220	202	211
ZFCR33	206	204	179	173	198	198	178	178	215	217	203	203	199	201	211	215	184	188	217	217	205	205
ZFCR34	206	224	173	173	198	207	166	178	215	207	203	203	195	187	207	209	184	186	217	220	202	208
ZFCR35	206	224	179	179	207	207	166	186	207	225	203	203	189	195	207	207	184	184	217	220	205	205
ZFCR36	206	204	179	179	198	207	166	178	225	225	203	205	195	187	209	217	186	188	217	220	202	205
ZFCR37	206	204	179	173	198	198	166	182	215	215	203	203	195	187	209	209	184	188	217	220	205	208
ZFCR38	204	220	179	173	198	198	166	178	215	217	203	203	195	199	211	209	184	188	217	220	205	205
ZFCR39	206	204	179	173	198	207	182	168	215	207	203	203	187	191	211	209	188	188	217	220	205	205
ZFCR40	222	206	179	173	198	207	178	178	215	207	203	203	195	187	209	217	184	188	217	220	205	205
ZFCR41	206	206	173	173	198	198	178	186	215	225	203	203	195	187	211	217	184	176	217	217	202	205
ZFCR42	206	204	179	173	198	207	166	178	215	215	203	203	195	195	209	217	186	188	217	220	205	211
ZFCR43	206	206	179	179	198	207	180	186	215	215	203	205	195	199	213	217	184	186	220	220	211	211
ZFENP25	206	204	179	173	207	219	182	178	215	215	203	203	199	199	207	205	188	176	217	220	205	208
ZFENP26	222	204	179	173	207	219	182	178	215	215	203	203	199	201	207	199	184	176	217	220	205	205
ZFENP27	222	204	179	179	207	216	182	178	215	207	203	203	195	199	207	205	188	190	217	220	205	211
ZFENP28	222	204	179	179	207	207	166	178	215	215	203	203	195	199	211	209	184	184	217	220	205	205
ZFENP29	206	204	179	179	207	207	178	186	215	223	203	203	195	199	207	209	188	182	217	217	205	208
ZFENP30	204	220	179	179	198	207	166	182	215	215	203	203	195	201	207	211	188	188	217	217	205	208
ZFENP31	204	204	179	179	198	207	182	184	215	215	203	203	187	201	211	211	184	188	217	220	205	211
ZFENP32	204	204	179	179	198	207	166	182	215	215	203	203	189	201	207	211	184	188	217	220	202	211
ZFENP33	204	204	179	179	198	198	182	178	215	215	203	203	199	201	207	209	184	184	217	217	205	211
ZFENP34	204	204	179	179	198	198	182	178	215	215	203	203	187	199	207	211	184	184	217	220	205	205
ZFENP35	204	204	179	179	207	219	182	178	215	207	203	203	195	201	213	215	184	188	217	220	205	208
ZFENP36	204	204	179	179	207	207	182	178	215	215	203	203	199	199	207	209	184	188	217	220	202	208
ZFENP37	204	204	179	179	198	198	166	178	215	215	203	203	199	201	213	209	184	188	217	217	205	205
ZFENP38	204	204	179	179	198	207	166	178	215	215	203	203	195	195	209	209	184	188	217	217	205	208
ZFENP39	206	204	179	179	198	207	178	186	215	215	203	203	195	201	207	209	184	184	217	220	205	205
ZFENP40	204	204	179	179	198	198	178	186	215	215	203	203	199	201	207	209	186	188	217	220	205	205
ZFENP41	206	204	179	179	198	219	182	168	215	215	203	203	195	201	213	211	188	188	217	220	205	205
ZFENP42	204	220	173	173	198	207	178	184	215	215	203	203	195	201	207	209	184	188	220	220	208	217
ZFENP43	204	204	179	179	198	207	166	178	215	215	203	203	195	199	209	209	184	190	217	220	205	211
ZFENP44	204	204	179	179	198	198	178	178	215	215	203	203	195	201	209	209	188	188	217	220	205	205
ZFENP45	204	208	179	173	198	207	166	184	215	215	203	203	195	199	209	209	186	186	217	217	205	211
ZFENP46	204	204	179	179	198	207	178	178	215	215	203	203	199	201	213	209	184	184	217	220	211	211
ZFENP47	206	206	179	179	198	207	166	182	215	189	203	203	201	201	207	211	186	188	220	220	205	211
ZFENP48	204	204	179	179	198	207	166	182	215	215	203	203	187	199	211	205	184	188	217	217	205	211
ZFENP49	222	206	179	179	207	207	182	182	215	215	203	203	195	199	207	207	186	188	217	217	211	211
ZFENP50	204	204	179	173	198	207	178	178	215	215	203	203	187	191	209	209	186	188	220	220	208	208
ZFENP51	204	208	179	179	207	207	182	184	215	215	203	203	195	187	207	209	184	184	220	220	205	211
ZFENP52	222	204	179	173	207	207	178	184	215	215	203	203	199	199	209	209	184	190	217	217	211	214
ZFENP53	204	204	179	173	198	207	166	178	215	215	203	203	199	201	211	209	184	186	217	220	211	214
ZFENP54	206	220	179	179	198	207	178	178	215	215	203	205	187	191	211	209	188	188	217	217	205	211
ZFENP55	204	204	179	179	198	207	166	182	215	215	203	205	199	199	209	209	184	184	217	220	211	211
ZFENP56	204	204	179	179	198	207	166	182	215	215	203	203	195	195	207	209	184	176	220	220	208	208
ZFENP57	204	204	179	176	198	198	178	178	215	215	203	203	187	199	207	209	184	188	217	220	202	217
ZFENP58	222	204	173	173	198	219	166	182	215	215	203	203	187	197	207	211	188	188	217	217	202	211
ZFENP59	222	206	179	179	198	207	182	184	215	215	203	203	195	201	211	209	184	188	217	217	205	205
ZFENP60	204	220	179	173	198	207	166	182	215	215	203	203	199	199	213	209	186	188	217	220	205	205
ZFENP61	206	204	179	179	198	219	182	186	215	215	203	203	195	201	207	209	184	184	217	220	205	205
ZFFDSP01	204	204	173	173	198	198	166	166	207	207	203	203	189	195	213	205	186	186	217	217	202	211
ZFFDSP02	206	206	179	173	198	198	178	178	207	207	203	203	195	183	213	205	186	186	217	217	211	211
ZFFDSP04	206	204	173	173	198	198	166	166	207	207	203	203	189	189	213	205	186	186	217	217	211	211
ZFFDSP05	206	204	179	173	198	195	166	178	207	207	203	203	189	195	213	209	186	186	217	217	211	211
ZFFDSP06	206	218	173	173	198	198	166	178	207	207	203	203	189	195	211	205	186	186	217	217	211	211
ZFFDSP07	206	204	179	173	198	198	166	178	207	205	203	203	195	183	211	205	188	188	217	217	211	211
ZFFDSP08	204	204	179	173	198	198	166	178	207	205	203	203	195	195	211	211	186	188	217	217	211	211
ZFFDSP10	206	204	179	173	198	198	178	178	207	205	203	203	195	191	213	213	186	188	217	217	211	211
ZFFDSP11	206	204	179	173	198	198	166	166	207	207	203	203	189	191	213	209	186	186	217	217	211	211
ZFFDSP12	204	204	179	173	198	198	178	178	207	205	203	203	191	193	211	211	186	186	217	217	211	211
ZFFDSP13	204	204	179	173	198	198	178	178	215	207	203	203	189	195	211	209	186	190	217	217	211	211
ZFFDSP14	206	204	179	173	198	198	166	178	207	205	203	203	195	183	205	205	186	188	217	217	211	211
ZFFDSP16	206	206	179	179	198	198	166	178	215	207	203	203	191	193	205	209	186	186	217	217	202	211
ZFFDSP17	206	204	173	173	198	198	166	178	215	207	203	203	191	191	213	205	186	186	217	217	211	211
ZFFDSP18	206	206	179	179	198	198	166	166	207	205	203	203	189	195	213	205	186	186	217	217	211	211
ZFFDSP19	206	204	179	179	198	198	166	166	207	205	203	203	195	191	205	205	186	190	217	217	202	211
ZFFDSP21	206	204	179	173	198	198	178	178	207	207	203	203	195	191	211	205	186	190	217	217	202	211
ZFFDSP22	206	204	173	173	198	198	166	178	207	205	203	203	195	193	211	205	186	186	217	217	211	211
ZFFDSP23	206	204	173	173	195	195	166	178	207	207	203	203	195	195	213	205	186	186	217	217	211	211
ZFFDSP24	206	204	179	179	198	198	166	178	207	207	203	203	195	195	213	213	186	186	217	217	211	211
ZFFDSP26	206	204	179	173	198	195	166	178	207	207	203	203	189	195	-9	-9	186	186	217	217	211	211
ZFFDSP27	206	204	179	179	198	195	166	178	207	207	203	203	189	195	213	205	186	186	217	217	211	211
ZFFDSP28	204	204	179	173	198	198	178	178	207	205	203	203	189	187	213	213	186	186	217	217	211	211
ZFFDSP30	204	204	179	173	198	198	166	166	207	207	203	203	189	189	213	213	186	188	217	217	202	202
ZFFDSP31	218	218	179	173	198	198	178	178	215	205	203	203	195	183	213	211	186	186	217	217	211	211
ZFFDSP32	204	204	179	173	198	198	178	178	207	207	203	203	195	191	205	205	186	186	217	217	211	211
ZFFDSP33	204	204	179	173	198	195	178	178	207	207	203	203	191	193	213	205	186	186	217	217	211	211
ZFFDSP34	206	218	179	173	198	198	166	180	207	207	203	203	195	195	213	211	186	186	217	217	211	211
ZFFDSP35	206	204	179	173	198	198	166	178	207	207	203	203	189	195	213	213	186	186	217	217	211	211
ZFFDSP37	206	204	179	179	198	198	178	178	207	207	203	203	195	191	213	205	186	186	217	217	211	211
ZFFDSP38	206	204	179	179	198	198	166	180	207	207	203	203	195	183	213	213	186	186	217	217	211	211
ZFFDSP39	206	204	179	173	195	195	178	178	207	207	203	203	189	195	213	213	186	186	217	217	211	211
ZFFDSP40	206	204	179	179	198	195	178	178	207	207	203	203	189	195	213	213	186	186	217	217	211	211
ZFFDSP42	206	206	179	173	198	195	166	178	207	205	203	203	195	195	213	213	186	186	217	217	211	211
ZFFDSP43	206	206	179	179	195	195	166	178	207	207	203	203	195	183	213	213	186	186	217	217	211	211
ZFFDSP44	204	204	179	179	198	198	166	178	207	207	203	203	195	191	213	213	186	186	217	217	211	211
ZFFDSP45	206	206	179	179	198	198	180	178	207	207	203	203	195	195	213	213	186	186	217	217	211	211
ZFFDSP46	206	206	179	179	198	198	178	178	207	205	203	203	195	195	213	213	186	186	217	217	211	211
ZFFDSP47	204	204	179	173	198	195	166	178	207	207	203	203	195	195	213	213	186	186	217	217	211	211
ZFFDSP48	206	204	179	179	198	195	178	178	207	207	203	203	195	195	213	213	186	186	217	217	211	211
ZFI01	204	224	179	179	198	207	166	166	215	217	203	203	189	187	207	213	184	188	217	217	202	205
ZFI02	222	204	179	179	198	207	166	166	225	217	203	203	187	187	213	213	184	186	217	217	202	205
ZFI03	204	224	179	179	198	198	166	166	215	215	203	203	189	187	207	213	184	184	217	220	202	205
ZFI04	204	204	179	179	198	207	166	166	215	217	203	203	187	187	213	213	184	184	217	217	205	205
ZFI05	204	224	179	179	198	207	182	182	215	215	203	203	189	187	207	213	184	186	217	217	202	202
ZFI06	204	204	179	179	198	207	182	178	215	217	203	203	189	189	207	213	184	186	217	217	202	202
ZFI07	204	204	179	179	198	198	166	182	215	215	203	203	189	187	213	213	184	184	217	220	205	205
ZFI08	222	204	179	179	198	207	166	166	215	225	203	203	187	187	207	213	184	184	217	217	205	205
ZFI09	222	204	179	179	198	207	166	182	215	217	203	203	189	189	207	213	184	184	217	217	202	205
ZFI10	204	204	179	179	198	207	166	166	215	215	203	203	187	187	213	213	184	186	217	220	202	202
ZFI11	204	204	179	179	198	198	166	182	215	217	203	203	187	187	207	213	184	184	217	220	202	205
ZFI12	204	224	179	179	198	198	166	166	215	215	203	203	187	187	213	213	184	184	217	217	202	205
ZFI13	204	224	179	179	198	198	182	182	215	215	203	203	189	189	213	213	184	188	217	220	202	205
ZFI14	204	224	179	179	198	198	166	182	215	207	203	203	189	189	207	213	184	186	217	220	202	205
ZFI15	222	224	179	179	198	198	182	182	215	215	203	203	189	187	207	213	184	186	217	220	202	205
ZFI16	224	224	179	179	198	198	166	182	215	215	203	203	189	189	213	213	184	184	217	220	202	205
ZFI17	204	204	179	179	198	207	166	182	215	215	203	203	189	187	213	213	184	184	217	220	202	205
ZFI18	204	204	179	179	198	207	182	182	215	215	203	203	189	189	213	213	184	184	220	220	202	205
ZFI19	204	204	179	179	198	198	182	182	215	225	-9	-9	189	187	207	213	184	184	217	220	202	205
ZFI20	224	224	179	179	198	207	166	182	207	225	203	203	189	187	213	213	184	184	217	217	202	205
ZFI21	204	224	179	179	198	198	166	182	207	207	203	205	189	189	207	213	184	184	217	217	202	202
ZFI22	206	204	179	179	198	207	166	166	215	217	203	205	189	187	207	213	184	186	217	217	205	205
ZFI23	204	224	179	179	198	198	166	182	215	215	203	203	189	187	213	213	184	184	217	220	202	205
ZFI24	204	224	179	179	198	198	166	166	215	215	203	203	189	187	207	213	184	184	217	217	202	205
ZFI25	222	222	179	179	198	198	166	166	215	215	203	203	187	187	213	213	184	186	217	217	205	205
ZFI26	204	224	179	179	198	198	166	182	215	215	203	203	189	187	207	213	184	184	217	217	205	205
ZFI27	204	204	179	179	198	198	166	182	215	215	203	203	189	187	207	213	184	184	217	217	202	202
ZFK01	204	204	179	179	198	216	182	184	215	215	203	203	195	195	207	211	188	188	217	217	211	211
ZFK02	204	204	179	179	198	216	182	182	215	215	203	203	195	195	207	211	188	188	217	217	211	211
ZFK03	204	204	179	179	198	216	182	184	215	215	203	203	195	187	207	211	188	188	217	217	211	211
ZFK04	204	204	179	179	198	216	182	184	215	215	203	203	187	187	207	207	188	188	217	217	211	211
ZFK05	204	204	179	179	198	216	184	184	215	215	203	203	187	187	207	207	188	188	217	217	205	211
ZFK06	204	204	179	179	198	198	182	182	215	215	203	203	195	187	207	211	188	188	217	217	205	211
ZFK07	204	204	179	173	198	216	184	184	215	215	203	203	195	195	207	207	188	188	217	217	211	211
ZFK08	204	204	179	173	198	198	182	184	215	215	203	203	187	187	207	207	188	188	217	217	211	211
ZFK10	204	204	179	179	198	216	182	182	215	215	203	203	187	187	207	211	188	188	217	217	211	211
ZFK11	204	204	179	179	198	198	184	184	215	215	203	203	195	187	207	211	188	188	217	217	205	211
ZFK12	204	204	173	173	198	198	182	184	215	215	203	203	195	195	207	211	188	188	217	217	211	211
ZFK13	204	204	179	173	198	198	184	184	215	207	203	203	195	195	207	211	188	188	217	217	211	211
ZFK14	204	204	179	173	198	216	166	184	215	207	203	203	195	195	207	211	188	188	217	217	205	211
ZFK15	204	204	179	179	198	198	184	184	215	207	203	203	195	187	207	211	188	188	217	217	211	211
ZFK16	204	204	179	173	198	198	184	184	215	215	203	203	195	195	211	211	188	188	217	217	211	211
ZFLB01	204	204	179	179	207	207	184	184	207	207	203	203	201	201	213	209	188	188	217	220	205	211
ZFLB02	204	204	179	179	207	207	184	184	207	207	203	203	199	199	213	209	188	188	220	220	205	205
ZFLB03	204	204	179	179	207	207	184	184	215	207	203	203	199	201	211	209	188	188	217	220	202	202
ZFLB04	204	204	179	179	207	207	166	184	207	207	203	203	187	201	213	211	188	188	217	217	202	202
ZFLB05	204	204	179	179	207	207	184	184	215	207	203	203	187	201	213	209	188	188	220	220	202	211
ZFLB06	204	204	179	179	207	207	184	184	215	207	203	203	187	201	211	209	188	188	217	220	205	211
ZFLB07	204	204	179	179	207	207	184	184	215	207	203	203	195	201	211	209	184	188	217	217	202	211
ZFLB08	204	204	179	179	207	207	184	184	215	207	203	203	187	199	213	209	188	188	217	220	205	217
ZFLB09	204	204	179	179	207	207	184	184	207	207	-9	-9	187	187	209	209	188	188	217	217	205	205
ZFLB10	204	204	179	179	207	207	184	184	207	207	203	203	187	187	209	209	188	188	217	220	202	205
ZFLB11	204	204	173	173	207	207	184	184	215	207	203	203	187	187	211	209	188	188	217	220	217	217
ZFLB12	204	204	179	179	207	207	184	184	215	207	203	203	187	201	209	209	188	188	217	220	205	205
ZFLB13	204	204	179	173	207	207	178	184	215	207	203	203	187	201	209	209	188	188	217	217	205	205
ZFLTI01	206	206	179	173	198	198	166	178	215	207	203	203	195	195	213	211	176	190	217	217	211	211
ZFLTI02	206	218	179	173	198	216	166	178	215	215	203	203	195	195	213	211	176	190	217	217	211	211
ZFLTI03	204	218	173	173	198	216	166	178	215	207	203	203	195	195	213	213	176	190	217	217	211	211
ZFLTI04	204	204	179	173	198	198	166	178	215	215	203	203	189	195	213	211	176	190	217	217	211	211
ZFLTI05	204	218	179	173	198	216	178	178	215	207	203	203	195	195	213	213	176	190	217	217	211	211
ZFLTI06	206	204	179	173	198	216	166	178	207	207	203	203	189	195	213	213	176	176	217	217	211	211
ZFLTI07	206	204	179	173	198	198	178	178	215	207	203	203	189	195	213	213	176	190	217	217	211	211
ZFLTI08	204	218	179	173	198	198	166	178	215	215	203	203	195	195	213	213	176	176	217	217	202	211
ZFLTI09	204	218	179	173	198	198	166	178	215	207	203	203	189	195	213	213	176	190	217	217	211	211
ZFLTI10	206	218	179	173	198	198	178	178	215	207	203	203	189	195	213	211	176	190	217	217	211	211
ZFLTI11	204	218	179	173	198	216	166	166	207	207	203	203	195	195	213	213	176	176	217	217	211	211
ZFLTI12	206	218	179	173	198	216	166	178	215	207	203	203	195	195	213	211	176	176	217	217	211	211
ZFLTI13	206	204	179	173	198	216	166	178	215	215	203	203	195	195	213	213	176	190	217	217	211	211
ZFLTI14	206	218	179	179	198	216	178	178	215	215	203	203	195	195	213	211	190	190	217	217	211	211
ZFONF101	204	218	182	182	198	195	180	180	205	205	203	203	189	193	213	209	186	186	217	217	211	211
ZFONF102	204	218	173	182	207	195	166	180	207	205	203	203	191	183	211	211	186	186	217	217	211	211
ZFONF103	204	204	179	182	198	195	166	166	215	215	203	203	195	193	211	211	186	186	217	217	211	211
ZFONF104	206	218	173	182	195	195	166	166	207	207	203	203	191	193	211	211	186	186	217	217	211	211
ZFONF105	204	204	173	182	195	195	166	166	215	205	203	203	191	193	211	211	186	186	217	217	211	211
ZFONF106	218	218	179	179	198	195	166	180	207	205	203	203	189	191	211	211	186	186	217	217	211	211
ZFONF107	204	218	179	179	207	195	166	184	215	215	203	203	189	193	211	211	186	186	217	217	211	211
ZFONF108	204	218	179	179	195	195	166	184	215	215	203	203	191	193	211	211	186	186	217	217	211	211
ZFONF109	218	218	-9	-9	195	195	166	184	215	205	203	203	189	195	211	211	186	186	217	217	211	211
ZFONF110	206	206	179	182	195	195	166	180	207	207	203	203	195	191	211	211	186	186	217	217	211	211
ZFONF111	206	218	173	182	207	195	166	166	215	215	203	203	189	191	211	209	186	186	217	217	211	211
ZFONF112	204	218	179	179	195	195	166	166	205	205	203	203	195	193	211	211	186	186	217	217	211	211
ZFONF113	204	218	182	182	195	195	166	180	215	207	-9	-9	195	193	211	209	186	188	217	217	211	211
ZFONF115	204	218	179	179	198	195	166	166	215	205	203	203	191	191	211	211	186	186	217	217	211	211
ZFONF116	204	204	179	179	198	195	166	166	215	205	203	203	191	193	211	205	186	186	217	217	211	211
ZFONF117	204	204	179	179	198	195	166	166	215	207	203	203	195	191	211	211	186	176	217	217	211	211
ZFONF118	218	218	179	182	198	198	166	166	215	205	203	203	195	195	213	211	186	186	217	217	211	211
ZFONF119	204	216	179	173	198	195	166	166	207	207	203	203	189	193	211	211	188	188	217	217	211	211
ZFONF120	204	216	173	173	198	198	166	166	207	207	203	203	189	195	211	211	188	188	217	217	211	211
ZFONF121	204	204	179	173	198	195	166	166	207	205	203	203	191	193	213	211	186	188	217	217	211	211
ZFONF122	204	218	179	173	198	198	166	178	215	215	203	203	189	195	211	211	186	186	217	217	211	211
ZFONF123	206	204	179	173	207	195	166	184	207	207	203	203	191	193	211	205	186	186	217	217	211	211
ZFONF124	204	218	173	182	195	195	166	184	215	205	203	203	191	193	211	211	186	186	217	217	211	211
ZFONF125	206	204	173	173	198	207	166	184	215	207	203	203	195	193	211	211	186	186	217	217	211	211
ZFONF126	206	204	182	182	198	198	166	166	215	215	203	203	195	191	211	205	186	186	217	217	211	211
ZFONF201	204	208	173	173	198	195	166	166	207	189	203	203	189	191	213	209	186	188	217	217	205	205
ZFONF202	206	206	173	173	198	198	166	166	207	189	203	203	195	195	211	205	186	186	217	217	211	211
ZFONF203	206	204	173	173	198	198	166	166	189	189	203	203	195	199	211	215	186	188	217	217	211	211
ZFONF204	206	204	173	173	198	216	166	166	207	189	203	203	195	199	211	215	188	176	217	217	205	211
ZFONF206	206	220	173	173	198	207	166	166	207	189	203	203	195	199	215	215	186	186	217	217	205	211
ZFONF207	206	204	173	173	216	195	166	166	189	205	203	203	193	199	213	215	188	188	217	217	211	211
ZFONF208	206	204	173	173	198	216	166	166	207	207	203	203	195	199	213	211	186	188	217	217	211	211
ZFONF209	204	204	173	173	198	216	166	166	189	189	203	203	195	195	213	211	186	188	217	217	205	211
ZFONF210	204	208	173	173	216	216	166	166	207	205	203	203	195	197	213	211	186	186	217	217	211	211
ZFONF211	204	208	179	173	216	195	166	166	207	205	203	203	195	195	211	209	186	188	217	217	211	211
ZFONF212	204	208	173	173	195	195	166	166	207	189	203	203	195	197	213	211	186	186	217	217	211	211
ZFONF214	206	204	173	173	198	216	166	166	189	205	203	203	191	191	211	209	186	188	217	217	211	211
ZFONF215	206	204	173	173	198	195	166	166	189	205	203	203	195	191	211	211	186	186	217	217	211	211
ZFONF216	204	204	173	173	195	195	166	166	189	189	203	203	195	195	211	215	186	188	217	217	211	211
ZFONF217	204	204	173	173	216	195	166	166	207	205	203	203	195	191	205	205	186	188	217	217	211	211
ZFONF218	204	204	173	173	207	195	166	166	189	205	203	203	195	199	211	211	186	176	217	217	211	211
ZFONF219	208	220	173	173	195	195	166	166	189	189	203	203	195	193	211	211	186	186	217	217	211	211
ZFONF220	204	204	173	173	198	216	166	166	205	205	203	203	195	193	205	205	186	188	217	217	211	211
ZFONF222	204	208	173	173	207	216	166	166	189	205	203	203	195	195	215	215	186	188	217	217	211	211
ZFONF223	204	208	173	173	198	207	166	166	189	189	203	203	195	193	215	205	186	188	217	217	211	211
ZFONF224	204	208	173	173	216	195	166	166	205	205	203	203	195	199	211	215	186	186	217	217	211	211
ZFONF225	206	204	173	173	195	195	166	166	189	189	203	203	195	193	211	211	186	186	217	217	211	211
ZFONF226	204	208	173	173	198	198	166	166	189	205	203	203	195	195	211	215	186	188	217	217	211	211
ZFONF227	206	208	173	173	195	195	166	166	189	205	203	203	195	195	211	215	186	186	217	217	211	211
ZFONF228	204	208	179	173	195	195	166	166	189	205	203	203	195	195	215	205	186	176	217	217	211	211
ZFONF230	206	208	173	173	198	195	166	166	207	189	203	203	195	193	211	211	186	176	217	217	211	211
ZFONF231	206	204	173	173	216	216	166	166	189	189	203	203	195	195	205	209	186	186	217	217	211	211
ZFONF232	204	220	173	173	195	195	166	166	189	189	203	203	195	191	211	205	186	186	217	217	211	211
ZFONF233	204	220	173	173	216	195	166	166	189	205	203	203	195	195	211	205	186	188	217	217	211	211
ZFONF234	206	204	179	173	198	195	166	168	189	189	203	203	195	195	211	215	186	176	217	217	211	211
ZFONF235	206	220	173	173	216	216	166	166	189	205	203	203	195	193	215	215	186	186	217	217	211	211
ZFONF236	204	220	179	179	216	195	166	166	205	205	203	203	195	191	215	215	186	176	217	217	205	211
ZFONF238	206	206	173	173	198	198	166	166	205	205	203	203	195	199	211	215	186	176	217	217	211	211
ZFONF239	206	204	173	173	216	195	166	166	189	205	203	203	195	199	215	205	186	186	217	217	205	211
ZFONF240	206	206	173	173	216	195	166	166	205	205	203	203	195	195	211	211	186	176	217	217	211	211
ZFONF241	204	220	179	173	216	195	166	166	189	189	203	203	195	199	213	205	186	186	217	217	211	211
ZFONF242	206	206	173	173	216	195	166	166	207	205	203	203	195	199	211	211	186	186	217	217	211	211
ZFONF243	204	204	173	173	216	195	166	166	189	189	203	203	195	195	213	215	186	188	217	217	211	211
ZFONF244	206	204	173	173	195	195	166	166	189	189	203	203	195	191	211	211	186	188	217	217	211	211
ZFONF245	206	220	173	173	216	195	166	166	207	189	203	203	195	195	211	211	176	176	217	217	211	211
ZFOS01	206	206	173	173	198	198	166	178	215	207	203	203	195	187	211	211	190	190	217	217	205	211
ZFOS02	206	218	179	173	198	198	166	178	215	215	203	203	195	187	211	211	186	190	217	220	205	211
ZFOS03	206	204	173	173	198	198	166	184	215	207	203	203	189	195	211	209	188	190	220	223	205	205
ZFOS04	206	204	179	173	198	198	182	178	215	207	203	203	189	195	211	211	186	190	217	217	205	205
ZFOS05	206	206	179	173	198	198	166	178	215	215	203	203	195	187	211	211	186	190	217	217	205	211
ZFOS06	206	204	179	173	198	216	166	166	215	215	203	203	195	195	211	209	186	190	217	217	205	205
ZFOS07	206	206	179	179	198	216	166	182	215	215	203	203	189	187	207	211	188	190	217	217	205	211
ZFOS08	204	218	179	173	198	216	182	182	215	215	203	203	189	195	211	211	186	190	217	217	205	205
ZFOS09	206	206	173	173	198	198	166	178	215	207	203	203	189	195	211	209	186	190	217	220	205	205
ZFOS10	206	206	179	179	198	216	182	178	215	215	203	203	195	187	211	211	190	190	220	220	205	205
ZFOS11	204	204	179	173	198	216	178	186	215	207	203	203	195	195	207	211	190	190	217	217	205	211
ZFOS12	204	204	179	179	198	198	182	184	215	227	203	203	195	187	211	209	186	190	217	217	205	211
ZFOS13	206	206	179	179	198	198	166	166	215	215	203	203	189	195	207	209	190	190	217	217	205	211
ZFOS14	204	204	179	173	198	216	166	178	215	207	203	205	195	187	207	211	190	190	217	220	205	211
ZFOS15	206	206	179	179	198	198	182	184	215	215	203	203	195	195	207	211	190	190	217	217	205	205
ZFOS16	206	206	179	179	198	216	166	178	215	207	203	203	195	195	207	211	186	190	217	220	205	211
ZFOS17	206	204	173	173	198	198	166	166	215	215	203	203	195	187	211	211	190	190	217	220	205	205
ZFOS18	206	206	179	179	198	198	178	184	215	215	203	203	195	195	211	211	190	190	217	220	205	205
ZFOS19	206	206	173	173	198	216	166	182	215	215	203	203	195	187	211	209	190	190	217	217	205	205
ZFOS20	206	206	179	173	198	216	166	182	215	215	203	203	195	195	211	211	186	190	217	220	205	205
ZFOS21	206	206	179	179	216	216	166	178	207	207	203	203	187	187	207	211	190	190	217	217	205	211
ZFOS22	206	206	179	173	198	216	166	184	215	215	203	203	195	195	211	209	190	190	217	217	205	211
ZFOS23	206	206	179	179	198	216	182	182	215	215	203	205	195	187	211	209	190	190	220	220	205	205
ZFOS24	206	206	179	173	216	216	178	184	215	215	203	203	195	195	207	207	190	190	217	217	205	205
ZFOS25	206	204	179	173	198	198	166	178	215	215	203	203	189	195	211	215	190	190	217	217	205	211
ZFOS26	206	204	179	173	198	198	178	178	215	215	203	203	189	195	211	211	186	190	217	217	205	211
ZFOS27	206	204	179	179	198	198	166	184	215	207	203	203	195	195	211	211	186	190	217	217	205	205
ZFOS28	206	204	179	173	198	198	166	178	215	207	203	203	195	187	207	211	190	190	217	220	205	205
ZFOS29	206	204	179	173	216	216	166	182	215	207	203	203	195	195	207	211	186	190	217	220	205	205
ZFOS30	206	206	173	173	198	198	166	166	215	207	203	203	187	187	207	211	190	190	217	217	205	211
ZFOS31	206	204	173	173	198	198	166	166	215	207	203	205	195	187	207	211	188	190	217	217	211	211
ZFOS32	206	206	173	173	198	216	166	178	215	215	203	203	189	195	211	211	186	190	217	220	205	205
ZFPB01	204	204	179	179	207	207	184	184	215	207	203	203	187	201	215	209	188	188	220	220	205	205
ZFPB02	204	204	173	173	207	207	184	184	215	207	203	203	201	201	215	209	186	188	220	220	205	217
ZFPB03	204	204	179	179	207	207	184	184	207	207	203	203	187	201	211	211	188	188	220	220	202	205
ZFPB05	204	204	179	173	207	207	184	184	207	207	203	203	201	201	215	209	188	188	220	220	205	217
ZFPB06	204	204	179	179	207	207	184	184	215	207	203	203	187	201	211	209	188	188	220	220	205	205
ZFPB07	204	204	173	173	207	207	184	184	207	207	203	203	201	201	209	209	186	188	220	220	205	217
ZFPB08	204	204	179	173	207	207	184	184	215	207	203	203	201	201	211	209	186	188	220	220	205	205
ZFPB10	204	204	179	173	207	207	184	184	215	207	203	203	201	201	209	209	188	188	220	220	202	205
ZFPB11	204	204	173	173	207	207	184	184	215	207	203	203	201	201	209	209	188	188	220	220	205	205
ZFPB12	204	204	179	173	207	207	184	184	215	207	203	203	201	201	215	209	188	188	220	220	205	205
ZFPB13	204	204	179	179	207	207	184	184	207	207	203	203	201	201	215	209	186	188	220	220	205	205
ZFPB14	204	204	173	173	207	207	184	184	207	207	203	203	201	201	209	209	186	188	220	220	205	205
ZFPB15	204	204	179	173	207	207	184	184	207	207	203	203	201	201	211	209	186	188	220	220	205	205
ZFPB17	204	204	179	173	207	207	184	184	215	207	203	203	201	201	209	209	188	188	220	220	205	205
ZFPB18	204	204	173	173	207	207	184	184	207	207	203	203	201	201	209	209	188	188	220	220	205	205
ZFPB19	204	204	179	179	207	207	184	184	215	207	203	203	187	201	211	209	186	188	220	220	205	205
ZFPB20	204	204	179	179	207	207	184	184	207	207	203	203	201	201	209	209	188	188	220	220	205	217
ZFPB21	204	204	179	179	207	207	184	184	207	207	203	203	201	201	211	209	186	188	220	220	205	217
ZFPB22	204	204	179	179	207	207	184	184	215	207	203	203	201	201	209	209	188	188	220	220	205	217
ZFPB23	204	204	179	173	207	207	184	184	215	207	203	203	201	201	209	209	186	188	220	220	205	205
ZFSF01	222	206	179	179	198	198	166	178	215	215	205	205	187	187	207	213	184	184	217	217	205	208
ZFSF02	206	206	179	179	198	207	166	178	215	207	205	205	195	187	207	213	184	184	217	217	211	208
ZFSF03	222	206	179	179	198	207	166	178	215	217	203	205	189	187	207	207	184	184	217	220	211	208
ZFSF04	206	224	179	179	198	198	166	166	215	215	203	205	187	187	207	207	184	184	217	220	211	211
ZFSW101	206	204	179	179	198	198	182	178	215	217	203	203	189	189	205	205	184	186	217	220	211	211
ZFSW102	206	204	179	179	198	198	166	182	225	217	203	203	189	187	207	205	184	188	217	217	205	211
ZFSW103	206	204	179	179	198	195	182	178	215	215	203	203	189	187	213	205	184	184	217	220	205	211
ZFSW104	206	206	179	173	198	198	182	182	215	217	-9	-9	189	189	207	213	184	184	217	220	205	211
ZFSW105	206	204	179	179	198	198	166	182	215	225	203	203	189	189	205	205	186	186	217	220	205	211
ZFSW106	204	220	179	179	207	195	166	166	215	225	203	203	189	187	205	209	184	186	217	217	205	205
ZFSW107	204	204	179	179	198	198	166	182	217	217	203	203	189	187	205	205	184	188	217	220	205	211
ZFSW108	206	204	179	179	198	207	166	182	215	217	203	203	187	199	213	205	184	184	217	220	205	205
ZFSW109	206	206	179	179	198	195	166	166	215	217	203	203	187	187	207	205	184	184	220	220	205	205
ZFSW110	206	204	179	179	198	195	182	178	225	217	203	203	189	187	205	205	184	188	217	220	205	211
ZFSW111	206	206	179	179	198	198	166	178	215	217	203	203	189	187	205	205	186	188	217	220	211	211
ZFSW112	206	218	179	179	198	198	166	178	215	215	203	203	189	187	205	205	186	188	217	217	205	205
ZFSW113	206	206	179	179	198	198	182	178	215	225	203	203	189	189	213	209	184	186	217	217	205	211
ZFSW114	206	206	179	179	198	198	166	166	215	217	203	203	189	199	213	205	184	184	217	220	205	211
ZFSW115	206	220	179	179	198	198	166	186	215	225	203	203	189	189	207	205	184	184	217	217	205	211
ZFSW116	204	204	179	179	198	198	166	182	225	217	203	203	189	189	205	209	186	188	217	217	205	211
ZFSW117	206	204	179	179	198	195	166	182	225	217	203	203	189	189	205	209	184	188	217	217	205	211
ZFSW119	206	206	179	179	198	198	166	182	215	227	203	203	187	187	207	205	184	184	217	220	205	205
ZFSW120	206	204	179	179	198	198	166	186	217	227	203	205	187	187	207	207	184	184	220	220	205	205
ZFSW121	206	206	179	173	198	198	166	182	225	225	203	203	187	187	207	205	184	184	220	220	211	211
ZFSW122	222	206	179	179	198	195	166	182	215	217	203	203	189	187	207	207	184	186	217	220	205	205
ZFSW123	222	218	179	179	198	207	166	182	215	217	203	203	189	187	207	205	184	186	217	220	205	205
ZFSW124	222	206	179	179	198	198	166	182	215	215	203	203	189	187	207	207	184	186	217	220	205	205
ZFSW201	204	204	179	179	198	207	166	166	215	215	203	203	187	187	207	213	184	184	217	220	205	205
ZFSW202	204	218	179	179	198	198	166	166	215	225	203	203	187	187	213	205	184	188	217	220	205	205
ZFSW203	206	204	179	179	198	207	166	166	215	215	203	203	187	187	207	205	184	184	217	220	205	205
ZFSW204	204	218	179	179	198	198	166	178	215	215	203	203	187	187	207	205	184	188	217	220	205	205
ZFSW205	204	218	179	179	198	198	166	178	215	215	203	203	189	187	213	213	184	184	217	220	205	205
ZFSW206	204	218	179	179	198	198	166	178	215	215	203	203	199	199	213	205	184	184	217	220	205	205
ZFSW207	218	218	179	179	198	195	166	182	215	215	203	203	187	199	213	205	184	184	217	220	205	205
ZFSW208	204	204	179	179	198	198	166	166	215	217	203	203	199	199	213	205	184	184	217	217	205	205
ZFSW209	204	220	179	179	198	198	166	178	215	215	203	203	187	199	213	205	184	184	217	220	205	205
ZFSW210	204	204	179	179	198	195	166	178	215	215	203	203	187	187	205	205	184	184	217	217	205	205
ZFSW211	204	204	179	179	198	198	178	178	215	215	203	203	187	199	213	205	184	184	217	217	205	205
ZFSW212	204	218	179	179	198	198	166	178	215	215	203	203	187	187	213	205	184	184	217	217	205	205
ZFSW213	204	218	179	179	198	198	166	166	215	215	203	203	187	187	205	205	184	184	217	217	205	205
ZFSW214	206	218	179	179	198	198	166	178	215	215	203	203	187	187	205	205	184	184	217	217	205	205
ZFSW215	206	218	179	179	198	207	166	166	215	215	203	203	189	187	205	205	184	184	217	220	205	205
ZFSW216	204	218	179	179	198	198	178	178	215	215	203	203	187	187	213	205	184	184	217	217	205	205
ZFSW217	206	204	179	179	198	198	166	166	215	215	203	203	187	187	213	205	184	184	217	220	205	205
ZFSW218	218	218	179	179	198	198	166	178	215	215	203	203	187	187	213	205	184	184	217	217	205	205
ZFSW219	204	218	179	179	198	198	178	178	215	215	203	203	187	199	207	205	184	188	217	217	205	205
ZFSW220	204	218	179	179	198	207	166	178	215	215	203	203	187	199	205	205	184	188	217	220	205	205
ZFSW221	204	204	179	179	198	198	166	178	215	215	203	203	187	199	213	205	184	184	217	217	205	205
ZFSW222	204	218	179	179	198	198	166	166	215	225	203	203	187	199	213	205	184	184	220	220	205	205
ZFSW223	204	218	179	179	198	207	166	166	215	215	203	203	199	199	205	205	184	188	217	220	205	205
ZFSW224	204	204	179	179	198	198	166	178	215	215	203	203	187	199	205	205	184	184	217	217	205	205
ZFSW225	204	218	179	179	198	207	166	178	215	215	203	203	187	187	213	213	184	184	217	217	205	205
ZFSW226	204	218	179	179	198	207	166	166	215	215	203	203	187	187	213	205	184	186	217	220	205	205
ZFSW227	204	218	179	179	198	198	166	178	215	215	203	203	187	187	213	205	184	184	217	220	205	205
ZFSW229	204	218	179	179	198	198	166	178	215	215	203	203	187	199	213	213	184	184	217	220	205	205
ZFSW230	218	218	179	179	198	198	166	178	215	207	203	203	187	187	205	205	184	184	217	217	205	205
ZFSW231	204	204	179	179	198	198	166	178	215	215	203	203	187	199	213	205	184	184	217	220	205	205
ZFSW232	204	204	179	179	198	198	166	166	215	225	203	203	189	199	213	205	184	184	217	220	205	205
ZFSW233	206	204	179	179	198	207	166	178	215	215	203	203	187	199	205	205	184	184	220	220	205	211
ZFSW234	218	218	179	179	198	207	166	166	215	215	203	203	187	187	213	205	184	184	217	220	205	205
ZFSW235	204	218	179	179	198	198	166	166	215	215	203	203	187	199	213	213	184	188	217	217	205	205
ZFSW236	218	218	179	179	198	198	166	166	215	215	203	203	187	187	213	205	184	184	217	217	205	205
ZFSW237	206	204	179	179	198	198	166	166	215	215	203	203	187	199	207	205	184	184	217	217	205	205
ZFSW238	218	218	173	173	198	207	166	182	215	215	203	203	187	199	207	205	184	184	217	217	205	205
ZFSW239	218	218	179	179	198	198	166	178	207	217	203	203	187	187	213	205	184	184	217	220	205	205
ZFSW240	204	218	179	179	198	198	166	178	215	215	203	203	187	187	207	213	184	184	220	220	205	205
ZFTS01	222	204	170	170	207	207	182	178	217	217	203	203	187	187	207	209	186	188	220	220	205	211
ZFTS02	204	204	179	170	198	207	166	166	217	217	203	203	187	187	207	207	184	188	217	220	211	211
ZFTS03	204	204	179	170	198	207	166	166	217	217	203	203	187	187	207	207	184	188	217	220	205	211
ZFTS04	222	204	179	170	198	207	166	166	217	217	203	203	187	187	207	209	188	188	220	220	205	211
ZFTS05	204	204	179	179	198	207	184	184	217	217	203	203	187	187	207	209	184	188	217	217	205	211
ZFTS07	204	204	179	170	207	207	166	182	215	217	203	203	187	187	209	209	184	188	220	220	205	211
ZFTS08	222	204	179	170	198	207	166	166	217	217	203	203	187	187	207	209	184	188	217	220	205	205
ZFTS09	222	204	179	170	198	207	178	184	217	217	203	203	187	187	207	209	184	184	220	220	205	205
ZFTS10	204	204	170	170	198	207	182	182	215	217	203	203	187	187	207	213	184	188	217	220	205	211
ZFTS11	222	204	179	170	207	207	166	178	215	217	203	203	187	187	207	207	184	188	220	220	205	211
ZFTS12	204	204	179	170	207	207	166	166	217	217	203	203	187	187	207	209	188	188	217	217	205	205
ZFTS14	204	204	179	170	207	207	166	166	217	217	203	203	187	187	209	209	184	188	217	220	205	211
ZFTS15	204	204	179	179	207	207	182	178	217	217	203	203	187	187	207	209	184	188	220	220	211	211
ZFTS16	204	204	179	170	198	207	182	182	215	217	203	203	187	187	207	213	186	188	217	220	205	211
ZFTS17	204	204	179	170	207	207	166	178	215	215	-9	-9	187	187	207	213	188	188	220	220	205	211
ZFTS18	204	204	179	170	198	207	166	166	217	217	203	203	187	187	207	207	184	188	217	220	205	205
ZFTS19	204	204	179	179	198	207	166	166	215	217	-9	-9	187	187	207	213	184	188	220	220	205	205
ZFTS20	204	204	179	170	198	207	166	166	215	217	203	203	187	187	207	209	184	188	217	220	205	205
ZFTS21	222	204	179	170	207	207	166	166	215	217	203	203	187	187	207	209	184	188	220	220	205	211
ZFTS22	222	204	179	170	207	207	166	166	215	217	203	203	187	187	207	209	184	188	217	220	205	205
ZFTS23	204	204	179	170	198	207	166	166	217	217	203	203	187	187	207	209	188	188	217	220	205	211
ZFTS24	204	204	179	170	198	207	166	166	217	217	203	203	187	187	207	207	188	188	217	220	205	205
ZFTS25	204	204	179	179	207	207	182	178	217	217	203	203	187	187	213	209	184	184	220	220	211	211
ZFTS26	204	204	179	179	198	207	166	166	217	217	203	203	187	187	207	213	184	184	220	220	205	205
ZFTS27	204	204	179	170	198	198	184	184	215	217	203	203	187	187	207	209	184	186	220	220	205	211
ZFTS28	204	204	179	179	198	198	166	184	215	217	203	203	187	187	209	209	186	188	217	220	205	211
ZFTS29	204	204	179	170	198	207	182	184	215	215	203	203	187	187	207	209	184	184	220	220	205	205
ZFTS30	204	204	179	179	198	207	182	184	215	217	203	203	187	187	207	209	184	184	220	220	205	211
ZFTS31	204	204	179	179	198	207	166	184	217	217	203	203	187	187	207	207	188	188	217	220	205	211
ZFTS32	222	204	179	179	198	207	178	184	217	217	203	203	187	187	207	207	184	188	217	220	205	211
ZFTS33	204	204	179	179	198	207	166	178	217	217	203	203	187	187	207	209	184	188	217	220	205	211
ZFTS34	204	204	179	170	198	207	166	166	217	217	203	203	187	187	207	209	184	186	220	220	205	211
ZFTS35	204	204	179	170	198	207	166	182	217	217	203	203	187	187	207	207	184	184	217	217	205	211
ZFTS36	204	204	179	170	207	207	166	166	217	217	203	203	187	187	207	209	184	188	217	220	205	211
ZFTS37	204	204	179	179	198	198	166	184	217	217	203	203	187	187	207	207	184	184	217	220	205	211
ZFTS38	204	204	179	179	198	198	166	182	215	217	203	203	187	187	207	209	184	188	220	220	205	211
ZFTS39	204	204	179	170	207	207	166	166	215	217	203	203	187	187	207	209	184	186	217	220	205	205
ZFTS40	204	204	179	170	198	207	182	184	215	217	203	203	187	187	207	209	184	186	217	217	211	211
ZFTSP101	206	204	179	179	198	195	178	178	215	207	203	203	195	195	211	211	186	186	217	217	202	211
ZFTSP102	204	204	179	179	198	198	166	178	215	215	203	203	195	195	213	215	190	190	217	217	202	211
ZFTSP103	206	204	179	173	198	195	178	178	215	215	203	203	195	195	213	211	190	190	217	217	202	202
ZFTSP104	204	204	173	173	198	195	178	178	215	207	203	203	195	191	213	215	176	192	217	217	211	211
ZFTSP105	204	204	173	173	198	198	166	178	215	207	203	203	195	195	213	213	190	190	217	217	202	202
ZFTSP106	206	208	173	173	198	195	166	178	215	207	203	203	191	193	213	209	186	188	217	217	202	211
ZFTSP107	206	204	173	182	198	195	166	178	215	215	203	203	195	195	215	209	176	190	217	217	202	211
ZFTSP108	206	204	173	173	216	195	166	178	215	205	203	203	195	191	215	209	188	176	217	217	202	211
ZFTSP109	206	204	173	173	198	198	166	178	215	215	203	203	195	191	215	209	176	176	217	217	211	211
ZFTSP110	206	204	179	173	198	195	178	178	215	207	203	203	195	193	213	209	186	190	217	217	211	211
ZFTSP111	204	204	179	182	198	195	178	178	215	207	203	203	195	195	213	211	186	190	217	217	211	211
ZFTSP112	204	204	173	182	198	216	178	178	215	207	203	203	189	195	213	213	188	190	217	217	202	211
ZFTSP113	206	204	179	173	198	195	166	178	215	215	203	203	195	191	215	209	176	192	217	217	211	211
ZFTSP114	204	204	173	182	216	216	178	178	215	207	203	203	195	195	213	209	186	192	217	217	202	211
ZFTSP115	206	204	173	182	198	198	166	178	207	207	203	203	195	195	213	215	188	190	217	217	202	211
ZFTSP116	204	204	179	182	198	198	178	178	215	215	203	203	195	195	211	215	186	190	217	217	211	211
ZFTSP117	204	204	179	179	195	195	178	178	207	207	203	203	189	195	213	215	176	190	217	217	211	211
ZFTSP118	204	204	179	173	198	195	166	178	215	207	203	203	189	195	213	211	192	190	217	217	202	202
ZFTSP119	204	208	179	173	198	195	166	166	207	207	203	203	195	195	211	215	184	176	217	217	202	211
ZFTSP120	204	204	179	182	198	216	166	178	207	207	203	203	189	189	213	211	186	190	217	217	202	202
ZFTSP121	204	204	179	179	207	195	166	178	215	215	203	203	195	195	213	215	176	190	217	217	202	211
ZFTSP122	204	204	173	173	198	195	166	178	215	207	203	203	195	195	211	211	186	190	217	217	202	211
ZFTSP123	204	204	173	173	195	195	178	178	207	207	203	203	189	195	215	209	186	190	217	217	211	211
ZFTSP124	206	204	173	173	198	195	178	178	207	207	203	203	195	195	211	209	186	190	217	217	211	211
ZFTSP125	206	204	173	173	195	195	166	178	207	207	203	203	195	195	215	209	186	176	217	217	202	211
ZFTSP126	204	204	179	173	198	195	166	178	215	207	203	203	195	191	215	209	186	190	217	217	211	211
ZFTSP127	204	204	173	173	198	195	166	178	207	207	203	203	195	195	211	209	176	190	217	217	211	211
ZFTSP128	206	204	179	179	195	195	178	178	207	207	203	203	195	195	215	209	190	190	217	217	211	211
ZFTSP129	206	204	173	173	198	195	178	178	215	207	203	203	189	195	211	211	186	190	217	217	211	211
ZFTSP130	204	204	173	173	195	195	166	178	207	207	203	203	195	195	213	209	176	190	217	217	202	211
ZFTSP131	206	204	173	173	198	195	178	178	207	207	203	203	195	195	213	213	186	190	217	217	202	211
ZFTSP132	204	204	179	179	198	216	178	178	215	215	203	203	195	191	213	211	186	176	217	217	211	211
ZFTSP133	206	204	173	173	198	216	166	166	207	207	203	203	195	195	211	211	186	176	217	217	202	211
ZFTSP134	204	204	173	173	195	195	166	178	215	215	203	203	195	191	211	211	176	190	217	217	211	211
ZFTSP135	204	204	173	173	198	198	166	178	207	207	203	203	195	195	213	213	186	190	217	217	202	202
ZFTSP136	204	204	179	173	198	195	166	166	207	207	203	203	195	191	213	213	186	190	217	217	202	202
ZFTSP137	204	204	179	173	207	216	166	166	215	207	203	203	195	191	213	209	186	190	217	217	202	211
ZFTSP138	204	204	179	179	198	195	166	178	207	207	203	203	195	195	211	209	186	190	217	217	211	211
ZFTSP139	204	204	173	173	195	195	166	178	207	207	203	203	195	195	213	211	186	186	217	217	202	211
ZFTSP140	204	204	179	173	198	198	166	178	207	207	203	203	195	195	213	209	188	190	217	217	202	211
ZFTSP141	204	204	179	173	195	195	166	166	215	215	203	203	195	195	213	213	186	188	217	217	202	211
ZFTSP142	204	204	179	173	198	198	178	178	215	215	203	203	195	191	213	215	190	190	217	217	202	202
ZFTSP143	206	204	179	173	198	195	166	178	215	207	203	203	195	195	213	213	186	190	217	217	211	211
ZFTSP144	204	204	179	179	198	198	166	178	215	207	203	203	189	195	213	215	190	190	217	217	211	211
ZFTSP145	204	204	179	173	195	195	166	178	215	207	203	203	195	195	213	211	190	190	217	217	202	211
ZFTSP201	204	204	173	173	198	216	166	178	215	207	203	203	191	193	-9	-9	186	188	217	217	211	211
ZFTSP202	204	204	179	173	216	195	184	184	215	205	203	203	195	195	213	213	186	190	217	217	211	211
ZFTSP203	204	204	179	179	198	216	178	178	215	207	203	203	191	193	213	211	186	186	217	217	211	211
ZFTSP204	204	218	179	179	216	195	166	178	215	207	203	203	189	193	213	211	186	190	217	217	211	211
ZFTSP205	204	204	179	179	198	216	178	184	215	207	203	203	195	193	213	205	186	190	217	217	211	211
ZFTSP206	206	204	179	173	198	216	166	178	215	207	203	203	189	191	213	205	186	188	217	217	211	211
ZFTSP207	206	204	179	173	198	198	178	178	215	207	203	203	189	193	213	205	186	186	217	217	211	211
ZFTSP208	204	204	179	179	198	198	166	178	215	207	203	203	189	183	211	205	186	186	217	217	202	211
ZFTSP209	204	204	179	173	198	198	166	166	207	207	203	203	195	195	213	211	186	190	217	217	211	211
ZFTSP210	204	204	179	179	198	198	166	178	207	207	203	203	195	193	213	211	186	176	217	217	211	211
ZFTSP211	204	204	179	173	198	195	178	184	215	207	203	203	189	191	213	213	190	190	217	217	211	211
ZFTSP212	204	204	173	182	195	195	178	178	207	207	203	203	195	195	211	205	186	190	217	217	211	211
ZFTSP213	204	204	179	173	195	195	178	178	207	207	203	203	195	193	209	209	186	190	217	217	202	211
ZFTSP214	206	204	179	173	198	195	178	178	215	215	203	203	195	195	211	215	186	190	217	217	202	202
ZFTSP215	204	204	179	179	198	216	180	178	215	207	203	203	195	195	213	211	186	190	217	217	202	211
ZFTSP216	204	204	179	173	207	216	178	184	215	215	203	203	189	191	213	211	186	190	217	217	202	211
ZFTSP217	204	204	179	173	198	198	178	178	207	207	203	203	195	193	215	209	186	176	217	217	202	211
ZFTSP218	206	204	179	173	198	195	166	178	215	207	203	203	195	191	213	209	186	186	217	217	202	211
ZFTSP219	206	204	179	173	198	198	166	178	215	207	203	203	195	195	213	213	186	188	217	217	202	211
ZFTSP220	204	204	179	173	198	207	166	166	207	207	203	203	191	193	211	211	188	190	217	217	202	202
ZFTSP221	204	204	179	173	216	195	180	178	215	215	203	203	191	193	213	215	186	188	217	217	211	211
ZFTSP222	204	204	179	173	198	207	178	184	215	207	203	203	195	193	211	209	186	176	217	217	211	211
ZFTSP223	204	204	173	182	195	195	178	178	207	207	203	203	195	195	213	209	186	190	217	217	202	202
ZFTSP224	204	204	179	173	216	195	178	178	215	207	203	203	195	195	211	215	176	190	217	217	202	211
ZFTSP225	204	204	173	173	195	195	166	178	215	215	203	203	195	193	213	213	186	186	217	217	202	211
ZFTSP226	204	204	173	173	198	195	178	178	215	215	203	203	195	195	213	211	186	176	217	217	202	202
ZFTSP227	206	204	179	179	198	198	166	184	207	207	203	203	195	193	211	209	186	176	217	217	211	211
ZFTSP228	204	204	179	173	198	198	178	184	215	215	203	203	195	191	213	211	186	190	217	217	202	211
ZFW01	206	218	179	179	198	198	166	178	215	225	203	203	189	187	213	213	184	186	220	220	205	205
ZFW02	206	218	179	179	198	213	166	166	215	225	203	203	189	199	213	213	184	188	220	220	205	205
ZFW03	218	218	179	179	198	213	166	182	215	225	203	203	189	199	213	213	184	184	217	220	202	205
ZFW04	206	218	179	179	198	207	166	166	215	215	203	205	189	187	213	213	184	188	220	220	205	205
ZFW05	206	220	179	179	198	207	166	182	215	215	203	205	195	187	213	213	184	184	217	220	202	205
ZFW06	206	218	179	179	198	207	178	184	215	215	205	205	187	199	213	213	186	188	220	220	205	205
ZFWB01	204	204	179	173	198	198	166	166	215	225	203	203	195	187	215	209	184	188	217	217	211	211
ZFWB02	206	204	179	179	198	198	166	182	215	215	203	203	189	199	215	209	184	184	217	217	202	208
ZFWB03	206	204	173	173	198	198	166	166	215	215	203	205	195	195	213	209	184	184	217	217	208	208
ZFWB05	204	204	173	173	198	195	166	166	225	225	203	203	187	187	207	209	184	186	217	220	211	208
ZFWB06	204	204	179	179	198	198	166	166	215	225	203	203	195	187	215	209	184	184	217	217	211	211
ZFWB07	206	204	179	173	198	207	166	166	215	225	203	203	195	199	215	209	184	188	217	217	211	208
ZFWB10	204	204	173	173	198	195	166	166	215	225	203	205	187	187	215	209	184	188	217	220	211	211
ZFWB11	204	204	173	173	198	207	166	166	215	227	203	203	195	187	209	209	184	188	217	217	211	208
ZFWB12	206	204	173	173	198	198	166	166	215	215	203	205	195	195	213	209	184	184	217	217	202	208
ZFWB13	206	204	173	173	198	195	166	166	215	225	-9	-9	195	187	211	209	184	188	217	217	202	208
ZFWB14	204	204	173	173	198	198	166	178	215	225	203	203	195	187	215	209	184	184	217	217	211	211
ZFWB15	206	204	-9	-9	198	207	166	166	215	225	203	205	195	199	213	209	184	188	217	217	211	211
ZFWB18	204	204	173	173	198	198	166	178	215	225	203	203	195	195	209	209	184	188	217	217	211	208
ZFWB19	206	204	179	173	198	207	166	182	215	225	203	205	195	199	209	209	184	184	217	217	211	208
ZFWB20	204	204	179	173	198	198	178	178	225	225	203	205	195	187	215	209	184	188	217	217	211	208
ZFWB21	206	204	179	173	198	198	166	178	215	215	203	205	195	199	209	209	188	188	217	217	211	208
ZFWB22	204	204	179	173	198	198	178	178	215	225	203	205	195	187	213	209	184	188	217	217	202	211
ZFWB23	206	204	179	179	198	195	166	166	215	225	203	203	195	195	215	209	188	188	217	217	211	211
ZFWB24	204	204	173	173	198	198	182	178	215	225	205	205	195	195	215	215	184	188	217	217	211	211
ZFWB25	204	204	179	173	198	198	166	178	215	225	203	205	187	187	215	209	184	188	217	217	211	211
ZFWB26	204	204	179	173	198	198	178	178	215	225	203	203	195	187	213	209	184	184	217	217	208	208
ZFWB27	204	204	179	179	198	198	166	178	215	215	203	203	195	199	209	209	184	184	217	217	211	208
ZFWB29	206	204	173	173	198	207	166	182	215	225	203	205	195	187	207	213	184	184	217	217	211	208
ZFWB30	206	204	173	173	198	207	166	182	215	227	203	203	195	195	207	209	184	188	217	217	211	208
ZFWB31	204	204	173	173	198	198	166	178	215	215	203	203	195	195	209	209	184	184	217	217	211	208
ZFWB32	206	204	179	173	198	198	166	166	215	215	203	203	-9	-9	209	209	184	184	217	220	211	208
ZFWB35	204	204	173	173	198	198	166	178	215	215	203	203	195	195	209	209	184	184	217	217	208	208
ZFWB36	204	204	179	173	198	198	166	166	215	215	203	203	195	199	213	209	184	188	217	217	208	208
ZFWB37	204	204	179	173	198	198	166	178	215	227	203	203	195	195	213	209	184	184	217	217	208	208
ZFWB38	204	204	173	173	198	198	166	178	215	225	203	203	187	199	213	209	184	184	217	217	211	208
ZFWB39	204	204	-9	-9	198	198	166	166	215	215	203	203	195	195	209	209	184	188	217	217	211	208
ZFWB40	206	204	173	173	198	207	166	166	215	225	203	203	195	195	207	209	184	188	217	217	211	208
ZFWB41	206	204	-9	-9	198	207	166	166	215	225	203	203	195	195	213	209	184	188	217	217	211	208
ZFWB42	204	204	173	173	198	198	166	166	215	225	203	203	195	195	209	209	184	184	217	217	211	208
ZFWB43	204	204	173	173	198	198	166	178	215	215	203	203	195	199	209	209	184	184	217	217	208	208
ZFWB44	204	204	179	179	198	198	166	178	215	215	203	203	199	199	213	209	184	184	217	217	205	208
ZFWB46	204	204	173	173	198	198	166	182	215	215	203	203	195	199	207	209	184	184	217	217	211	208
ZFWB47	206	204	-9	-9	198	198	166	166	215	215	203	203	195	199	213	209	184	184	217	220	211	208
ZFWB48	204	204	173	173	198	198	166	182	215	189	203	203	195	195	207	209	184	188	217	217	211	208
ZFWB49	204	204	173	173	198	198	166	166	215	215	203	203	195	191	207	209	184	176	217	217	211	208
ZCF01	222	204	179	179	207	207	184	184	215	215	203	203	195	187	213	209	184	188	217	217	202	208
ZCF02	222	204	179	173	207	207	182	178	215	215	203	205	187	187	213	215	184	188	217	220	205	208
ZCF03	204	204	179	179	207	207	178	178	215	207	203	203	195	187	209	209	184	188	217	220	205	208
ZCF04	220	220	179	179	207	207	182	184	215	207	203	203	193	201	211	215	184	182	217	220	205	208
ZCF05	222	222	179	173	207	207	182	178	215	215	203	203	187	199	207	209	184	184	217	217	205	205
ZCF06	220	210	179	173	198	207	182	184	215	215	203	203	195	193	211	209	188	190	220	220	205	211
ZCF07	222	204	179	179	198	207	182	178	215	215	203	203	199	199	215	209	184	184	217	217	202	208
ZCF08	204	204	179	179	207	207	166	184	215	215	203	205	199	201	211	215	176	182	217	217	208	208
ZCF09	204	204	173	173	207	207	184	184	215	189	203	203	195	183	207	211	186	190	217	220	202	211
ZCF10	204	204	179	179	207	219	166	184	215	215	203	203	195	199	213	209	184	176	217	217	205	211
ZCF11	204	204	179	179	198	207	178	178	215	215	203	203	199	199	209	209	184	186	217	217	205	208
ZCF12	204	220	179	179	198	219	182	182	215	189	203	203	201	201	207	209	188	182	220	220	205	211
ZCF13	204	220	179	179	207	219	166	166	215	189	203	203	187	193	215	209	184	182	217	220	205	208
ZCF14	204	220	179	179	198	207	182	178	215	215	203	203	187	199	207	211	186	188	217	220	211	211
ZCF15	204	220	173	173	198	207	182	178	215	215	203	203	195	199	209	209	184	188	217	220	205	205
ZCF16	204	204	179	179	210	210	178	184	215	215	203	203	195	187	215	209	184	188	217	217	205	214
ZCF17	204	220	179	179	198	219	182	178	215	215	203	203	195	187	209	209	184	182	217	217	208	208
ZCF18	204	204	179	173	198	207	166	184	215	189	203	203	187	193	209	217	184	182	217	220	205	205
ZCF19	224	220	179	173	198	198	178	184	215	215	203	203	187	199	207	209	188	188	220	220	205	211
ZCF20	204	220	179	179	198	207	178	178	215	215	203	203	187	199	213	209	186	188	217	217	208	208
ZCF21	204	204	179	173	198	207	178	184	215	215	203	203	195	199	207	209	184	176	220	220	205	205
ZCF22	202	220	179	173	198	198	178	184	215	217	203	203	187	199	213	211	184	182	217	217	202	208
ZCF23	204	204	179	179	207	207	178	184	215	189	203	203	187	199	213	215	184	184	217	217	208	208
ZCF24	204	204	179	173	207	207	178	184	215	189	203	203	195	201	207	215	190	182	217	217	211	208
ZCF25	222	204	179	176	207	207	182	178	215	215	203	203	195	193	211	211	184	182	217	220	211	208
ZCF26	204	210	173	176	207	207	178	178	215	215	203	203	187	193	207	207	190	182	217	217	205	214
ZCF27	204	220	179	179	198	207	182	178	215	215	203	203	195	199	215	209	184	188	217	220	205	208
ZCF28	222	204	179	179	207	210	166	184	215	215	203	203	187	187	211	209	184	184	217	217	208	208
ZCF29	204	204	173	173	207	195	182	184	215	215	203	203	187	201	209	209	188	188	217	220	205	211
ZCF30	220	220	179	179	207	210	166	178	215	215	203	203	195	199	211	209	184	182	217	220	205	208
ZCF31	204	220	173	173	207	207	182	184	215	215	203	205	187	183	209	209	184	184	217	217	205	208
ZCF32	204	204	179	179	198	210	178	184	217	217	203	203	187	193	211	209	184	188	217	220	205	208
ZCF33	222	204	179	179	207	210	182	184	189	217	203	203	187	187	213	209	182	182	217	217	205	205
ZCF34	204	204	179	179	207	207	166	178	215	215	203	203	193	193	207	209	188	176	217	217	211	211
ZCF35	204	220	173	173	207	219	184	184	215	207	203	203	187	193	213	209	188	182	217	217	205	214
ZCF36	204	220	179	179	207	207	182	178	215	215	203	203	187	183	213	213	184	188	217	217	205	205
ZCF37	204	204	179	179	198	198	184	184	215	217	203	203	199	201	213	209	188	176	217	217	208	208
ZCF38	222	204	173	173	198	207	166	184	215	215	203	203	193	199	211	209	184	182	217	217	205	208
ZCF39	204	204	179	179	198	207	178	178	215	207	203	203	193	199	215	209	176	176	217	217	211	211
ZCF40	204	204	179	179	198	210	178	178	215	215	203	203	195	193	211	209	184	188	217	217	205	208
ZCF41	204	204	179	179	207	207	178	184	215	215	203	203	195	187	207	217	184	188	217	217	205	205
ZCF42	206	204	179	173	207	207	182	184	215	215	203	203	195	201	209	209	184	190	217	220	211	208
